24 0.946875 0.500000 0.945312 0.500000 0.943750 0.501389 0.942187 0.504167 0.941406 0.506944 0.942969 0.506944 0.943750 0.504167 0.946094 0.505556 0.947656 0.504167 0.948438 0.501389 0.948438 0.498611 0.946875 0.500000
24 0.943750 0.454167 0.945312 0.455556 0.942969 0.459722 0.939844 0.463889 0.938281 0.465278 0.936719 0.465278 0.934375 0.468056 0.932031 0.472222 0.927344 0.476389 0.921875 0.479167 0.919531 0.479167 0.917969 0.480556 0.918750 0.483333 0.922656 0.483333 0.925781 0.484722 0.928125 0.486111 0.930469 0.487500 0.932031 0.490278 0.934375 0.491667 0.938281 0.491667 0.941406 0.488889 0.946094 0.488889 0.948438 0.487500 0.950781 0.486111 0.953906 0.480556 0.954688 0.477778 0.955469 0.475000 0.955469 0.469444 0.953125 0.465278 0.952344 0.465278 0.949219 0.459722 0.949219 0.458333 0.946875 0.454167 0.943750 0.454167
24 0.943750 0.447222 0.943750 0.450000 0.947656 0.450000 0.948438 0.448611 0.950000 0.448611 0.948438 0.448611 0.947656 0.447222 0.943750 0.447222
24 0.944531 0.427778 0.942969 0.434722 0.943750 0.440278 0.942969 0.441667 0.954688 0.443056 0.951562 0.438889 0.951562 0.436111 0.950781 0.434722 0.950781 0.431944 0.949219 0.429167 0.947656 0.429167 0.944531 0.427778
24 0.785937 0.408333 0.784375 0.409722 0.786719 0.409722 0.787500 0.411111 0.796094 0.411111 0.794531 0.409722 0.792188 0.409722 0.791406 0.411111 0.789062 0.411111 0.787500 0.408333 0.785937 0.408333
24 0.303906 0.393056 0.300781 0.393056 0.305469 0.394444 0.305469 0.390278 0.303906 0.393056
24 0.296875 0.390278 0.296875 0.393056 0.299219 0.393056 0.299219 0.390278 0.296875 0.390278
24 0.692187 0.350000 0.692187 0.354167 0.693750 0.352778 0.692969 0.345833 0.692187 0.350000
24 0.692969 0.331944 0.691406 0.333333 0.691406 0.340278 0.693750 0.340278 0.692969 0.336111 0.692969 0.331944
24 0.691406 0.322222 0.692969 0.325000 0.692969 0.320833 0.691406 0.322222
24 0.617188 0.295833 0.617188 0.304167 0.618750 0.306944 0.621875 0.305556 0.619531 0.304167 0.620313 0.302778 0.619531 0.291667 0.617188 0.295833
24 0.720313 0.287500 0.719531 0.290278 0.722656 0.291667 0.721875 0.309722 0.720313 0.322222 0.720313 0.325000 0.721094 0.337500 0.721094 0.333333 0.721875 0.331944 0.721875 0.311111 0.723437 0.290278 0.727344 0.290278 0.726562 0.287500 0.722656 0.286111 0.720313 0.287500
24 0.907031 0.252778 0.907813 0.255556 0.909375 0.256944 0.909375 0.252778 0.907031 0.252778
24 0.910937 0.251389 0.910937 0.256944 0.914062 0.252778 0.912500 0.252778 0.910937 0.251389
24 0.856250 0.204167 0.855469 0.206944 0.855469 0.211111 0.857812 0.209722 0.857031 0.206944 0.856250 0.204167
24 0.848437 0.122222 0.849219 0.172222 0.849219 0.179167 0.847656 0.194444 0.848437 0.202778 0.848437 0.205556 0.847656 0.229167 0.846875 0.240278 0.847656 0.241667 0.847656 0.251389 0.853125 0.251389 0.854688 0.250000 0.854688 0.245833 0.855469 0.244444 0.855469 0.227778 0.857031 0.223611 0.855469 0.222222 0.853125 0.222222 0.850781 0.218056 0.850000 0.213889 0.850781 0.205556 0.850781 0.202778 0.850000 0.198611 0.851562 0.197222 0.852344 0.195833 0.852344 0.193056 0.853125 0.190278 0.851562 0.187500 0.851562 0.186111 0.850781 0.184722 0.850000 0.184722 0.849219 0.179167 0.850781 0.180556 0.851562 0.177778 0.850000 0.179167 0.849219 0.176389 0.852344 0.170833 0.856250 0.166667 0.857031 0.162500 0.857031 0.155556 0.857031 0.130556 0.856250 0.120833 0.848437 0.122222
24 0.916406 0.033333 0.916406 0.054167 0.917188 0.055556 0.916406 0.127778 0.917188 0.188889 0.917188 0.193056 0.917188 0.216667 0.916406 0.219444 0.916406 0.220833 0.914844 0.222222 0.914844 0.219444 0.914062 0.218056 0.913281 0.145833 0.913281 0.144444 0.914844 0.148611 0.915625 0.144444 0.913281 0.144444 0.913281 0.145833 0.914062 0.143056 0.912500 0.140278 0.912500 0.133333 0.912500 0.112500 0.913281 0.104167 0.913281 0.087500 0.913281 0.077778 0.912500 0.076389 0.912500 0.066667 0.913281 0.052778 0.913281 0.051389 0.914062 0.045833 0.914062 0.041667 0.911719 0.044444 0.913281 0.051389 0.913281 0.052778 0.910937 0.052778 0.910937 0.050000 0.911719 0.048611 0.912500 0.043056 0.911719 0.040278 0.913281 0.040278 0.914844 0.036111 0.914844 0.034722 0.916406 0.033333
19 0.885156 0.669444 0.885156 0.672222 0.886719 0.672222 0.886719 0.669444 0.885156 0.669444
19 0.997656 0.662500 0.999219 0.670833 0.999219 0.662500 0.997656 0.662500
19 0.576562 0.655556 0.575000 0.656944 0.575000 0.659722 0.577344 0.659722 0.578906 0.655556 0.576562 0.655556
19 0.855469 0.587500 0.860156 0.587500 0.861719 0.591667 0.864844 0.591667 0.863281 0.588889 0.863281 0.587500 0.861719 0.586111 0.860938 0.588889 0.858594 0.586111 0.855469 0.587500
19 0.897656 0.579167 0.898438 0.581944 0.900000 0.583333 0.901563 0.583333 0.899219 0.579167 0.897656 0.579167
19 0.917969 0.573611 0.915625 0.575000 0.914062 0.576389 0.911719 0.580556 0.910156 0.581944 0.908594 0.581944 0.907031 0.584722 0.903906 0.584722 0.906250 0.584722 0.907031 0.586111 0.914844 0.586111 0.917188 0.581944 0.917969 0.580556 0.919531 0.576389 0.918750 0.575000 0.921094 0.572222 0.917969 0.573611
19 0.000000 0.525000 0.000000 0.529167 0.007031 0.527778 0.007812 0.526389 0.009375 0.526389 0.007812 0.526389 0.007031 0.525000 0.000000 0.525000
19 0.918750 0.520833 0.916406 0.522222 0.914844 0.523611 0.911719 0.527778 0.912500 0.530556 0.919531 0.530556 0.923438 0.529167 0.927344 0.527778 0.925781 0.526389 0.924219 0.523611 0.922656 0.522222 0.920312 0.520833 0.918750 0.520833
19 0.718750 0.497222 0.717969 0.504167 0.717969 0.506944 0.718750 0.504167 0.718750 0.497222
19 0.672656 0.498611 0.674219 0.500000 0.673438 0.497222 0.672656 0.498611
19 0.660156 0.491667 0.661719 0.493056 0.661719 0.490278 0.660156 0.491667
19 0.047656 0.486111 0.046875 0.488889 0.046875 0.491667 0.050781 0.491667 0.053906 0.488889 0.053125 0.486111 0.049219 0.487500 0.047656 0.486111
19 0.637500 0.470833 0.639844 0.475000 0.643750 0.475000 0.646094 0.476389 0.649219 0.480556 0.653125 0.480556 0.649219 0.479167 0.645312 0.475000 0.641406 0.473611 0.639062 0.472222 0.637500 0.470833
19 0.673438 0.465278 0.670312 0.473611 0.669531 0.475000 0.667188 0.477778 0.664062 0.484722 0.660156 0.484722 0.662500 0.487500 0.664844 0.490278 0.666406 0.490278 0.667969 0.493056 0.671094 0.494444 0.674219 0.494444 0.676562 0.497222 0.680469 0.498611 0.685156 0.498611 0.686719 0.501389 0.689063 0.500000 0.690625 0.502778 0.689844 0.500000 0.687500 0.500000 0.685156 0.497222 0.681250 0.498611 0.678125 0.495833 0.675781 0.494444 0.672656 0.491667 0.671094 0.488889 0.671875 0.484722 0.674219 0.480556 0.675000 0.475000 0.674219 0.469444 0.675000 0.466667 0.673438 0.465278
19 0.112500 0.465278 0.111719 0.466667 0.107031 0.469444 0.110156 0.469444 0.112500 0.468056 0.112500 0.465278 0.114062 0.465278 0.112500 0.465278
19 0.124219 0.461111 0.123438 0.462500 0.121875 0.462500 0.124219 0.462500 0.125000 0.461111 0.127344 0.461111 0.124219 0.461111
19 0.611719 0.455556 0.614062 0.458333 0.614844 0.458333 0.617188 0.461111 0.619531 0.462500 0.622656 0.461111 0.621094 0.459722 0.617188 0.459722 0.613281 0.455556 0.611719 0.455556
19 0.604688 0.452778 0.606250 0.454167 0.609375 0.454167 0.607031 0.452778 0.606250 0.451389 0.604688 0.452778
19 0.590625 0.441667 0.592969 0.443056 0.594531 0.443056 0.593750 0.440278 0.590625 0.441667
19 0.578906 0.444444 0.578125 0.445833 0.578125 0.450000 0.581250 0.450000 0.581250 0.448611 0.582812 0.445833 0.585156 0.447222 0.587500 0.451389 0.589063 0.452778 0.595313 0.452778 0.596875 0.454167 0.599219 0.458333 0.600781 0.459722 0.603906 0.459722 0.606250 0.461111 0.607812 0.463889 0.616406 0.470833 0.618750 0.472222 0.628906 0.476389 0.631250 0.479167 0.634375 0.479167 0.637500 0.483333 0.639844 0.484722 0.642188 0.484722 0.644531 0.487500 0.647656 0.487500 0.650781 0.488889 0.656250 0.494444 0.660156 0.497222 0.665625 0.500000 0.669531 0.500000 0.671875 0.505556 0.675781 0.508333 0.681250 0.509722 0.685937 0.512500 0.688281 0.513889 0.689844 0.516667 0.692187 0.515278 0.691406 0.511111 0.692969 0.512500 0.692969 0.513889 0.696094 0.515278 0.696875 0.518056 0.698438 0.518056 0.699219 0.512500 0.695312 0.509722 0.692187 0.504167 0.693750 0.506944 0.695312 0.508333 0.696875 0.508333 0.698438 0.511111 0.702344 0.511111 0.705469 0.505556 0.705469 0.509722 0.707812 0.511111 0.709375 0.508333 0.707031 0.512500 0.704688 0.512500 0.703906 0.511111 0.700000 0.512500 0.700781 0.515278 0.700781 0.519444 0.703906 0.522222 0.714844 0.520833 0.716406 0.523611 0.718750 0.523611 0.719531 0.525000 0.721875 0.523611 0.720313 0.522222 0.719531 0.520833 0.717969 0.519444 0.721094 0.522222 0.724219 0.522222 0.727344 0.523611 0.728906 0.526389 0.730469 0.523611 0.733594 0.523611 0.735156 0.520833 0.735938 0.519444 0.737500 0.515278 0.740625 0.512500 0.745313 0.509722 0.747656 0.509722 0.749219 0.511111 0.751563 0.515278 0.753906 0.516667 0.755469 0.518056 0.755469 0.520833 0.758594 0.526389 0.760156 0.527778 0.762500 0.527778 0.764062 0.530556 0.765625 0.537500 0.767188 0.540278 0.768750 0.541667 0.772656 0.541667 0.785156 0.548611 0.787500 0.551389 0.796875 0.555556 0.800781 0.555556 0.805469 0.556944 0.808594 0.561111 0.812500 0.559722 0.814844 0.561111 0.817969 0.563889 0.823438 0.565278 0.826562 0.563889 0.831250 0.565278 0.833594 0.561111 0.835156 0.562500 0.837500 0.563889 0.846875 0.565278 0.849219 0.565278 0.850000 0.563889 0.853125 0.563889 0.856250 0.561111 0.856250 0.559722 0.857812 0.555556 0.860156 0.552778 0.864062 0.550000 0.866406 0.545833 0.867969 0.544444 0.871094 0.545833 0.875781 0.550000 0.877344 0.551389 0.879687 0.548611 0.885156 0.548611 0.892188 0.545833 0.895312 0.543056 0.899219 0.544444 0.899219 0.547222 0.897656 0.548611 0.899219 0.551389 0.900781 0.551389 0.898438 0.555556 0.897656 0.565278 0.896875 0.565278 0.895312 0.568056 0.890625 0.569444 0.889844 0.570833 0.888281 0.572222 0.891406 0.576389 0.889062 0.579167 0.886719 0.583333 0.885156 0.584722 0.886719 0.581944 0.885156 0.579167 0.884375 0.576389 0.883594 0.579167 0.883594 0.584722 0.882031 0.584722 0.879687 0.583333 0.878125 0.580556 0.876563 0.579167 0.874219 0.579167 0.872656 0.576389 0.867969 0.577778 0.865625 0.577778 0.860938 0.576389 0.856250 0.573611 0.852344 0.573611 0.851562 0.572222 0.848437 0.572222 0.845313 0.575000 0.838281 0.576389 0.835938 0.576389 0.830469 0.573611 0.814063 0.575000 0.815625 0.576389 0.816406 0.579167 0.821875 0.577778 0.824219 0.579167 0.825781 0.581944 0.831250 0.581944 0.838281 0.580556 0.840625 0.583333 0.843750 0.584722 0.850781 0.586111 0.853125 0.587500 0.857031 0.593056 0.860156 0.594444 0.868750 0.593056 0.873437 0.594444 0.878906 0.593056 0.878906 0.595833 0.876563 0.594444 0.875000 0.597222 0.875781 0.600000 0.877344 0.597222 0.878906 0.595833 0.878906 0.593056 0.884375 0.594444 0.886719 0.598611 0.888281 0.600000 0.889844 0.601389 0.891406 0.601389 0.889844 0.604167 0.893750 0.608333 0.895312 0.608333 0.896094 0.606944 0.897656 0.606944 0.903125 0.612500 0.906250 0.613889 0.907031 0.611111 0.909375 0.612500 0.911719 0.615278 0.916406 0.615278 0.920312 0.619444 0.924219 0.619444 0.925781 0.623611 0.931250 0.625000 0.934375 0.627778 0.943750 0.629167 0.946875 0.630556 0.949219 0.633333 0.950000 0.637500 0.948438 0.640278 0.948438 0.644444 0.952344 0.645833 0.953125 0.640278 0.951562 0.637500 0.950000 0.637500 0.949219 0.633333 0.953906 0.634722 0.957812 0.636111 0.967969 0.634722 0.968750 0.636111 0.977344 0.634722 0.974219 0.640278 0.971875 0.637500 0.966406 0.637500 0.964844 0.638889 0.963281 0.641667 0.967187 0.643056 0.971094 0.645833 0.976562 0.647222 0.978906 0.645833 0.979688 0.643056 0.978906 0.634722 0.981250 0.633333 0.992188 0.633333 0.993750 0.637500 0.994531 0.633333 0.999219 0.634722 0.999219 0.652778 0.996875 0.652778 0.995313 0.650000 0.995313 0.648611 0.993750 0.645833 0.991406 0.650000 0.989844 0.651389 0.988281 0.651389 0.987500 0.650000 0.985938 0.650000 0.985938 0.648611 0.986719 0.645833 0.987500 0.644444 0.987500 0.640278 0.985938 0.637500 0.984375 0.640278 0.984375 0.644444 0.985156 0.645833 0.985938 0.648611 0.985938 0.650000 0.985156 0.655556 0.984375 0.656944 0.985156 0.661111 0.987500 0.662500 0.989062 0.663889 0.989062 0.666667 0.990625 0.670833 0.992188 0.675000 0.993750 0.677778 0.995313 0.679167 0.999219 0.675000 0.999219 0.686111 0.989844 0.686111 0.936719 0.679167 0.925781 0.677778 0.923438 0.676389 0.919531 0.669444 0.917188 0.668056 0.905469 0.662500 0.900781 0.662500 0.897656 0.659722 0.890625 0.656944 0.887500 0.656944 0.878125 0.658333 0.871094 0.661111 0.872656 0.662500 0.873437 0.663889 0.876563 0.663889 0.878906 0.665278 0.880469 0.668056 0.882812 0.669444 0.881250 0.670833 0.872656 0.670833 0.866406 0.669444 0.864844 0.665278 0.861719 0.665278 0.860938 0.668056 0.851562 0.668056 0.821875 0.666667 0.792188 0.665278 0.762500 0.662500 0.732812 0.661111 0.703125 0.659722 0.582031 0.659722 0.580469 0.658333 0.582031 0.656944 0.587500 0.655556 0.593750 0.655556 0.596094 0.654167 0.597656 0.651389 0.596875 0.650000 0.596875 0.645833 0.596875 0.643056 0.592187 0.643056 0.592187 0.644444 0.590625 0.647222 0.589063 0.648611 0.585938 0.648611 0.586719 0.645833 0.585938 0.643056 0.583594 0.640278 0.580469 0.636111 0.578906 0.634722 0.579688 0.633333 0.582812 0.636111 0.584375 0.636111 0.585938 0.633333 0.587500 0.631944 0.588281 0.636111 0.589844 0.638889 0.591406 0.640278 0.592969 0.638889 0.594531 0.637500 0.593750 0.634722 0.592187 0.631944 0.590625 0.631944 0.589063 0.629167 0.587500 0.629167 0.585938 0.626389 0.584375 0.626389 0.583594 0.627778 0.582031 0.625000 0.578906 0.625000 0.575781 0.630556 0.575781 0.629167 0.574219 0.626389 0.573438 0.623611 0.572656 0.627778 0.574219 0.630556 0.575781 0.629167 0.575781 0.630556 0.579688 0.633333 0.578906 0.634722 0.575781 0.633333 0.572656 0.630556 0.568750 0.626389 0.568750 0.623611 0.567187 0.622222 0.572656 0.606944 0.573438 0.598611 0.573438 0.586111 0.575000 0.580556 0.575000 0.561111 0.576562 0.548611 0.576562 0.530556 0.578906 0.501389 0.578906 0.462500 0.578125 0.461111 0.578125 0.440278 0.578906 0.444444
19 0.366406 0.394444 0.368750 0.395833 0.369531 0.394444 0.365625 0.398611 0.363281 0.398611 0.369531 0.402778 0.371094 0.402778 0.372656 0.400000 0.372656 0.394444 0.369531 0.394444 0.368750 0.395833 0.370312 0.393056 0.370312 0.391667 0.371094 0.390278 0.371875 0.390278 0.377344 0.395833 0.378906 0.395833 0.378125 0.400000 0.377344 0.400000 0.375781 0.401389 0.375781 0.398611 0.374219 0.395833 0.374219 0.401389 0.371875 0.405556 0.371875 0.412500 0.367969 0.419444 0.367188 0.438889 0.366406 0.456944 0.366406 0.494444 0.367969 0.512500 0.367188 0.558333 0.367188 0.572222 0.368750 0.593056 0.368750 0.595833 0.367969 0.597222 0.367969 0.600000 0.369531 0.605556 0.369531 0.615278 0.370312 0.620833 0.371094 0.625000 0.371875 0.627778 0.372656 0.629167 0.374219 0.630556 0.376563 0.631944 0.385156 0.630556 0.389062 0.630556 0.392188 0.627778 0.397656 0.629167 0.401562 0.627778 0.403906 0.626389 0.407813 0.622222 0.410938 0.620833 0.415625 0.619444 0.427344 0.619444 0.430469 0.625000 0.435156 0.625000 0.439063 0.618056 0.440625 0.618056 0.442188 0.619444 0.442969 0.620833 0.443750 0.623611 0.443750 0.626389 0.445312 0.629167 0.450000 0.630556 0.453906 0.629167 0.454688 0.620833 0.455469 0.629167 0.457031 0.630556 0.458594 0.631944 0.462500 0.630556 0.467969 0.631944 0.470313 0.629167 0.472656 0.631944 0.481250 0.630556 0.486719 0.630556 0.489063 0.633333 0.493750 0.633333 0.496875 0.631944 0.497656 0.631944 0.499219 0.634722 0.504687 0.634722 0.508594 0.626389 0.512500 0.626389 0.516406 0.623611 0.519531 0.623611 0.521094 0.625000 0.522656 0.626389 0.523438 0.631944 0.525000 0.633333 0.526563 0.637500 0.527344 0.641667 0.525000 0.645833 0.522656 0.647222 0.521094 0.650000 0.522656 0.652778 0.525781 0.654167 0.523438 0.655556 0.525000 0.656944 0.522656 0.658333 0.521094 0.661111 0.485938 0.662500 0.414062 0.663889 0.365625 0.662500 0.362500 0.662500 0.343750 0.665278 0.338281 0.665278 0.336719 0.663889 0.336719 0.661111 0.334375 0.659722 0.324219 0.661111 0.322656 0.663889 0.325000 0.665278 0.274219 0.665278 0.213281 0.669444 0.192969 0.672222 0.132031 0.676389 0.099219 0.677778 0.032813 0.680556 0.000000 0.680556 0.000000 0.536111 0.009375 0.536111 0.014063 0.534722 0.019531 0.530556 0.024219 0.526389 0.026562 0.523611 0.028125 0.520833 0.017969 0.519444 0.014844 0.522222 0.013281 0.523611 0.014063 0.520833 0.017188 0.519444 0.018750 0.518056 0.020313 0.515278 0.020313 0.513889 0.023438 0.513889 0.025000 0.518056 0.027344 0.519444 0.029687 0.519444 0.032813 0.518056 0.036719 0.515278 0.039062 0.511111 0.040625 0.504167 0.041406 0.500000 0.041406 0.491667 0.041406 0.494444 0.042969 0.494444 0.042969 0.497222 0.042188 0.498611 0.042188 0.501389 0.044531 0.502778 0.045312 0.501389 0.047656 0.501389 0.050781 0.497222 0.060156 0.497222 0.065625 0.494444 0.068750 0.491667 0.067187 0.490278 0.066406 0.488889 0.065625 0.486111 0.067187 0.487500 0.068750 0.490278 0.082031 0.490278 0.083594 0.488889 0.087500 0.481944 0.087500 0.475000 0.088281 0.473611 0.089063 0.469444 0.088281 0.480556 0.100000 0.480556 0.106250 0.481944 0.110937 0.479167 0.113281 0.477778 0.114844 0.475000 0.117188 0.476389 0.120313 0.475000 0.125000 0.472222 0.129688 0.472222 0.130469 0.469444 0.135156 0.470833 0.139844 0.469444 0.140625 0.461111 0.144531 0.456944 0.146094 0.455556 0.147656 0.456944 0.148438 0.461111 0.150000 0.463889 0.151562 0.462500 0.152344 0.462500 0.153125 0.461111 0.153906 0.458333 0.153906 0.455556 0.154688 0.452778 0.157031 0.454167 0.172656 0.454167 0.174219 0.454167 0.176563 0.451389 0.182031 0.451389 0.185156 0.447222 0.189844 0.448611 0.192188 0.445833 0.194531 0.445833 0.195312 0.440278 0.196875 0.438889 0.200781 0.438889 0.202344 0.440278 0.201563 0.443056 0.201563 0.444444 0.195312 0.444444 0.203125 0.450000 0.205469 0.450000 0.207813 0.448611 0.207813 0.440278 0.209375 0.438889 0.213281 0.437500 0.217188 0.437500 0.220312 0.433333 0.221875 0.431944 0.231250 0.430556 0.233594 0.430556 0.234375 0.431944 0.236719 0.431944 0.245312 0.429167 0.249219 0.429167 0.250000 0.430556 0.253906 0.430556 0.256250 0.429167 0.258594 0.426389 0.267188 0.426389 0.276562 0.422222 0.282813 0.423611 0.286719 0.420833 0.292969 0.420833 0.297656 0.419444 0.302344 0.415278 0.305469 0.413889 0.307812 0.413889 0.311719 0.415278 0.315625 0.413889 0.319531 0.412500 0.320312 0.408333 0.321875 0.411111 0.326562 0.411111 0.332031 0.408333 0.335938 0.408333 0.336719 0.406944 0.338281 0.405556 0.335156 0.404167 0.327344 0.405556 0.325781 0.406944 0.331250 0.404167 0.332813 0.405556 0.337500 0.404167 0.340625 0.401389 0.346094 0.401389 0.351562 0.404167 0.353125 0.404167 0.353125 0.401389 0.355469 0.400000 0.353906 0.397222 0.357031 0.395833 0.357812 0.393056 0.359375 0.397222 0.361719 0.394444 0.361719 0.391667 0.363281 0.394444 0.365625 0.391667 0.365625 0.388889 0.366406 0.394444
20 0.862500 0.665278 0.861719 0.668056 0.865625 0.669444 0.864062 0.665278 0.862500 0.665278
20 0.887500 0.658333 0.878125 0.659722 0.877344 0.661111 0.871875 0.661111 0.873437 0.662500 0.876563 0.662500 0.878906 0.663889 0.883594 0.669444 0.882031 0.670833 0.884375 0.672222 0.885156 0.668056 0.887500 0.669444 0.887500 0.672222 0.893750 0.672222 0.894531 0.673611 0.906250 0.673611 0.914844 0.675000 0.915625 0.676389 0.922656 0.676389 0.919531 0.670833 0.917188 0.669444 0.905469 0.663889 0.900781 0.663889 0.897656 0.661111 0.890625 0.658333 0.887500 0.658333
20 0.993750 0.647222 0.991406 0.651389 0.989844 0.652778 0.988281 0.652778 0.987500 0.651389 0.985938 0.651389 0.985938 0.655556 0.985156 0.656944 0.985156 0.659722 0.987500 0.661111 0.987500 0.663889 0.989844 0.663889 0.989844 0.666667 0.992969 0.673611 0.992969 0.675000 0.993750 0.676389 0.995313 0.677778 0.999219 0.672222 0.997656 0.670833 0.996875 0.662500 0.999219 0.661111 0.999219 0.654167 0.996875 0.654167 0.993750 0.647222
20 0.985938 0.638889 0.985156 0.644444 0.985938 0.647222 0.986719 0.644444 0.985938 0.638889
20 0.949219 0.640278 0.949219 0.644444 0.952344 0.644444 0.951562 0.638889 0.949219 0.640278
20 0.911719 0.529167 0.912500 0.531944 0.919531 0.531944 0.924219 0.529167 0.928906 0.529167 0.933594 0.533333 0.940625 0.541667 0.942187 0.543056 0.943750 0.544444 0.947656 0.547222 0.950000 0.548611 0.956250 0.551389 0.958594 0.551389 0.958594 0.565278 0.959375 0.575000 0.961719 0.576389 0.964063 0.580556 0.964844 0.584722 0.970313 0.586111 0.964844 0.584722 0.962500 0.579167 0.962500 0.584722 0.964844 0.588889 0.974219 0.588889 0.981250 0.587500 0.971875 0.584722 0.978906 0.583333 0.981250 0.581944 0.983594 0.577778 0.985156 0.573611 0.984375 0.570833 0.985938 0.570833 0.986719 0.568056 0.991406 0.562500 0.997656 0.561111 0.999219 0.561111 0.999219 0.633333 0.995313 0.631944 0.993750 0.636111 0.992188 0.631944 0.981250 0.631944 0.978125 0.634722 0.978906 0.643056 0.978125 0.645833 0.976562 0.645833 0.971094 0.644444 0.967187 0.641667 0.964063 0.641667 0.965625 0.640278 0.966406 0.638889 0.971875 0.638889 0.974219 0.641667 0.978125 0.634722 0.967969 0.633333 0.957812 0.634722 0.953906 0.633333 0.949219 0.631944 0.946875 0.629167 0.943750 0.627778 0.934375 0.626389 0.931250 0.623611 0.926562 0.623611 0.924219 0.618056 0.920312 0.618056 0.916406 0.613889 0.911719 0.613889 0.909375 0.611111 0.907031 0.609722 0.906250 0.612500 0.903125 0.611111 0.897656 0.605556 0.896094 0.605556 0.895312 0.606944 0.893750 0.606944 0.892188 0.605556 0.890625 0.604167 0.892188 0.601389 0.888281 0.598611 0.886719 0.597222 0.884375 0.593056 0.878906 0.591667 0.873437 0.593056 0.869531 0.591667 0.860156 0.593056 0.860938 0.591667 0.865625 0.591667 0.864062 0.588889 0.864062 0.587500 0.862500 0.584722 0.860938 0.586111 0.860938 0.587500 0.859375 0.586111 0.858594 0.584722 0.855469 0.584722 0.854688 0.587500 0.857031 0.588889 0.859375 0.588889 0.860938 0.587500 0.860938 0.586111 0.860156 0.588889 0.860938 0.591667 0.860156 0.593056 0.857031 0.591667 0.853125 0.586111 0.850781 0.584722 0.843750 0.583333 0.840625 0.581944 0.838281 0.579167 0.831250 0.580556 0.825781 0.580556 0.824219 0.577778 0.821875 0.576389 0.816406 0.577778 0.814844 0.575000 0.830469 0.575000 0.835938 0.577778 0.838281 0.577778 0.845313 0.576389 0.848437 0.573611 0.851562 0.573611 0.852344 0.575000 0.856250 0.575000 0.860938 0.577778 0.865625 0.579167 0.867969 0.579167 0.872656 0.577778 0.874219 0.580556 0.876563 0.580556 0.878125 0.581944 0.879687 0.584722 0.882031 0.586111 0.883594 0.586111 0.884375 0.577778 0.885938 0.581944 0.885156 0.583333 0.889062 0.580556 0.891406 0.579167 0.891406 0.575000 0.890625 0.575000 0.889062 0.572222 0.895312 0.569444 0.897656 0.577778 0.896875 0.580556 0.898438 0.583333 0.900000 0.584722 0.902344 0.583333 0.903125 0.584722 0.907031 0.587500 0.915625 0.586111 0.915625 0.584722 0.917188 0.583333 0.918750 0.580556 0.918750 0.579167 0.920312 0.576389 0.920312 0.573611 0.917969 0.572222 0.915625 0.573611 0.914062 0.575000 0.911719 0.579167 0.910156 0.580556 0.908594 0.580556 0.907031 0.583333 0.903125 0.584722 0.902344 0.583333 0.899219 0.577778 0.897656 0.577778 0.895312 0.569444 0.897656 0.566667 0.899219 0.563889 0.899219 0.555556 0.901563 0.551389 0.898438 0.548611 0.900000 0.544444 0.897656 0.541667 0.899219 0.541667 0.900781 0.538889 0.904687 0.536111 0.910156 0.529167 0.911719 0.529167
20 0.017969 0.520833 0.014063 0.525000 0.007031 0.529167 0.001563 0.529167 0.000000 0.530556 0.000000 0.534722 0.009375 0.534722 0.014063 0.533333 0.019531 0.529167 0.024219 0.525000 0.025781 0.522222 0.027344 0.520833 0.017969 0.520833
20 0.017188 0.509722 0.015625 0.512500 0.014844 0.515278 0.014063 0.519444 0.015625 0.519444 0.017188 0.518056 0.018750 0.516667 0.019531 0.515278 0.021875 0.511111 0.021094 0.506944 0.017188 0.509722
20 0.000000 0.498611 0.000000 0.519444 0.001563 0.519444 0.003125 0.516667 0.003125 0.512500 0.005469 0.509722 0.004687 0.498611 0.000000 0.498611
20 0.051562 0.483333 0.050781 0.484722 0.049219 0.486111 0.053906 0.486111 0.054688 0.488889 0.053125 0.491667 0.050781 0.493056 0.046875 0.493056 0.046875 0.490278 0.045312 0.494444 0.043750 0.494444 0.042969 0.498611 0.042969 0.501389 0.044531 0.501389 0.045312 0.500000 0.047656 0.500000 0.050781 0.495833 0.060156 0.495833 0.063281 0.493056 0.065625 0.493056 0.066406 0.491667 0.067969 0.491667 0.065625 0.488889 0.065625 0.487500 0.064062 0.484722 0.060937 0.483333 0.057813 0.483333 0.057031 0.484722 0.054688 0.484722 0.053906 0.483333 0.051562 0.483333
20 0.369531 0.395833 0.365625 0.400000 0.363281 0.401389 0.368750 0.400000 0.371875 0.400000 0.371875 0.394444 0.369531 0.395833
20 0.357812 0.384722 0.357812 0.387500 0.358594 0.391667 0.360156 0.394444 0.360938 0.391667 0.360938 0.394444 0.358594 0.394444 0.357812 0.391667 0.357031 0.394444 0.354687 0.394444 0.353125 0.397222 0.355469 0.401389 0.357812 0.401389 0.355469 0.401389 0.354687 0.400000 0.353125 0.400000 0.353125 0.402778 0.351562 0.402778 0.350781 0.401389 0.346094 0.400000 0.340625 0.400000 0.337500 0.402778 0.332813 0.404167 0.331250 0.402778 0.326562 0.404167 0.325000 0.406944 0.334375 0.406944 0.335156 0.405556 0.337500 0.405556 0.335938 0.406944 0.332031 0.406944 0.331250 0.408333 0.326562 0.409722 0.321875 0.408333 0.319531 0.411111 0.316406 0.411111 0.311719 0.413889 0.307812 0.412500 0.305469 0.412500 0.302344 0.413889 0.297656 0.418056 0.292969 0.419444 0.286719 0.419444 0.282813 0.422222 0.276562 0.420833 0.267188 0.425000 0.258594 0.425000 0.256250 0.427778 0.253906 0.429167 0.250000 0.429167 0.249219 0.427778 0.245312 0.427778 0.236719 0.430556 0.234375 0.430556 0.233594 0.429167 0.231250 0.429167 0.221875 0.430556 0.220312 0.431944 0.217188 0.436111 0.213281 0.436111 0.209375 0.437500 0.207813 0.438889 0.207813 0.447222 0.206250 0.447222 0.205469 0.448611 0.203125 0.448611 0.195312 0.445833 0.194531 0.444444 0.200000 0.447222 0.202344 0.444444 0.203125 0.441667 0.202344 0.438889 0.200781 0.437500 0.196875 0.437500 0.195312 0.438889 0.194531 0.444444 0.195312 0.445833 0.192188 0.444444 0.189844 0.447222 0.185938 0.445833 0.182031 0.450000 0.176563 0.450000 0.174219 0.452778 0.172656 0.452778 0.157031 0.452778 0.154688 0.451389 0.153906 0.454167 0.153125 0.455556 0.153125 0.458333 0.152344 0.461111 0.150781 0.462500 0.149219 0.461111 0.148438 0.456944 0.147656 0.455556 0.146094 0.454167 0.144531 0.455556 0.140625 0.459722 0.139844 0.468056 0.135937 0.468056 0.135156 0.469444 0.130469 0.468056 0.129688 0.470833 0.125000 0.470833 0.124219 0.463889 0.125000 0.462500 0.128125 0.461111 0.124219 0.459722 0.121094 0.462500 0.124219 0.463889 0.125000 0.470833 0.120313 0.473611 0.117188 0.475000 0.114844 0.473611 0.113281 0.468056 0.111719 0.465278 0.110156 0.465278 0.107813 0.466667 0.106250 0.469444 0.110156 0.470833 0.113281 0.468056 0.114844 0.473611 0.113281 0.476389 0.110937 0.477778 0.106250 0.480556 0.100000 0.479167 0.100000 0.481944 0.089063 0.480556 0.089844 0.469444 0.088281 0.468056 0.088281 0.463889 0.089063 0.462500 0.089844 0.455556 0.089844 0.448611 0.090625 0.443056 0.092188 0.440278 0.091406 0.437500 0.093750 0.436111 0.098437 0.436111 0.100781 0.436111 0.103906 0.437500 0.106250 0.440278 0.107813 0.440278 0.110937 0.437500 0.112500 0.437500 0.113281 0.441667 0.114844 0.444444 0.116406 0.441667 0.116406 0.437500 0.114844 0.431944 0.114062 0.433333 0.111719 0.429167 0.110937 0.429167 0.111719 0.425000 0.113281 0.429167 0.113281 0.430556 0.115625 0.433333 0.117969 0.437500 0.124219 0.436111 0.127344 0.434722 0.128906 0.431944 0.132031 0.430556 0.128906 0.427778 0.132031 0.422222 0.133594 0.422222 0.135156 0.419444 0.135937 0.409722 0.137500 0.406944 0.139063 0.406944 0.140625 0.408333 0.141406 0.412500 0.142969 0.415278 0.142969 0.416667 0.146094 0.418056 0.146875 0.408333 0.147656 0.408333 0.149219 0.406944 0.150000 0.409722 0.149219 0.412500 0.150000 0.415278 0.151562 0.423611 0.152344 0.426389 0.154688 0.427778 0.158594 0.420833 0.159375 0.415278 0.161719 0.411111 0.161719 0.408333 0.167969 0.409722 0.168750 0.408333 0.175781 0.406944 0.177344 0.406944 0.178906 0.408333 0.178906 0.411111 0.182812 0.412500 0.186719 0.406944 0.190625 0.408333 0.187500 0.409722 0.186719 0.412500 0.188281 0.419444 0.189062 0.427778 0.190625 0.429167 0.192969 0.429167 0.194531 0.422222 0.192188 0.420833 0.192969 0.412500 0.196094 0.412500 0.196875 0.411111 0.200781 0.411111 0.200781 0.413889 0.202344 0.413889 0.203906 0.415278 0.203906 0.425000 0.207813 0.422222 0.209375 0.416667 0.208594 0.412500 0.210156 0.411111 0.217969 0.411111 0.218750 0.413889 0.221875 0.413889 0.225000 0.415278 0.228125 0.420833 0.235156 0.420833 0.237500 0.418056 0.239063 0.415278 0.239063 0.412500 0.240625 0.412500 0.241406 0.411111 0.242969 0.411111 0.242969 0.413889 0.246094 0.415278 0.247656 0.412500 0.247656 0.408333 0.249219 0.408333 0.250000 0.405556 0.253125 0.404167 0.255469 0.401389 0.256250 0.404167 0.257031 0.401389 0.260937 0.404167 0.261719 0.405556 0.262500 0.406944 0.264844 0.408333 0.267188 0.404167 0.267969 0.405556 0.268750 0.402778 0.270313 0.401389 0.270313 0.397222 0.271875 0.397222 0.273438 0.400000 0.276562 0.395833 0.278125 0.395833 0.282031 0.397222 0.282813 0.408333 0.284375 0.402778 0.285156 0.400000 0.286719 0.404167 0.287500 0.401389 0.288281 0.400000 0.288281 0.395833 0.289062 0.398611 0.290625 0.401389 0.292969 0.401389 0.294531 0.398611 0.295312 0.394444 0.304688 0.394444 0.306250 0.397222 0.307031 0.393056 0.307031 0.395833 0.308594 0.398611 0.313281 0.400000 0.319531 0.400000 0.321875 0.402778 0.324219 0.402778 0.325781 0.402778 0.327344 0.398611 0.330469 0.400000 0.332813 0.397222 0.335156 0.397222 0.337500 0.394444 0.339062 0.398611 0.340625 0.394444 0.339062 0.390278 0.345313 0.388889 0.350000 0.390278 0.354687 0.390278 0.356250 0.386111 0.357812 0.384722
21 0.578906 0.626389 0.576562 0.631944 0.579688 0.631944 0.582812 0.634722 0.584375 0.634722 0.585938 0.631944 0.587500 0.630556 0.589063 0.633333 0.589844 0.637500 0.590625 0.637500 0.592187 0.638889 0.593750 0.637500 0.592969 0.634722 0.590625 0.633333 0.589063 0.630556 0.587500 0.630556 0.585938 0.627778 0.584375 0.627778 0.583594 0.630556 0.582031 0.626389 0.578906 0.626389
21 0.572656 0.622222 0.575000 0.629167 0.573438 0.626389 0.572656 0.622222
21 0.530469 0.609722 0.528906 0.612500 0.527344 0.612500 0.525000 0.615278 0.521094 0.611111 0.517188 0.611111 0.514062 0.613889 0.509375 0.613889 0.508594 0.625000 0.512500 0.625000 0.516406 0.622222 0.519531 0.622222 0.522656 0.625000 0.524219 0.627778 0.525000 0.631944 0.527344 0.637500 0.527344 0.640278 0.532813 0.640278 0.535937 0.644444 0.538281 0.645833 0.541406 0.647222 0.546094 0.647222 0.550000 0.648611 0.553906 0.650000 0.557031 0.651389 0.560156 0.654167 0.560156 0.656944 0.561719 0.659722 0.574219 0.659722 0.575000 0.655556 0.576562 0.654167 0.579688 0.656944 0.578125 0.659722 0.581250 0.659722 0.579688 0.658333 0.581250 0.656944 0.582031 0.655556 0.587500 0.654167 0.593750 0.654167 0.596875 0.651389 0.596875 0.648611 0.596094 0.643056 0.592969 0.643056 0.590625 0.648611 0.589063 0.650000 0.585156 0.648611 0.585938 0.645833 0.585156 0.643056 0.582812 0.643056 0.582812 0.640278 0.580469 0.637500 0.578906 0.636111 0.575781 0.634722 0.572656 0.631944 0.571094 0.629167 0.568750 0.627778 0.567969 0.623611 0.549219 0.623611 0.546094 0.629167 0.543750 0.630556 0.539844 0.627778 0.539844 0.625000 0.540625 0.622222 0.539062 0.613889 0.538281 0.612500 0.536719 0.611111 0.535156 0.609722 0.530469 0.609722
21 0.909375 0.493056 0.907813 0.495833 0.907813 0.501389 0.907031 0.504167 0.906250 0.506944 0.903906 0.508333 0.903125 0.506944 0.900781 0.506944 0.896875 0.512500 0.895312 0.513889 0.893750 0.511111 0.892188 0.511111 0.890625 0.509722 0.888281 0.505556 0.882812 0.501389 0.882812 0.504167 0.882031 0.506944 0.877344 0.515278 0.874219 0.522222 0.873437 0.526389 0.868750 0.531944 0.867969 0.543056 0.871094 0.544444 0.877344 0.550000 0.882031 0.548611 0.885156 0.547222 0.892188 0.544444 0.896875 0.541667 0.899219 0.540278 0.904687 0.534722 0.908594 0.530556 0.914844 0.522222 0.916406 0.520833 0.918750 0.519444 0.920312 0.519444 0.922656 0.520833 0.924219 0.522222 0.928125 0.527778 0.940625 0.540278 0.942187 0.541667 0.943750 0.543056 0.947656 0.545833 0.950000 0.547222 0.955469 0.548611 0.956250 0.550000 0.957812 0.550000 0.959375 0.547222 0.960156 0.543056 0.960156 0.536111 0.959375 0.533333 0.958594 0.530556 0.957031 0.526389 0.955469 0.522222 0.953906 0.519444 0.952344 0.519444 0.950781 0.516667 0.950000 0.513889 0.950000 0.511111 0.948438 0.508333 0.946875 0.506944 0.943750 0.505556 0.942969 0.508333 0.941406 0.508333 0.935937 0.505556 0.935937 0.502778 0.936719 0.500000 0.935937 0.494444 0.934375 0.494444 0.932813 0.495833 0.931250 0.497222 0.928125 0.501389 0.925000 0.506944 0.924219 0.511111 0.916406 0.511111 0.914844 0.508333 0.914062 0.504167 0.914062 0.498611 0.913281 0.495833 0.912500 0.494444 0.910937 0.493056 0.909375 0.493056
21 0.946875 0.490278 0.948438 0.491667 0.947656 0.494444 0.949219 0.498611 0.949219 0.502778 0.949219 0.498611 0.949219 0.491667 0.946875 0.490278
21 0.628125 0.395833 0.630469 0.395833 0.631250 0.397222 0.636719 0.397222 0.635156 0.397222 0.634375 0.395833 0.632031 0.394444 0.628125 0.395833
21 0.000000 0.312500 0.003125 0.312500 0.005469 0.315278 0.007031 0.315278 0.003906 0.313889 0.003125 0.312500 0.000000 0.312500
21 0.432031 0.294444 0.430469 0.295833 0.429688 0.298611 0.431250 0.300000 0.435156 0.301389 0.435937 0.297222 0.434375 0.294444 0.432031 0.294444
21 0.015625 0.068056 0.008594 0.072222 0.002344 0.070833 0.000000 0.070833 0.000000 0.229167 0.001563 0.229167 0.002344 0.227778 0.005469 0.226389 0.006250 0.220833 0.006250 0.216667 0.007031 0.215278 0.007031 0.212500 0.006250 0.209722 0.004687 0.206944 0.004687 0.204167 0.006250 0.195833 0.006250 0.187500 0.007812 0.184722 0.012500 0.180556 0.018750 0.180556 0.020313 0.179167 0.021875 0.176389 0.023438 0.176389 0.024219 0.173611 0.025000 0.166667 0.027344 0.170833 0.027344 0.172222 0.028906 0.173611 0.028906 0.170833 0.029687 0.169444 0.029687 0.159722 0.028125 0.159722 0.027344 0.158333 0.025781 0.156944 0.029687 0.152778 0.027344 0.151389 0.026562 0.148611 0.026562 0.145833 0.025781 0.141667 0.027344 0.140278 0.028125 0.134722 0.025000 0.125000 0.026562 0.120833 0.025000 0.113889 0.026562 0.105556 0.028906 0.100000 0.029687 0.097222 0.030469 0.093056 0.030469 0.076389 0.028906 0.073611 0.027344 0.072222 0.025781 0.070833 0.023438 0.069444 0.019531 0.069444 0.018750 0.068056 0.015625 0.068056
21 0.914062 0.043056 0.912500 0.044444 0.913281 0.050000 0.913281 0.045833 0.914062 0.043056
21 0.000000 0.002778 0.000000 0.025000 0.002344 0.025000 0.003906 0.023611 0.005469 0.019444 0.003906 0.012500 0.004687 0.008333 0.002344 0.006944 0.002344 0.005556 0.000000 0.002778
21 0.751563 0.000000 0.752344 0.002778 0.755469 0.004167 0.758594 0.004167 0.759375 0.005556 0.760938 0.005556 0.761719 0.008333 0.761719 0.012500 0.763281 0.016667 0.764062 0.023611 0.763281 0.044444 0.764844 0.050000 0.766406 0.052778 0.767969 0.051389 0.769531 0.054167 0.771875 0.054167 0.773438 0.051389 0.779687 0.054167 0.783594 0.052778 0.789844 0.047222 0.791406 0.043056 0.792969 0.043056 0.794531 0.038889 0.797656 0.044444 0.800781 0.044444 0.806250 0.051389 0.807813 0.051389 0.809375 0.055556 0.810156 0.062500 0.809375 0.065278 0.807813 0.066667 0.807031 0.070833 0.807031 0.075000 0.806250 0.076389 0.806250 0.079167 0.807031 0.081944 0.809375 0.083333 0.810937 0.090278 0.810156 0.093056 0.811719 0.098611 0.813281 0.101389 0.815625 0.097222 0.817187 0.097222 0.818750 0.094444 0.819531 0.091667 0.819531 0.088889 0.820312 0.086111 0.821094 0.084722 0.822656 0.083333 0.827344 0.083333 0.828906 0.084722 0.828125 0.093056 0.828125 0.104167 0.828125 0.108333 0.828906 0.116667 0.830469 0.119444 0.832031 0.120833 0.848437 0.120833 0.847656 0.170833 0.848437 0.179167 0.848437 0.179167 0.846875 0.194444 0.846875 0.200000 0.847656 0.202778 0.847656 0.205556 0.846094 0.225000 0.846094 0.240278 0.846875 0.251389 0.853125 0.252778 0.854688 0.251389 0.856250 0.244444 0.856250 0.227778 0.857812 0.225000 0.855469 0.223611 0.855469 0.220833 0.853125 0.220833 0.851562 0.218056 0.850781 0.213889 0.851562 0.205556 0.851562 0.202778 0.850000 0.201389 0.852344 0.198611 0.853125 0.195833 0.853125 0.193056 0.852344 0.186111 0.850781 0.183333 0.850000 0.183333 0.849219 0.181944 0.848437 0.179167 0.848437 0.179167 0.850000 0.181944 0.856250 0.202778 0.855469 0.205556 0.854688 0.206944 0.854688 0.211111 0.857031 0.211111 0.858594 0.209722 0.856250 0.202778 0.850000 0.181944 0.851562 0.180556 0.852344 0.177778 0.850000 0.177778 0.851562 0.173611 0.853125 0.170833 0.855469 0.169444 0.857031 0.166667 0.856250 0.165278 0.857812 0.162500 0.857812 0.155556 0.857812 0.131944 0.856250 0.119444 0.870313 0.119444 0.876563 0.118056 0.878125 0.116667 0.879687 0.113889 0.880469 0.109722 0.880469 0.083333 0.881250 0.066667 0.882812 0.063889 0.884375 0.063889 0.889062 0.065278 0.891406 0.061111 0.896875 0.061111 0.900781 0.058333 0.902344 0.056944 0.903906 0.055556 0.907031 0.050000 0.907031 0.048611 0.910937 0.041667 0.910156 0.044444 0.905469 0.052778 0.912500 0.052778 0.911719 0.066667 0.911719 0.076389 0.912500 0.077778 0.912500 0.087500 0.912500 0.104167 0.911719 0.111111 0.911719 0.133333 0.911719 0.140278 0.914844 0.144444 0.914844 0.147222 0.913281 0.143056 0.913281 0.218056 0.914062 0.222222 0.910156 0.252778 0.910156 0.251389 0.910937 0.254167 0.914844 0.252778 0.912500 0.251389 0.910156 0.251389 0.910156 0.252778 0.906250 0.252778 0.907031 0.255556 0.907813 0.256944 0.909375 0.258333 0.910156 0.252778 0.914062 0.222222 0.917188 0.220833 0.917969 0.218056 0.917969 0.193056 0.917969 0.188889 0.917188 0.127778 0.917969 0.055556 0.916406 0.031944 0.917969 0.027778 0.917969 0.025000 0.918750 0.022222 0.921875 0.015278 0.922656 0.012500 0.923438 0.009722 0.922656 0.004167 0.921875 0.002778 0.921875 0.000000 0.999219 0.000000 0.998437 0.054167 0.998437 0.056944 0.999219 0.063889 0.996094 0.065278 0.992969 0.070833 0.992969 0.066667 0.989844 0.068056 0.989844 0.081944 0.989844 0.084722 0.992188 0.088889 0.994531 0.084722 0.996094 0.083333 0.999219 0.083333 0.999219 0.380556 0.997656 0.380556 0.996094 0.380556 0.994531 0.384722 0.994531 0.387500 0.991406 0.390278 0.988281 0.390278 0.987500 0.394444 0.989062 0.400000 0.992969 0.406944 0.995313 0.409722 0.997656 0.409722 0.999219 0.411111 0.999219 0.441667 0.996875 0.441667 0.993750 0.440278 0.991406 0.437500 0.985938 0.436111 0.985156 0.434722 0.983594 0.434722 0.981250 0.436111 0.979688 0.438889 0.975781 0.438889 0.975000 0.441667 0.965625 0.441667 0.959375 0.444444 0.960938 0.445833 0.959375 0.448611 0.960156 0.452778 0.958594 0.459722 0.955469 0.465278 0.955469 0.468056 0.953125 0.463889 0.952344 0.463889 0.950000 0.459722 0.950000 0.458333 0.946875 0.452778 0.947656 0.451389 0.950781 0.448611 0.947656 0.445833 0.943750 0.445833 0.942969 0.443056 0.955469 0.443056 0.951562 0.441667 0.952344 0.436111 0.951562 0.434722 0.952344 0.430556 0.950781 0.426389 0.947656 0.427778 0.946875 0.426389 0.944531 0.426389 0.943750 0.430556 0.942187 0.434722 0.942187 0.438889 0.943750 0.441667 0.945312 0.441667 0.942969 0.443056 0.943750 0.445833 0.942969 0.450000 0.947656 0.451389 0.946875 0.452778 0.942969 0.454167 0.944531 0.455556 0.942969 0.458333 0.942187 0.458333 0.939844 0.462500 0.938281 0.463889 0.936719 0.463889 0.934375 0.466667 0.932031 0.470833 0.927344 0.475000 0.919531 0.477778 0.917188 0.480556 0.912500 0.477778 0.906250 0.476389 0.903906 0.477778 0.903125 0.475000 0.900000 0.473611 0.892188 0.473611 0.891406 0.468056 0.889062 0.455556 0.889844 0.454167 0.889062 0.448611 0.890625 0.448611 0.887500 0.443056 0.889062 0.441667 0.887500 0.440278 0.887500 0.436111 0.886719 0.434722 0.886719 0.430556 0.887500 0.429167 0.886719 0.423611 0.883594 0.425000 0.880469 0.423611 0.877344 0.420833 0.866406 0.420833 0.863281 0.418056 0.856250 0.419444 0.839844 0.418056 0.831250 0.416667 0.823438 0.413889 0.813281 0.413889 0.803906 0.412500 0.799219 0.409722 0.794531 0.408333 0.792188 0.408333 0.791406 0.409722 0.789062 0.409722 0.787500 0.406944 0.780469 0.408333 0.778906 0.408333 0.772656 0.405556 0.765625 0.404167 0.758594 0.402778 0.753906 0.404167 0.757031 0.405556 0.758594 0.406944 0.754687 0.406944 0.753906 0.405556 0.747656 0.404167 0.739062 0.404167 0.732031 0.402778 0.728906 0.400000 0.712500 0.400000 0.708594 0.397222 0.703906 0.398611 0.693750 0.393056 0.692187 0.355556 0.694531 0.352778 0.694531 0.347222 0.692969 0.344444 0.691406 0.341667 0.694531 0.340278 0.693750 0.336111 0.692969 0.333333 0.692969 0.326389 0.694531 0.323611 0.692969 0.319444 0.692969 0.312500 0.695312 0.308333 0.695312 0.305556 0.704688 0.300000 0.703125 0.300000 0.701562 0.295833 0.700000 0.297222 0.698438 0.300000 0.698438 0.302778 0.700781 0.304167 0.702344 0.302778 0.703125 0.301389 0.703125 0.300000 0.704688 0.300000 0.705469 0.302778 0.707812 0.298611 0.707031 0.295833 0.713281 0.291667 0.717969 0.293056 0.718750 0.291667 0.721875 0.291667 0.721094 0.309722 0.719531 0.322222 0.719531 0.325000 0.719531 0.333333 0.720313 0.336111 0.721094 0.338889 0.722656 0.331944 0.722656 0.311111 0.723437 0.309722 0.723437 0.291667 0.727344 0.291667 0.726562 0.286111 0.722656 0.284722 0.721094 0.286111 0.717187 0.287500 0.714844 0.288889 0.713281 0.291667 0.707031 0.295833 0.704688 0.300000 0.695312 0.305556 0.693750 0.302778 0.692969 0.312500 0.692969 0.319444 0.690625 0.322222 0.692969 0.326389 0.692969 0.333333 0.689844 0.334722 0.689844 0.338889 0.691406 0.341667 0.692969 0.344444 0.690625 0.347222 0.690625 0.352778 0.692187 0.355556 0.693750 0.393056 0.688281 0.393056 0.670312 0.393056 0.667969 0.394444 0.661719 0.391667 0.648438 0.391667 0.646875 0.388889 0.644531 0.387500 0.639844 0.384722 0.637500 0.383333 0.632812 0.387500 0.629687 0.388889 0.625000 0.388889 0.624219 0.390278 0.620313 0.390278 0.619531 0.388889 0.614844 0.388889 0.614062 0.393056 0.614844 0.395833 0.612500 0.394444 0.611719 0.391667 0.609375 0.391667 0.603906 0.391667 0.603125 0.388889 0.600781 0.387500 0.597656 0.387500 0.594531 0.386111 0.593750 0.381944 0.594531 0.369444 0.593750 0.366667 0.592969 0.363889 0.591406 0.361111 0.589844 0.361111 0.587500 0.358333 0.582812 0.361111 0.580469 0.366667 0.579688 0.369444 0.579688 0.379167 0.578125 0.381944 0.578125 0.384722 0.576562 0.386111 0.574219 0.387500 0.571094 0.387500 0.567187 0.386111 0.566406 0.387500 0.564063 0.387500 0.561719 0.386111 0.560156 0.380556 0.558594 0.369444 0.556250 0.358333 0.554688 0.350000 0.553906 0.347222 0.551562 0.343056 0.549219 0.333333 0.546875 0.329167 0.548438 0.327778 0.548438 0.325000 0.545312 0.313889 0.539844 0.305556 0.536719 0.302778 0.532031 0.302778 0.528125 0.300000 0.534375 0.298611 0.535937 0.298611 0.539844 0.305556 0.543750 0.305556 0.545312 0.308333 0.546094 0.311111 0.546094 0.315278 0.547656 0.318056 0.547656 0.319444 0.550000 0.320833 0.553125 0.319444 0.554688 0.319444 0.560156 0.320833 0.560937 0.327778 0.561719 0.333333 0.570312 0.348611 0.573438 0.348611 0.575781 0.347222 0.578906 0.341667 0.579688 0.338889 0.579688 0.333333 0.578125 0.329167 0.579688 0.325000 0.579688 0.322222 0.581250 0.323611 0.582031 0.323611 0.582812 0.325000 0.583594 0.329167 0.584375 0.330556 0.585938 0.331944 0.587500 0.331944 0.589063 0.330556 0.589844 0.329167 0.590625 0.326389 0.590625 0.322222 0.592187 0.322222 0.593750 0.325000 0.595313 0.325000 0.596875 0.322222 0.598437 0.322222 0.600000 0.320833 0.601562 0.318056 0.603125 0.316667 0.598437 0.326389 0.597656 0.330556 0.595313 0.331944 0.593750 0.333333 0.592187 0.336111 0.591406 0.338889 0.591406 0.343056 0.590625 0.345833 0.586719 0.345833 0.587500 0.337500 0.585938 0.334722 0.582031 0.334722 0.580469 0.337500 0.578906 0.343056 0.578906 0.345833 0.582031 0.350000 0.585156 0.350000 0.586719 0.351389 0.591406 0.358333 0.596094 0.356944 0.595313 0.354167 0.596094 0.351389 0.599219 0.345833 0.600781 0.340278 0.605469 0.331944 0.605469 0.323611 0.613281 0.320833 0.614062 0.318056 0.614844 0.315278 0.614062 0.298611 0.614844 0.295833 0.616406 0.295833 0.617188 0.305556 0.617969 0.306944 0.621875 0.308333 0.621094 0.302778 0.620313 0.301389 0.620313 0.291667 0.617969 0.291667 0.617969 0.293056 0.616406 0.295833 0.614844 0.295833 0.617969 0.288889 0.615625 0.281944 0.615625 0.273611 0.615625 0.269444 0.610156 0.259722 0.610156 0.256944 0.610156 0.244444 0.609375 0.241667 0.605469 0.234722 0.605469 0.226389 0.606250 0.223611 0.607812 0.220833 0.612500 0.220833 0.614844 0.222222 0.618750 0.226389 0.622656 0.233333 0.623437 0.233333 0.626563 0.238889 0.627344 0.243056 0.637500 0.262500 0.640625 0.263889 0.640625 0.268056 0.642969 0.272222 0.646875 0.273611 0.651563 0.272222 0.657031 0.273611 0.665625 0.270833 0.667969 0.272222 0.668750 0.273611 0.670312 0.273611 0.668750 0.275000 0.672656 0.277778 0.674219 0.276389 0.675781 0.276389 0.678906 0.270833 0.681250 0.270833 0.682813 0.269444 0.684375 0.266667 0.684375 0.262500 0.685937 0.259722 0.683594 0.256944 0.682031 0.259722 0.681250 0.259722 0.680469 0.261111 0.678906 0.266667 0.675781 0.266667 0.675000 0.268056 0.666406 0.268056 0.661719 0.263889 0.654687 0.265278 0.653125 0.265278 0.650000 0.262500 0.649219 0.259722 0.652344 0.255556 0.656250 0.254167 0.660937 0.254167 0.663281 0.256944 0.664062 0.259722 0.664844 0.256944 0.666406 0.256944 0.668750 0.259722 0.673438 0.258333 0.675781 0.256944 0.677344 0.252778 0.678906 0.251389 0.680469 0.245833 0.681250 0.240278 0.681250 0.233333 0.680469 0.225000 0.679688 0.222222 0.678906 0.219444 0.676562 0.215278 0.675781 0.212500 0.675781 0.209722 0.678906 0.202778 0.682813 0.190278 0.682813 0.187500 0.684375 0.183333 0.683594 0.172222 0.682813 0.168056 0.680469 0.162500 0.679688 0.152778 0.679688 0.133333 0.678125 0.126389 0.677344 0.127778 0.675781 0.123611 0.675781 0.116667 0.678906 0.115278 0.680469 0.111111 0.681250 0.109722 0.682813 0.108333 0.684375 0.108333 0.685937 0.105556 0.686719 0.101389 0.685937 0.087500 0.685937 0.083333 0.686719 0.069444 0.685156 0.065278 0.684375 0.058333 0.685156 0.044444 0.683594 0.038889 0.682031 0.036111 0.678906 0.026389 0.678125 0.022222 0.677344 0.006944 0.677344 0.000000 0.751563 0.000000
21 0.619531 0.000000 0.619531 0.013889 0.619531 0.011111 0.617188 0.013889 0.614844 0.015278 0.614844 0.020833 0.614062 0.025000 0.611719 0.022222 0.609375 0.025000 0.609375 0.029167 0.608594 0.030556 0.608594 0.033333 0.607031 0.029167 0.606250 0.030556 0.604688 0.029167 0.603125 0.034722 0.601562 0.036111 0.600781 0.033333 0.599219 0.033333 0.596875 0.034722 0.595313 0.037500 0.594531 0.044444 0.593750 0.054167 0.595313 0.056944 0.598437 0.051389 0.600000 0.050000 0.603125 0.048611 0.608594 0.043056 0.610156 0.041667 0.610938 0.040278 0.617188 0.029167 0.620313 0.023611 0.622656 0.018056 0.623437 0.013889 0.628125 0.006944 0.628906 0.002778 0.629687 0.000000 0.632031 0.000000 0.632031 0.004167 0.631250 0.006944 0.628125 0.008333 0.626563 0.011111 0.626563 0.012500 0.624219 0.016667 0.625000 0.020833 0.623437 0.023611 0.618750 0.027778 0.617188 0.030556 0.617188 0.036111 0.615625 0.038889 0.614844 0.038889 0.611719 0.043056 0.609375 0.048611 0.606250 0.052778 0.604688 0.054167 0.602344 0.054167 0.598437 0.056944 0.596875 0.059722 0.596094 0.059722 0.595313 0.065278 0.593750 0.069444 0.592187 0.073611 0.591406 0.076389 0.589844 0.076389 0.587500 0.081944 0.582031 0.083333 0.578125 0.083333 0.573438 0.080556 0.568750 0.080556 0.564063 0.081944 0.562500 0.084722 0.562500 0.094444 0.560937 0.097222 0.555469 0.100000 0.556250 0.102778 0.557813 0.104167 0.557813 0.106944 0.555469 0.108333 0.555469 0.102778 0.551562 0.101389 0.550000 0.102778 0.548438 0.104167 0.547656 0.108333 0.546875 0.111111 0.545312 0.113889 0.542969 0.113889 0.540625 0.118056 0.539844 0.115278 0.539844 0.113889 0.539062 0.112500 0.537500 0.111111 0.536719 0.108333 0.530469 0.111111 0.533594 0.112500 0.531250 0.112500 0.529687 0.115278 0.528125 0.115278 0.525781 0.119444 0.525781 0.134722 0.526563 0.137500 0.528906 0.141667 0.528125 0.155556 0.528125 0.163889 0.528906 0.165278 0.528906 0.172222 0.527344 0.168056 0.526563 0.165278 0.527344 0.156944 0.527344 0.145833 0.524219 0.136111 0.524219 0.133333 0.525781 0.130556 0.525000 0.125000 0.523438 0.122222 0.525000 0.113889 0.526563 0.112500 0.530469 0.111111 0.527344 0.109722 0.525781 0.104167 0.525000 0.106944 0.521875 0.108333 0.517188 0.111111 0.517188 0.131944 0.517969 0.137500 0.519531 0.141667 0.519531 0.156944 0.520312 0.165278 0.521875 0.168056 0.521094 0.170833 0.521875 0.175000 0.523438 0.173611 0.523438 0.179167 0.521875 0.183333 0.521094 0.193056 0.521094 0.201389 0.519531 0.200000 0.517969 0.202778 0.520312 0.205556 0.517969 0.208333 0.515625 0.212500 0.514062 0.218056 0.513281 0.213889 0.511719 0.211111 0.509375 0.215278 0.508594 0.219444 0.509375 0.227778 0.514062 0.230556 0.514062 0.233333 0.513281 0.234722 0.513281 0.240278 0.514062 0.241667 0.512500 0.244444 0.510156 0.244444 0.511719 0.248611 0.512500 0.244444 0.514062 0.241667 0.514844 0.244444 0.515625 0.240278 0.514844 0.238889 0.514844 0.236111 0.514844 0.238889 0.515625 0.241667 0.516406 0.244444 0.518750 0.248611 0.519531 0.248611 0.521094 0.252778 0.517188 0.245833 0.515625 0.247222 0.518750 0.252778 0.519531 0.261111 0.520312 0.269444 0.520312 0.273611 0.519531 0.288889 0.521875 0.291667 0.521875 0.297222 0.524219 0.298611 0.510156 0.300000 0.505469 0.301389 0.498437 0.298611 0.489844 0.297222 0.481250 0.297222 0.476562 0.297222 0.467969 0.300000 0.452344 0.300000 0.450781 0.298611 0.446875 0.293056 0.446094 0.291667 0.442969 0.284722 0.441406 0.279167 0.439844 0.276389 0.437500 0.279167 0.437500 0.283333 0.436719 0.284722 0.436719 0.287500 0.435156 0.288889 0.429688 0.287500 0.428906 0.284722 0.428906 0.270833 0.427344 0.268056 0.427344 0.265278 0.428906 0.262500 0.428906 0.258333 0.427344 0.255556 0.427344 0.250000 0.428906 0.247222 0.428906 0.243056 0.426563 0.243056 0.427344 0.237500 0.428906 0.236111 0.429688 0.233333 0.429688 0.226389 0.428906 0.215278 0.427344 0.212500 0.426563 0.215278 0.425781 0.216667 0.426563 0.223611 0.426563 0.226389 0.425781 0.234722 0.427344 0.237500 0.426563 0.243056 0.425781 0.245833 0.427344 0.250000 0.427344 0.255556 0.425781 0.258333 0.425781 0.261111 0.426563 0.262500 0.427344 0.265278 0.427344 0.268056 0.425781 0.270833 0.425781 0.283333 0.425000 0.287500 0.422656 0.291667 0.424219 0.297222 0.421875 0.298611 0.419531 0.300000 0.415625 0.300000 0.412500 0.302778 0.408594 0.302778 0.407813 0.302778 0.407813 0.301389 0.410156 0.301389 0.412500 0.300000 0.410938 0.297222 0.407813 0.301389 0.407813 0.302778 0.405469 0.301389 0.403906 0.304167 0.406250 0.304167 0.407813 0.302778 0.408594 0.302778 0.407031 0.304167 0.404687 0.306944 0.404687 0.305556 0.401562 0.304167 0.400000 0.305556 0.398438 0.308333 0.398438 0.313889 0.402344 0.311111 0.402344 0.309722 0.404687 0.305556 0.404687 0.306944 0.403125 0.309722 0.401562 0.313889 0.400781 0.318056 0.398438 0.322222 0.397656 0.329167 0.395313 0.333333 0.392188 0.343056 0.392188 0.347222 0.391406 0.350000 0.389062 0.354167 0.388281 0.356944 0.388281 0.368056 0.387500 0.370833 0.383594 0.377778 0.384375 0.384722 0.380469 0.390278 0.377344 0.391667 0.378906 0.393056 0.377344 0.394444 0.373437 0.387500 0.371094 0.388889 0.369531 0.391667 0.369531 0.393056 0.367188 0.394444 0.367188 0.391667 0.366406 0.390278 0.365625 0.387500 0.364844 0.391667 0.361719 0.390278 0.360156 0.393056 0.358594 0.384722 0.355469 0.386111 0.355469 0.387500 0.350000 0.388889 0.345313 0.387500 0.339062 0.388889 0.339844 0.394444 0.339844 0.397222 0.338281 0.395833 0.338281 0.394444 0.335156 0.395833 0.332813 0.395833 0.330469 0.398611 0.327344 0.397222 0.325781 0.401389 0.325000 0.400000 0.321875 0.401389 0.319531 0.398611 0.313281 0.398611 0.308594 0.397222 0.307031 0.391667 0.306250 0.395833 0.306250 0.390278 0.303906 0.391667 0.300781 0.390278 0.300000 0.393056 0.300000 0.390278 0.296875 0.388889 0.296094 0.393056 0.292969 0.400000 0.290625 0.400000 0.289844 0.397222 0.288281 0.394444 0.287500 0.400000 0.286719 0.402778 0.285156 0.398611 0.283594 0.404167 0.282813 0.406944 0.282031 0.395833 0.281250 0.395833 0.279687 0.393056 0.278125 0.394444 0.276562 0.394444 0.274219 0.398611 0.271875 0.395833 0.270313 0.395833 0.269531 0.401389 0.267969 0.404167 0.264844 0.406944 0.263281 0.406944 0.260937 0.402778 0.257031 0.400000 0.256250 0.401389 0.253125 0.402778 0.250781 0.402778 0.246094 0.359722 0.249219 0.358333 0.249219 0.355556 0.247656 0.352778 0.246094 0.352778 0.245312 0.354167 0.246094 0.350000 0.244531 0.347222 0.235937 0.325000 0.237500 0.322222 0.235937 0.318056 0.234375 0.320833 0.232813 0.318056 0.234375 0.313889 0.235937 0.312500 0.233594 0.308333 0.231250 0.309722 0.229687 0.305556 0.228125 0.304167 0.227344 0.309722 0.229687 0.311111 0.229687 0.315278 0.231250 0.318056 0.232813 0.318056 0.234375 0.320833 0.228906 0.322222 0.227344 0.319444 0.225781 0.318056 0.225000 0.320833 0.224219 0.322222 0.224219 0.327778 0.222656 0.327778 0.222656 0.325000 0.220312 0.323611 0.218750 0.320833 0.214062 0.319444 0.212500 0.319444 0.211719 0.322222 0.209375 0.322222 0.207813 0.326389 0.205469 0.323611 0.203906 0.323611 0.200781 0.326389 0.198437 0.325000 0.196875 0.325000 0.198437 0.322222 0.196875 0.318056 0.195312 0.320833 0.196875 0.325000 0.198437 0.325000 0.197656 0.329167 0.198437 0.333333 0.199219 0.336111 0.200781 0.340278 0.203125 0.344444 0.203906 0.350000 0.207813 0.356944 0.207813 0.363889 0.206250 0.366667 0.206250 0.370833 0.207031 0.379167 0.208594 0.381944 0.212500 0.381944 0.213281 0.383333 0.216406 0.383333 0.214844 0.384722 0.217969 0.387500 0.219531 0.384722 0.221094 0.384722 0.223438 0.387500 0.224219 0.380556 0.225781 0.375000 0.225781 0.368056 0.232813 0.355556 0.232031 0.352778 0.233594 0.350000 0.231250 0.345833 0.230469 0.345833 0.228906 0.343056 0.228125 0.337500 0.228125 0.329167 0.227344 0.327778 0.227344 0.325000 0.228906 0.325000 0.228906 0.322222 0.234375 0.320833 0.235937 0.325000 0.244531 0.347222 0.242969 0.352778 0.245312 0.354167 0.246094 0.352778 0.245312 0.356944 0.246094 0.359722 0.250781 0.402778 0.249219 0.406944 0.247656 0.406944 0.246875 0.412500 0.243750 0.413889 0.243750 0.411111 0.241406 0.409722 0.239063 0.411111 0.237500 0.416667 0.236719 0.416667 0.235156 0.419444 0.228125 0.419444 0.225000 0.413889 0.222656 0.413889 0.221875 0.415278 0.220312 0.415278 0.222656 0.413889 0.218750 0.412500 0.218750 0.406944 0.217969 0.404167 0.216406 0.401389 0.212500 0.401389 0.210156 0.405556 0.209375 0.411111 0.208594 0.411111 0.208594 0.416667 0.206250 0.420833 0.207031 0.422222 0.204687 0.425000 0.203906 0.413889 0.200781 0.412500 0.200781 0.409722 0.196875 0.409722 0.192188 0.412500 0.191406 0.420833 0.193750 0.422222 0.192969 0.427778 0.190625 0.427778 0.189062 0.426389 0.189062 0.419444 0.187500 0.412500 0.188281 0.409722 0.191406 0.408333 0.186719 0.405556 0.182812 0.411111 0.179688 0.411111 0.178906 0.406944 0.177344 0.405556 0.175781 0.405556 0.168750 0.406944 0.167969 0.408333 0.161719 0.406944 0.162500 0.405556 0.160156 0.394444 0.160156 0.390278 0.160938 0.386111 0.160938 0.381944 0.160938 0.379167 0.155469 0.369444 0.153906 0.366667 0.149219 0.373611 0.147656 0.377778 0.146875 0.383333 0.146875 0.393056 0.148438 0.397222 0.147656 0.406944 0.146875 0.406944 0.145313 0.409722 0.146094 0.416667 0.143750 0.416667 0.142187 0.412500 0.142187 0.409722 0.140625 0.406944 0.139063 0.405556 0.137500 0.405556 0.135156 0.409722 0.134375 0.415278 0.134375 0.419444 0.132031 0.420833 0.128125 0.427778 0.129688 0.430556 0.131250 0.430556 0.128906 0.430556 0.127344 0.433333 0.124219 0.434722 0.117969 0.436111 0.116406 0.433333 0.116406 0.431944 0.114062 0.430556 0.112500 0.426389 0.112500 0.425000 0.109375 0.426389 0.110937 0.430556 0.114844 0.433333 0.115625 0.437500 0.114844 0.443056 0.113281 0.437500 0.110937 0.436111 0.107813 0.438889 0.106250 0.438889 0.103906 0.436111 0.100781 0.434722 0.098437 0.434722 0.093750 0.434722 0.091406 0.436111 0.091406 0.420833 0.089844 0.415278 0.089844 0.409722 0.089063 0.405556 0.087500 0.402778 0.085938 0.393056 0.081250 0.384722 0.079687 0.379167 0.071875 0.365278 0.067187 0.361111 0.064062 0.359722 0.058594 0.358333 0.035156 0.358333 0.030469 0.359722 0.028906 0.361111 0.027344 0.363889 0.027344 0.370833 0.029687 0.376389 0.029687 0.379167 0.030469 0.381944 0.028906 0.379167 0.027344 0.375000 0.026562 0.372222 0.026562 0.369444 0.027344 0.356944 0.025000 0.352778 0.023438 0.351389 0.021875 0.350000 0.017188 0.350000 0.015625 0.351389 0.014063 0.352778 0.011719 0.356944 0.011719 0.373611 0.011719 0.370833 0.010156 0.368056 0.010156 0.366667 0.009375 0.365278 0.008594 0.365278 0.007031 0.362500 0.000000 0.362500 0.000000 0.323611 0.003125 0.323611 0.006250 0.326389 0.009375 0.326389 0.011719 0.327778 0.016406 0.331944 0.021094 0.331944 0.021875 0.330556 0.023438 0.329167 0.022656 0.325000 0.021875 0.323611 0.021094 0.320833 0.018750 0.323611 0.014844 0.323611 0.012500 0.322222 0.010937 0.319444 0.010937 0.318056 0.009375 0.315278 0.011719 0.315278 0.012500 0.318056 0.021875 0.318056 0.025781 0.316667 0.031250 0.312500 0.036719 0.313889 0.040625 0.329167 0.040625 0.327778 0.042188 0.319444 0.042188 0.316667 0.038281 0.316667 0.039844 0.322222 0.040625 0.327778 0.040625 0.329167 0.039062 0.331944 0.041406 0.334722 0.040625 0.329167 0.036719 0.313889 0.042188 0.312500 0.046094 0.311111 0.049219 0.309722 0.050781 0.304167 0.050781 0.294444 0.054688 0.286111 0.056250 0.283333 0.057813 0.284722 0.060156 0.284722 0.062500 0.280556 0.066406 0.279167 0.067969 0.277778 0.071094 0.272222 0.071875 0.268056 0.072656 0.266667 0.074219 0.265278 0.077344 0.263889 0.079687 0.259722 0.083594 0.256944 0.085156 0.252778 0.089844 0.247222 0.090625 0.247222 0.091406 0.243056 0.093750 0.241667 0.095312 0.238889 0.097656 0.237500 0.101562 0.237500 0.103125 0.234722 0.104688 0.234722 0.105469 0.231944 0.107813 0.230556 0.109375 0.231944 0.107813 0.233333 0.111719 0.236111 0.117188 0.236111 0.118750 0.231944 0.121094 0.234722 0.121875 0.237500 0.123438 0.238889 0.125000 0.238889 0.126562 0.241667 0.130469 0.241667 0.134375 0.244444 0.135937 0.248611 0.138281 0.250000 0.139844 0.247222 0.140625 0.243056 0.142187 0.240278 0.146094 0.238889 0.149219 0.243056 0.151562 0.241667 0.153906 0.237500 0.154688 0.234722 0.155469 0.229167 0.157031 0.226389 0.157812 0.226389 0.159375 0.225000 0.160156 0.222222 0.161719 0.222222 0.163281 0.219444 0.164062 0.215278 0.168750 0.208333 0.171875 0.202778 0.172656 0.198611 0.172656 0.195833 0.170313 0.193056 0.167187 0.193056 0.168750 0.188889 0.168750 0.184722 0.167969 0.183333 0.167969 0.177778 0.169531 0.175000 0.169531 0.173611 0.173437 0.175000 0.175781 0.175000 0.177344 0.177778 0.179688 0.177778 0.180469 0.175000 0.183594 0.176389 0.188281 0.169444 0.185938 0.162500 0.184375 0.163889 0.181250 0.162500 0.179688 0.154167 0.178125 0.151389 0.177344 0.152778 0.175781 0.151389 0.174219 0.154167 0.172656 0.151389 0.171875 0.151389 0.168750 0.147222 0.168750 0.143056 0.167969 0.140278 0.165625 0.136111 0.164062 0.134722 0.157812 0.136111 0.155469 0.136111 0.154688 0.134722 0.151562 0.134722 0.150000 0.131944 0.149219 0.129167 0.149219 0.123611 0.147656 0.122222 0.146094 0.120833 0.143750 0.119444 0.142969 0.118056 0.141406 0.116667 0.133594 0.116667 0.130469 0.113889 0.129688 0.111111 0.130469 0.109722 0.128906 0.106944 0.125781 0.106944 0.125000 0.108333 0.121875 0.108333 0.120313 0.105556 0.115625 0.105556 0.115625 0.111111 0.111719 0.105556 0.111719 0.100000 0.111719 0.098611 0.106250 0.090278 0.106250 0.087500 0.104688 0.086111 0.103906 0.080556 0.103906 0.077778 0.108594 0.076389 0.110156 0.073611 0.110156 0.069444 0.109375 0.055556 0.110156 0.038889 0.110937 0.036111 0.112500 0.033333 0.114062 0.033333 0.114844 0.029167 0.116406 0.026389 0.116406 0.016667 0.114844 0.012500 0.114062 0.002778 0.114062 0.000000 0.619531 0.000000
22 0.528125 0.641667 0.525000 0.647222 0.521875 0.650000 0.523438 0.651389 0.524219 0.652778 0.526563 0.654167 0.524219 0.655556 0.525781 0.656944 0.521875 0.661111 0.557813 0.661111 0.558594 0.659722 0.560937 0.659722 0.559375 0.656944 0.559375 0.654167 0.557813 0.654167 0.557031 0.652778 0.553906 0.651389 0.550000 0.650000 0.546094 0.648611 0.541406 0.648611 0.538281 0.647222 0.535937 0.645833 0.532813 0.641667 0.528125 0.641667
22 0.637500 0.384722 0.632812 0.388889 0.629687 0.390278 0.624219 0.391667 0.619531 0.390278 0.617969 0.390278 0.615625 0.391667 0.617969 0.394444 0.617969 0.397222 0.615625 0.400000 0.617188 0.400000 0.617969 0.401389 0.622656 0.402778 0.628125 0.401389 0.621094 0.401389 0.619531 0.398611 0.622656 0.397222 0.628125 0.397222 0.630469 0.397222 0.632031 0.398611 0.630469 0.397222 0.627344 0.395833 0.628906 0.393056 0.632031 0.393056 0.637500 0.397222 0.635938 0.398611 0.641406 0.397222 0.645312 0.398611 0.646094 0.401389 0.650000 0.402778 0.653125 0.401389 0.655469 0.402778 0.657813 0.402778 0.658594 0.404167 0.660156 0.405556 0.657031 0.408333 0.658594 0.409722 0.660156 0.409722 0.662500 0.413889 0.663281 0.420833 0.663281 0.426389 0.664062 0.434722 0.665625 0.437500 0.665625 0.441667 0.667188 0.447222 0.668750 0.450000 0.669531 0.450000 0.671875 0.454167 0.674219 0.452778 0.677344 0.454167 0.678906 0.452778 0.682813 0.448611 0.685156 0.444444 0.689844 0.447222 0.692969 0.445833 0.695312 0.450000 0.699219 0.452778 0.700781 0.455556 0.701562 0.462500 0.704688 0.469444 0.707812 0.469444 0.711719 0.476389 0.714063 0.476389 0.716406 0.475000 0.717187 0.470833 0.718750 0.468056 0.720313 0.461111 0.722656 0.456944 0.722656 0.454167 0.721094 0.451389 0.723437 0.450000 0.724219 0.451389 0.727344 0.451389 0.728906 0.452778 0.735938 0.459722 0.737500 0.462500 0.737500 0.465278 0.739844 0.469444 0.742969 0.473611 0.746875 0.476389 0.750000 0.481944 0.750781 0.486111 0.753906 0.483333 0.755469 0.483333 0.757031 0.484722 0.758594 0.486111 0.760938 0.491667 0.759375 0.495833 0.760156 0.498611 0.758594 0.500000 0.757812 0.502778 0.756250 0.509722 0.757031 0.515278 0.756250 0.516667 0.756250 0.520833 0.758594 0.525000 0.760156 0.526389 0.762500 0.526389 0.764844 0.530556 0.765625 0.534722 0.766406 0.537500 0.767188 0.538889 0.768750 0.540278 0.772656 0.540278 0.782813 0.547222 0.784375 0.547222 0.789844 0.543056 0.798438 0.534722 0.805469 0.534722 0.807813 0.536111 0.809375 0.537500 0.810937 0.540278 0.810937 0.543056 0.812500 0.545833 0.812500 0.552778 0.811719 0.554167 0.811719 0.559722 0.813281 0.559722 0.814844 0.559722 0.817969 0.562500 0.824219 0.563889 0.826562 0.562500 0.831250 0.563889 0.832812 0.561111 0.832812 0.555556 0.833594 0.551389 0.835156 0.548611 0.837500 0.554167 0.839844 0.552778 0.841406 0.551389 0.846094 0.544444 0.847656 0.541667 0.848437 0.537500 0.850781 0.536111 0.853125 0.531944 0.853125 0.525000 0.853906 0.519444 0.856250 0.512500 0.859375 0.518056 0.860156 0.520833 0.859375 0.522222 0.861719 0.526389 0.863281 0.527778 0.867188 0.530556 0.868750 0.530556 0.871094 0.526389 0.871875 0.526389 0.873437 0.523611 0.876563 0.515278 0.881250 0.506944 0.882031 0.504167 0.883594 0.497222 0.885156 0.491667 0.886719 0.494444 0.886719 0.491667 0.885938 0.487500 0.890625 0.480556 0.889062 0.477778 0.891406 0.475000 0.891406 0.469444 0.888281 0.455556 0.889062 0.454167 0.889062 0.447222 0.890625 0.445833 0.888281 0.445833 0.886719 0.443056 0.888281 0.441667 0.886719 0.440278 0.885938 0.434722 0.885938 0.430556 0.886719 0.429167 0.886719 0.425000 0.883594 0.426389 0.880469 0.425000 0.877344 0.422222 0.866406 0.422222 0.862500 0.419444 0.856250 0.420833 0.839844 0.419444 0.831250 0.418056 0.823438 0.415278 0.813281 0.415278 0.803906 0.413889 0.799219 0.411111 0.796875 0.411111 0.787500 0.412500 0.783594 0.409722 0.785156 0.408333 0.780469 0.409722 0.778906 0.409722 0.772656 0.406944 0.765625 0.405556 0.759375 0.405556 0.758594 0.404167 0.754687 0.404167 0.757031 0.404167 0.757812 0.405556 0.759375 0.406944 0.754687 0.408333 0.753906 0.406944 0.747656 0.405556 0.739062 0.405556 0.732031 0.404167 0.728906 0.401389 0.712500 0.401389 0.708594 0.398611 0.703906 0.400000 0.693750 0.394444 0.688281 0.394444 0.670312 0.394444 0.667188 0.395833 0.661719 0.393056 0.648438 0.393056 0.646875 0.390278 0.644531 0.388889 0.639844 0.387500 0.639062 0.384722 0.637500 0.384722
22 0.692969 0.304167 0.692969 0.311111 0.694531 0.308333 0.692969 0.304167
22 0.703906 0.295833 0.701562 0.297222 0.700000 0.298611 0.699219 0.302778 0.700781 0.302778 0.702344 0.301389 0.703125 0.298611 0.703906 0.295833
22 0.719531 0.287500 0.717187 0.288889 0.714063 0.291667 0.717969 0.291667 0.719531 0.287500
23 0.798438 0.536111 0.795312 0.538889 0.789844 0.544444 0.788281 0.544444 0.785156 0.547222 0.786719 0.548611 0.787500 0.550000 0.791406 0.551389 0.796875 0.554167 0.800781 0.554167 0.805469 0.555556 0.808594 0.559722 0.810937 0.559722 0.810937 0.554167 0.811719 0.552778 0.811719 0.545833 0.810156 0.543056 0.809375 0.538889 0.807813 0.537500 0.805469 0.536111 0.798438 0.536111
23 0.856250 0.513889 0.855469 0.516667 0.854688 0.519444 0.853906 0.525000 0.853906 0.531944 0.850781 0.537500 0.848437 0.538889 0.848437 0.541667 0.846094 0.545833 0.841406 0.552778 0.839844 0.554167 0.837500 0.555556 0.835156 0.550000 0.834375 0.554167 0.833594 0.555556 0.833594 0.559722 0.835156 0.561111 0.837500 0.562500 0.846875 0.563889 0.849219 0.563889 0.850000 0.562500 0.853125 0.562500 0.853906 0.561111 0.855469 0.561111 0.857031 0.555556 0.857812 0.554167 0.858594 0.554167 0.860156 0.551389 0.864062 0.548611 0.867188 0.544444 0.867969 0.541667 0.867969 0.531944 0.866406 0.530556 0.864844 0.529167 0.863281 0.529167 0.861719 0.527778 0.858594 0.522222 0.859375 0.520833 0.858594 0.518056 0.856250 0.513889
23 0.917969 0.484722 0.914844 0.488889 0.912500 0.493056 0.914844 0.498611 0.914844 0.504167 0.916406 0.509722 0.924219 0.509722 0.924219 0.506944 0.928125 0.500000 0.931250 0.495833 0.933594 0.494444 0.935156 0.493056 0.932031 0.491667 0.930469 0.488889 0.928125 0.487500 0.925781 0.486111 0.922656 0.484722 0.917969 0.484722
23 0.985156 0.436111 0.985938 0.437500 0.991406 0.438889 0.993750 0.441667 0.996875 0.443056 0.999219 0.443056 0.999219 0.559722 0.997656 0.559722 0.996875 0.561111 0.991406 0.561111 0.989062 0.563889 0.986719 0.566667 0.985156 0.569444 0.981250 0.580556 0.982031 0.583333 0.981250 0.586111 0.981250 0.584722 0.980469 0.579167 0.978906 0.581944 0.975781 0.583333 0.972656 0.583333 0.971094 0.584722 0.979688 0.586111 0.981250 0.584722 0.981250 0.586111 0.975000 0.586111 0.974219 0.587500 0.964844 0.587500 0.963281 0.584722 0.962500 0.580556 0.960938 0.579167 0.964063 0.583333 0.961719 0.575000 0.960156 0.575000 0.960156 0.566667 0.958594 0.555556 0.958594 0.550000 0.960156 0.547222 0.960938 0.543056 0.960938 0.536111 0.960156 0.533333 0.959375 0.530556 0.957812 0.526389 0.956250 0.522222 0.953906 0.518056 0.951562 0.516667 0.950781 0.513889 0.950781 0.511111 0.946875 0.505556 0.948438 0.502778 0.950781 0.501389 0.949219 0.490278 0.948438 0.490278 0.946875 0.488889 0.948438 0.488889 0.950781 0.487500 0.954688 0.480556 0.955469 0.477778 0.956250 0.475000 0.956250 0.465278 0.959375 0.459722 0.960938 0.452778 0.960156 0.448611 0.962500 0.445833 0.960156 0.444444 0.964844 0.444444 0.965625 0.443056 0.975781 0.441667 0.979688 0.440278 0.981250 0.437500 0.983594 0.436111 0.985156 0.436111
23 0.035937 0.409722 0.035937 0.419444 0.035156 0.426389 0.031250 0.433333 0.030469 0.436111 0.030469 0.440278 0.028906 0.444444 0.028906 0.450000 0.029687 0.452778 0.032031 0.454167 0.033594 0.455556 0.035156 0.458333 0.032813 0.454167 0.032031 0.451389 0.031250 0.447222 0.033594 0.440278 0.033594 0.433333 0.035937 0.429167 0.036719 0.426389 0.036719 0.419444 0.035937 0.418056 0.035937 0.409722
23 0.212500 0.402778 0.210938 0.405556 0.210938 0.409722 0.217969 0.409722 0.217969 0.406944 0.217188 0.404167 0.212500 0.402778
23 0.579688 0.384722 0.582812 0.390278 0.584375 0.391667 0.585938 0.393056 0.589844 0.393056 0.591406 0.391667 0.592187 0.388889 0.593750 0.386111 0.596875 0.387500 0.600781 0.388889 0.601562 0.390278 0.603125 0.391667 0.609375 0.393056 0.611719 0.393056 0.612500 0.395833 0.613281 0.395833 0.614844 0.390278 0.617188 0.390278 0.614844 0.391667 0.617188 0.394444 0.616406 0.398611 0.614844 0.400000 0.617969 0.402778 0.622656 0.404167 0.628125 0.404167 0.620313 0.398611 0.621875 0.398611 0.622656 0.400000 0.628125 0.398611 0.631250 0.400000 0.635156 0.398611 0.640625 0.398611 0.645312 0.400000 0.646875 0.404167 0.650000 0.404167 0.651563 0.401389 0.653125 0.402778 0.655469 0.404167 0.657813 0.404167 0.659375 0.405556 0.657813 0.405556 0.656250 0.408333 0.657813 0.409722 0.658594 0.411111 0.660156 0.411111 0.661719 0.413889 0.661719 0.419444 0.662500 0.426389 0.663281 0.434722 0.664844 0.437500 0.664844 0.441667 0.665625 0.444444 0.666406 0.447222 0.668750 0.451389 0.671875 0.455556 0.675000 0.456944 0.677344 0.455556 0.678906 0.454167 0.682813 0.450000 0.685156 0.445833 0.689844 0.448611 0.692187 0.447222 0.695312 0.451389 0.697656 0.452778 0.699219 0.454167 0.700781 0.462500 0.703906 0.469444 0.707812 0.470833 0.711719 0.477778 0.714063 0.477778 0.715625 0.477778 0.717187 0.475000 0.719531 0.468056 0.720313 0.463889 0.721875 0.459722 0.722656 0.458333 0.723437 0.454167 0.721875 0.451389 0.723437 0.451389 0.724219 0.452778 0.727344 0.452778 0.728906 0.454167 0.732031 0.458333 0.734375 0.459722 0.735938 0.461111 0.736719 0.465278 0.739844 0.470833 0.742969 0.475000 0.746875 0.477778 0.749219 0.481944 0.749219 0.484722 0.750781 0.487500 0.753906 0.484722 0.755469 0.484722 0.758594 0.487500 0.760156 0.490278 0.758594 0.495833 0.759375 0.498611 0.757031 0.502778 0.756250 0.506944 0.755469 0.509722 0.756250 0.515278 0.750000 0.512500 0.749219 0.509722 0.747656 0.508333 0.745313 0.508333 0.740625 0.511111 0.738281 0.512500 0.736719 0.515278 0.735938 0.518056 0.734375 0.520833 0.730469 0.522222 0.728906 0.525000 0.727344 0.522222 0.724219 0.520833 0.721094 0.520833 0.717969 0.518056 0.717969 0.508333 0.718750 0.505556 0.719531 0.504167 0.720313 0.498611 0.718750 0.495833 0.716406 0.501389 0.717187 0.504167 0.717969 0.508333 0.717969 0.518056 0.721094 0.523611 0.719531 0.523611 0.718750 0.522222 0.716406 0.522222 0.714844 0.519444 0.703906 0.520833 0.703125 0.519444 0.701562 0.519444 0.702344 0.513889 0.700781 0.512500 0.703906 0.512500 0.704688 0.513889 0.707031 0.513889 0.708594 0.511111 0.706250 0.509722 0.705469 0.504167 0.702344 0.509722 0.698438 0.509722 0.696875 0.506944 0.695312 0.506944 0.692969 0.506944 0.693750 0.505556 0.692187 0.502778 0.691406 0.505556 0.689844 0.502778 0.687500 0.498611 0.685156 0.495833 0.681250 0.497222 0.675781 0.493056 0.671875 0.488889 0.672656 0.484722 0.675000 0.480556 0.675781 0.475000 0.675000 0.469444 0.675781 0.466667 0.673438 0.463889 0.671875 0.466667 0.669531 0.473611 0.667188 0.476389 0.666406 0.477778 0.664062 0.483333 0.659375 0.484722 0.664844 0.491667 0.666406 0.491667 0.667969 0.494444 0.671094 0.495833 0.674219 0.495833 0.676562 0.498611 0.680469 0.500000 0.685156 0.500000 0.686719 0.502778 0.689063 0.501389 0.689844 0.502778 0.691406 0.505556 0.693750 0.505556 0.692969 0.506944 0.695312 0.511111 0.698438 0.512500 0.698438 0.516667 0.696875 0.516667 0.696094 0.513889 0.692187 0.509722 0.691406 0.515278 0.689844 0.515278 0.688281 0.512500 0.685937 0.511111 0.681250 0.508333 0.675781 0.506944 0.671875 0.504167 0.670312 0.501389 0.670312 0.500000 0.665625 0.498611 0.660156 0.495833 0.660937 0.494444 0.662500 0.490278 0.659375 0.491667 0.660937 0.494444 0.660156 0.495833 0.656250 0.493056 0.650781 0.487500 0.647656 0.486111 0.649219 0.481944 0.653906 0.480556 0.652344 0.477778 0.649219 0.477778 0.645312 0.473611 0.639062 0.470833 0.636719 0.470833 0.639844 0.476389 0.643750 0.476389 0.646094 0.477778 0.649219 0.481944 0.647656 0.486111 0.644531 0.486111 0.642188 0.483333 0.639844 0.483333 0.637500 0.481944 0.634375 0.477778 0.631250 0.477778 0.628906 0.475000 0.618750 0.470833 0.619531 0.463889 0.622656 0.463889 0.622656 0.459722 0.621094 0.458333 0.617188 0.458333 0.613281 0.454167 0.610938 0.455556 0.610156 0.454167 0.608594 0.451389 0.606250 0.450000 0.604688 0.450000 0.604688 0.454167 0.606250 0.455556 0.610156 0.454167 0.610938 0.455556 0.612500 0.458333 0.617188 0.462500 0.619531 0.463889 0.618750 0.470833 0.616406 0.469444 0.607812 0.462500 0.606250 0.459722 0.603906 0.458333 0.600781 0.458333 0.599219 0.456944 0.596875 0.452778 0.595313 0.451389 0.594531 0.444444 0.593750 0.438889 0.591406 0.438889 0.589844 0.441667 0.592187 0.443056 0.592969 0.444444 0.594531 0.444444 0.595313 0.451389 0.589063 0.451389 0.586719 0.448611 0.585938 0.447222 0.585156 0.445833 0.584375 0.445833 0.580469 0.450000 0.578906 0.450000 0.579688 0.444444 0.579688 0.441667 0.578125 0.438889 0.578125 0.429167 0.577344 0.422222 0.576562 0.419444 0.575000 0.416667 0.573438 0.415278 0.570312 0.413889 0.567969 0.412500 0.565625 0.404167 0.564063 0.393056 0.562500 0.387500 0.566406 0.388889 0.567187 0.387500 0.571094 0.388889 0.574219 0.388889 0.576562 0.387500 0.578125 0.386111 0.579688 0.380556 0.579688 0.384722
23 0.244531 0.348611 0.243750 0.352778 0.246094 0.354167 0.246094 0.356944 0.246875 0.359722 0.248438 0.358333 0.247656 0.354167 0.245312 0.352778 0.244531 0.348611
23 0.225781 0.319444 0.225000 0.322222 0.224219 0.329167 0.221875 0.327778 0.221875 0.325000 0.220312 0.325000 0.218750 0.322222 0.214062 0.320833 0.212500 0.320833 0.211719 0.323611 0.209375 0.323611 0.207813 0.327778 0.205469 0.325000 0.203906 0.325000 0.200781 0.327778 0.198437 0.326389 0.198437 0.329167 0.199219 0.330556 0.199219 0.333333 0.200000 0.336111 0.201563 0.340278 0.203906 0.344444 0.204687 0.350000 0.208594 0.356944 0.208594 0.363889 0.207031 0.366667 0.207031 0.370833 0.208594 0.380556 0.212500 0.380556 0.217188 0.383333 0.215625 0.384722 0.217969 0.386111 0.219531 0.383333 0.221094 0.383333 0.223438 0.386111 0.223438 0.380556 0.225000 0.375000 0.225000 0.368056 0.232031 0.355556 0.231250 0.352778 0.232813 0.350000 0.231250 0.347222 0.230469 0.347222 0.228125 0.343056 0.227344 0.337500 0.226562 0.327778 0.226562 0.325000 0.228125 0.325000 0.227344 0.320833 0.225781 0.319444
23 0.228125 0.305556 0.228125 0.309722 0.230469 0.311111 0.231250 0.316667 0.233594 0.315278 0.233594 0.313889 0.235156 0.312500 0.230469 0.309722 0.230469 0.308333 0.229687 0.306944 0.228125 0.305556
30 0.870313 0.061111 0.868750 0.062500 0.865625 0.066667 0.863281 0.068056 0.859375 0.068056 0.857031 0.070833 0.853125 0.072222 0.850781 0.069444 0.845313 0.069444 0.841406 0.072222 0.839844 0.073611 0.838281 0.075000 0.835156 0.080556 0.832812 0.081944 0.831250 0.083333 0.829688 0.088889 0.828906 0.104167 0.828906 0.108333 0.830469 0.118056 0.832031 0.119444 0.855469 0.119444 0.870313 0.118056 0.876563 0.116667 0.878125 0.115278 0.879687 0.109722 0.879687 0.083333 0.881250 0.065278 0.879687 0.063889 0.878125 0.062500 0.875781 0.061111 0.870313 0.061111
25 0.942969 0.490278 0.938281 0.493056 0.935937 0.493056 0.937500 0.501389 0.936719 0.505556 0.941406 0.505556 0.943750 0.500000 0.947656 0.495833 0.947656 0.491667 0.946094 0.490278 0.944531 0.488889 0.942969 0.490278
25 0.892188 0.475000 0.889844 0.477778 0.891406 0.480556 0.889844 0.483333 0.889062 0.483333 0.887500 0.486111 0.887500 0.487500 0.885938 0.490278 0.887500 0.491667 0.885938 0.495833 0.884375 0.493056 0.884375 0.497222 0.883594 0.498611 0.883594 0.501389 0.885156 0.502778 0.888281 0.504167 0.890625 0.508333 0.892188 0.509722 0.893750 0.509722 0.895312 0.512500 0.896875 0.511111 0.900781 0.505556 0.903906 0.506944 0.905469 0.506944 0.906250 0.504167 0.907031 0.501389 0.907031 0.495833 0.909375 0.491667 0.911719 0.493056 0.914844 0.487500 0.915625 0.487500 0.917969 0.483333 0.916406 0.480556 0.912500 0.479167 0.906250 0.477778 0.903906 0.479167 0.903125 0.476389 0.900781 0.476389 0.900000 0.475000 0.892188 0.475000
25 0.996094 0.381944 0.995313 0.384722 0.995313 0.387500 0.993750 0.390278 0.991406 0.391667 0.988281 0.391667 0.988281 0.394444 0.989062 0.397222 0.989844 0.400000 0.992969 0.405556 0.995313 0.408333 0.999219 0.409722 0.999219 0.381944 0.996094 0.381944
25 0.040625 0.330556 0.039844 0.333333 0.041406 0.333333 0.040625 0.330556
25 0.039062 0.316667 0.040625 0.322222 0.040625 0.326389 0.040625 0.320833 0.041406 0.319444 0.041406 0.316667 0.039062 0.316667
25 0.539844 0.306944 0.542188 0.312500 0.543750 0.319444 0.545312 0.322222 0.546094 0.326389 0.547656 0.327778 0.547656 0.325000 0.544531 0.313889 0.539844 0.306944
25 0.405469 0.302778 0.403906 0.305556 0.401562 0.305556 0.400000 0.306944 0.399219 0.313889 0.401562 0.311111 0.404687 0.304167 0.407031 0.302778 0.405469 0.302778
25 0.408594 0.301389 0.410156 0.300000 0.411719 0.300000 0.408594 0.301389
25 0.999219 0.065278 0.996094 0.066667 0.992969 0.072222 0.992188 0.066667 0.990625 0.075000 0.990625 0.081944 0.990625 0.084722 0.993750 0.086111 0.993750 0.084722 0.994531 0.083333 0.996094 0.081944 0.999219 0.081944 0.999219 0.065278
25 0.921094 0.000000 0.921094 0.002778 0.921875 0.004167 0.922656 0.009722 0.921094 0.015278 0.917969 0.022222 0.917188 0.027778 0.915625 0.031944 0.912500 0.038889 0.911719 0.041667 0.910937 0.044444 0.910937 0.044444 0.910156 0.041667 0.906250 0.048611 0.907031 0.051389 0.910937 0.044444 0.910937 0.044444 0.910937 0.048611 0.910156 0.050000 0.910156 0.052778 0.905469 0.051389 0.902344 0.055556 0.900781 0.056944 0.896875 0.059722 0.891406 0.059722 0.889062 0.063889 0.884375 0.062500 0.882812 0.062500 0.882031 0.063889 0.880469 0.063889 0.875781 0.059722 0.870313 0.059722 0.868750 0.061111 0.865625 0.065278 0.863281 0.066667 0.859375 0.066667 0.857031 0.069444 0.853906 0.070833 0.850781 0.068056 0.845313 0.068056 0.841406 0.070833 0.839844 0.072222 0.838281 0.073611 0.835156 0.079167 0.832812 0.080556 0.829688 0.084722 0.827344 0.081944 0.822656 0.081944 0.821094 0.083333 0.819531 0.086111 0.818750 0.088889 0.818750 0.091667 0.817187 0.095833 0.814844 0.097222 0.814844 0.098611 0.812500 0.098611 0.811719 0.095833 0.810937 0.093056 0.811719 0.090278 0.810937 0.086111 0.809375 0.081944 0.808594 0.083333 0.807813 0.080556 0.807031 0.079167 0.807031 0.076389 0.807813 0.075000 0.807813 0.070833 0.808594 0.069444 0.808594 0.066667 0.810156 0.065278 0.810937 0.062500 0.810156 0.055556 0.808594 0.052778 0.808594 0.051389 0.806250 0.050000 0.800781 0.043056 0.797656 0.043056 0.795312 0.040278 0.794531 0.037500 0.792969 0.041667 0.791406 0.041667 0.790625 0.044444 0.789844 0.045833 0.788281 0.047222 0.783594 0.051389 0.779687 0.052778 0.773438 0.050000 0.771875 0.052778 0.769531 0.052778 0.767969 0.050000 0.765625 0.050000 0.764844 0.047222 0.764062 0.044444 0.764844 0.023611 0.764062 0.016667 0.762500 0.012500 0.762500 0.008333 0.761719 0.005556 0.758594 0.002778 0.755469 0.002778 0.754687 0.001389 0.752344 0.001389 0.921094 0.000000
25 0.676562 0.000000 0.676562 0.006944 0.678125 0.009722 0.677344 0.022222 0.678125 0.026389 0.681250 0.036111 0.682813 0.038889 0.683594 0.041667 0.684375 0.044444 0.683594 0.058333 0.684375 0.065278 0.685937 0.069444 0.685156 0.083333 0.685156 0.087500 0.685937 0.101389 0.685156 0.105556 0.681250 0.108333 0.679688 0.111111 0.679688 0.112500 0.678906 0.113889 0.675781 0.115278 0.675000 0.123611 0.675781 0.126389 0.678125 0.131944 0.678906 0.133333 0.678906 0.152778 0.679688 0.162500 0.682031 0.168056 0.682813 0.172222 0.683594 0.183333 0.682031 0.187500 0.682031 0.190278 0.678125 0.202778 0.675000 0.209722 0.675000 0.212500 0.675781 0.215278 0.678125 0.219444 0.678906 0.222222 0.679688 0.225000 0.680469 0.233333 0.680469 0.240278 0.679688 0.245833 0.678906 0.247222 0.678906 0.250000 0.676562 0.251389 0.675781 0.255556 0.673438 0.256944 0.668750 0.258333 0.666406 0.255556 0.664844 0.255556 0.664062 0.258333 0.660937 0.252778 0.656250 0.252778 0.652344 0.254167 0.650000 0.255556 0.648438 0.258333 0.644531 0.252778 0.642188 0.251389 0.641406 0.254167 0.644531 0.252778 0.648438 0.258333 0.649219 0.261111 0.649219 0.262500 0.650000 0.263889 0.651563 0.265278 0.653125 0.266667 0.654687 0.266667 0.661719 0.265278 0.666406 0.269444 0.675000 0.269444 0.679688 0.266667 0.679688 0.265278 0.681250 0.261111 0.683594 0.258333 0.685156 0.258333 0.683594 0.262500 0.682813 0.268056 0.681250 0.269444 0.678906 0.269444 0.675781 0.275000 0.674219 0.275000 0.671875 0.275000 0.669531 0.275000 0.671094 0.273611 0.667969 0.270833 0.665625 0.269444 0.657031 0.272222 0.652344 0.270833 0.646875 0.272222 0.642969 0.270833 0.641406 0.268056 0.641406 0.263889 0.638281 0.262500 0.628125 0.243056 0.627344 0.238889 0.623437 0.231944 0.618750 0.225000 0.614844 0.220833 0.612500 0.219444 0.607031 0.220833 0.606250 0.222222 0.604688 0.226389 0.604688 0.234722 0.608594 0.241667 0.609375 0.244444 0.610156 0.254167 0.609375 0.256944 0.609375 0.259722 0.614844 0.269444 0.614844 0.273611 0.614844 0.281944 0.616406 0.286111 0.617188 0.288889 0.614062 0.295833 0.613281 0.298611 0.614062 0.315278 0.613281 0.318056 0.612500 0.320833 0.606250 0.320833 0.604688 0.323611 0.604688 0.331944 0.600000 0.340278 0.598437 0.345833 0.595313 0.351389 0.594531 0.354167 0.595313 0.356944 0.591406 0.356944 0.586719 0.350000 0.585156 0.348611 0.582031 0.348611 0.581250 0.347222 0.579688 0.347222 0.579688 0.343056 0.581250 0.338889 0.581250 0.337500 0.585938 0.336111 0.585938 0.344444 0.591406 0.345833 0.592187 0.343056 0.592187 0.338889 0.592969 0.336111 0.593750 0.334722 0.595313 0.333333 0.596875 0.333333 0.598437 0.330556 0.599219 0.326389 0.603906 0.318056 0.603125 0.315278 0.601562 0.316667 0.600000 0.319444 0.598437 0.320833 0.596875 0.320833 0.595313 0.323611 0.593750 0.323611 0.592187 0.320833 0.590625 0.320833 0.589844 0.326389 0.589063 0.329167 0.587500 0.330556 0.585938 0.330556 0.584375 0.329167 0.583594 0.325000 0.582031 0.322222 0.580469 0.320833 0.577344 0.329167 0.578906 0.333333 0.578906 0.338889 0.578125 0.341667 0.575781 0.345833 0.573438 0.347222 0.570312 0.347222 0.562500 0.333333 0.561719 0.327778 0.561719 0.322222 0.560156 0.319444 0.554688 0.318056 0.553125 0.318056 0.550000 0.319444 0.548438 0.319444 0.546875 0.315278 0.546875 0.311111 0.546094 0.308333 0.543750 0.304167 0.539844 0.304167 0.535937 0.297222 0.534375 0.297222 0.527344 0.300000 0.525000 0.298611 0.522656 0.297222 0.523438 0.293056 0.521875 0.290278 0.521875 0.287500 0.524219 0.287500 0.522656 0.284722 0.521875 0.287500 0.521875 0.290278 0.521094 0.290278 0.521094 0.273611 0.521094 0.269444 0.520312 0.261111 0.519531 0.252778 0.515625 0.245833 0.517969 0.245833 0.517969 0.248611 0.521094 0.254167 0.519531 0.247222 0.517969 0.248611 0.517969 0.245833 0.515625 0.238889 0.514844 0.243056 0.514062 0.240278 0.514844 0.233333 0.514062 0.229167 0.510938 0.227778 0.509375 0.226389 0.509375 0.219444 0.510156 0.215278 0.511719 0.212500 0.512500 0.218056 0.514844 0.218056 0.514844 0.216667 0.516406 0.212500 0.517969 0.209722 0.519531 0.209722 0.521094 0.206944 0.518750 0.202778 0.521094 0.202778 0.522656 0.191667 0.528906 0.190278 0.528906 0.194444 0.530469 0.191667 0.529687 0.187500 0.528906 0.190278 0.522656 0.191667 0.522656 0.183333 0.524219 0.179167 0.524219 0.173611 0.521875 0.170833 0.521094 0.165278 0.520312 0.156944 0.520312 0.141667 0.518750 0.137500 0.517969 0.131944 0.517969 0.111111 0.519531 0.108333 0.525000 0.108333 0.525781 0.105556 0.525781 0.108333 0.527344 0.111111 0.529687 0.111111 0.526563 0.111111 0.525000 0.112500 0.523438 0.115278 0.522656 0.122222 0.524219 0.125000 0.525000 0.130556 0.523438 0.133333 0.523438 0.136111 0.526563 0.145833 0.526563 0.156944 0.525781 0.163889 0.526563 0.168056 0.528906 0.173611 0.529687 0.165278 0.528906 0.163889 0.528906 0.155556 0.529687 0.141667 0.527344 0.137500 0.526563 0.134722 0.526563 0.119444 0.528125 0.116667 0.529687 0.116667 0.531250 0.113889 0.534375 0.112500 0.531250 0.111111 0.536719 0.109722 0.539062 0.113889 0.540625 0.119444 0.542188 0.116667 0.542969 0.115278 0.545312 0.115278 0.547656 0.111111 0.548438 0.105556 0.551562 0.102778 0.554688 0.102778 0.554688 0.108333 0.557031 0.108333 0.557813 0.108333 0.558594 0.104167 0.557031 0.102778 0.556250 0.100000 0.560156 0.100000 0.561719 0.095833 0.564063 0.093056 0.563281 0.086111 0.568750 0.081944 0.573438 0.081944 0.578125 0.084722 0.582031 0.084722 0.582812 0.083333 0.588281 0.081944 0.588281 0.080556 0.589844 0.077778 0.592187 0.076389 0.596094 0.065278 0.596094 0.061111 0.598437 0.058333 0.602344 0.055556 0.604688 0.055556 0.606250 0.054167 0.607031 0.052778 0.609375 0.050000 0.610156 0.048611 0.611719 0.044444 0.612500 0.044444 0.615625 0.040278 0.617969 0.036111 0.618750 0.029167 0.619531 0.029167 0.621094 0.026389 0.623437 0.025000 0.625000 0.022222 0.625000 0.016667 0.627344 0.011111 0.630469 0.009722 0.632031 0.006944 0.632812 0.004167 0.632812 0.000000 0.676562 0.000000
25 0.620313 0.000000 0.619531 0.015278 0.617969 0.011111 0.617188 0.015278 0.616406 0.013889 0.615625 0.020833 0.614062 0.026389 0.610156 0.025000 0.610156 0.029167 0.608594 0.034722 0.607031 0.030556 0.606250 0.031944 0.604688 0.030556 0.604688 0.033333 0.603125 0.036111 0.601562 0.037500 0.600781 0.034722 0.599219 0.034722 0.597656 0.036111 0.596875 0.036111 0.595313 0.044444 0.595313 0.055556 0.598437 0.050000 0.600000 0.048611 0.603125 0.047222 0.610156 0.040278 0.617188 0.027778 0.619531 0.023611 0.621875 0.018056 0.622656 0.013889 0.628125 0.005556 0.628125 0.002778 0.628906 0.000000 0.620313 0.000000
25 0.113281 0.000000 0.113281 0.002778 0.114062 0.004167 0.114062 0.012500 0.115625 0.016667 0.115625 0.026389 0.114062 0.029167 0.114062 0.031944 0.111719 0.033333 0.110937 0.034722 0.110156 0.036111 0.109375 0.038889 0.108594 0.055556 0.109375 0.069444 0.109375 0.073611 0.104688 0.075000 0.103125 0.077778 0.103125 0.080556 0.103906 0.081944 0.104688 0.087500 0.106250 0.091667 0.109375 0.095833 0.110937 0.098611 0.111719 0.101389 0.110937 0.105556 0.112500 0.106944 0.114062 0.111111 0.116406 0.111111 0.115625 0.106944 0.120313 0.106944 0.121875 0.109722 0.125000 0.109722 0.125781 0.108333 0.129688 0.109722 0.129688 0.113889 0.131250 0.116667 0.133594 0.118056 0.141406 0.118056 0.142969 0.119444 0.143750 0.122222 0.146094 0.122222 0.147656 0.123611 0.149219 0.125000 0.148438 0.129167 0.149219 0.131944 0.151562 0.136111 0.154688 0.136111 0.155469 0.137500 0.157812 0.137500 0.164062 0.136111 0.165625 0.137500 0.167187 0.140278 0.167969 0.143056 0.168750 0.148611 0.171875 0.152778 0.172656 0.152778 0.174219 0.155556 0.176563 0.152778 0.178125 0.152778 0.179688 0.159722 0.180469 0.162500 0.184375 0.165278 0.185938 0.163889 0.187500 0.169444 0.184375 0.175000 0.180469 0.173611 0.179688 0.176389 0.177344 0.176389 0.175781 0.173611 0.173437 0.173611 0.171094 0.170833 0.168750 0.173611 0.167187 0.177778 0.167187 0.183333 0.167969 0.184722 0.167969 0.188889 0.166406 0.191667 0.171875 0.194444 0.171875 0.198611 0.171094 0.202778 0.168750 0.206944 0.163281 0.215278 0.162500 0.219444 0.160156 0.220833 0.158594 0.225000 0.157031 0.223611 0.154688 0.229167 0.153906 0.234722 0.153125 0.237500 0.151562 0.240278 0.150000 0.241667 0.146094 0.237500 0.142187 0.238889 0.139844 0.243056 0.138281 0.248611 0.135156 0.245833 0.135156 0.244444 0.132812 0.243056 0.130469 0.240278 0.126562 0.240278 0.125000 0.237500 0.123438 0.237500 0.121875 0.236111 0.119531 0.230556 0.117969 0.231944 0.117188 0.234722 0.111719 0.234722 0.110937 0.233333 0.110156 0.231944 0.108594 0.230556 0.107813 0.229167 0.106250 0.229167 0.103125 0.233333 0.101562 0.236111 0.097656 0.236111 0.095312 0.237500 0.091406 0.241667 0.090625 0.245833 0.085156 0.251389 0.084375 0.254167 0.083594 0.255556 0.082031 0.256944 0.079687 0.258333 0.077344 0.262500 0.074219 0.263889 0.072656 0.265278 0.071094 0.268056 0.070312 0.272222 0.067969 0.276389 0.066406 0.277778 0.062500 0.279167 0.060156 0.283333 0.058594 0.281944 0.056250 0.281944 0.053906 0.286111 0.050000 0.294444 0.050000 0.304167 0.049219 0.305556 0.049219 0.308333 0.046875 0.308333 0.046094 0.309722 0.042188 0.311111 0.036719 0.312500 0.031250 0.311111 0.025781 0.315278 0.021875 0.316667 0.012500 0.316667 0.011719 0.313889 0.008594 0.315278 0.007812 0.315278 0.006250 0.312500 0.003125 0.313889 0.004687 0.315278 0.005469 0.316667 0.007812 0.315278 0.008594 0.315278 0.010156 0.318056 0.010156 0.319444 0.012500 0.323611 0.014844 0.325000 0.018750 0.325000 0.021094 0.322222 0.022656 0.329167 0.016406 0.330556 0.011719 0.326389 0.009375 0.325000 0.006250 0.325000 0.003125 0.322222 0.000000 0.322222 0.000000 0.313889 0.003906 0.312500 0.000000 0.311111 0.000000 0.230556 0.001563 0.230556 0.002344 0.229167 0.004687 0.229167 0.006250 0.226389 0.005469 0.225000 0.007031 0.220833 0.007031 0.216667 0.007812 0.215278 0.007812 0.212500 0.007031 0.209722 0.005469 0.206944 0.005469 0.204167 0.007031 0.195833 0.007812 0.186111 0.009375 0.184722 0.012500 0.181944 0.018750 0.181944 0.020313 0.180556 0.021875 0.177778 0.024219 0.176389 0.025000 0.173611 0.025000 0.168056 0.026562 0.170833 0.026562 0.172222 0.028125 0.175000 0.030469 0.169444 0.030469 0.159722 0.026562 0.156944 0.028906 0.156944 0.030469 0.154167 0.029687 0.151389 0.027344 0.150000 0.028125 0.147222 0.026562 0.141667 0.028125 0.138889 0.028906 0.134722 0.025000 0.126389 0.026562 0.126389 0.028125 0.123611 0.027344 0.120833 0.026562 0.116667 0.025781 0.113889 0.027344 0.112500 0.027344 0.105556 0.029687 0.100000 0.030469 0.097222 0.031250 0.093056 0.031250 0.076389 0.028906 0.072222 0.027344 0.070833 0.025781 0.069444 0.023438 0.068056 0.019531 0.068056 0.018750 0.066667 0.015625 0.066667 0.008594 0.070833 0.003125 0.070833 0.002344 0.069444 0.000000 0.069444 0.000000 0.026389 0.002344 0.026389 0.003906 0.025000 0.004687 0.023611 0.006250 0.019444 0.005469 0.013889 0.004687 0.012500 0.005469 0.008333 0.000000 0.001389 0.113281 0.000000
27 0.334375 0.661111 0.323437 0.663889 0.325781 0.665278 0.337500 0.665278 0.335938 0.663889 0.335938 0.661111 0.334375 0.661111
27 0.427344 0.269444 0.426563 0.283333 0.425781 0.287500 0.423438 0.293056 0.424219 0.298611 0.426563 0.300000 0.430469 0.300000 0.428906 0.297222 0.430469 0.294444 0.432031 0.293056 0.434375 0.293056 0.436719 0.297222 0.435937 0.301389 0.437500 0.300000 0.439063 0.300000 0.443750 0.301389 0.451562 0.300000 0.446875 0.294444 0.445312 0.291667 0.442188 0.284722 0.440625 0.280556 0.440625 0.279167 0.438281 0.279167 0.438281 0.283333 0.436719 0.288889 0.435156 0.290278 0.430469 0.290278 0.428906 0.287500 0.428125 0.284722 0.427344 0.269444
27 0.426563 0.245833 0.427344 0.248611 0.428125 0.243056 0.426563 0.245833
27 0.427344 0.213889 0.426563 0.216667 0.427344 0.223611 0.427344 0.226389 0.428125 0.236111 0.428906 0.233333 0.428906 0.226389 0.427344 0.213889
28 0.150000 0.373611 0.148438 0.377778 0.147656 0.383333 0.147656 0.393056 0.149219 0.397222 0.149219 0.405556 0.150781 0.408333 0.151562 0.412500 0.151562 0.419444 0.152344 0.423611 0.153125 0.426389 0.154688 0.426389 0.157812 0.420833 0.159375 0.411111 0.160938 0.408333 0.161719 0.405556 0.160938 0.401389 0.159375 0.394444 0.159375 0.390278 0.160156 0.386111 0.160156 0.381944 0.160156 0.379167 0.156250 0.373611 0.154688 0.369444 0.150000 0.373611
28 0.587500 0.359722 0.583594 0.361111 0.581250 0.366667 0.580469 0.369444 0.580469 0.384722 0.582812 0.388889 0.584375 0.390278 0.585938 0.391667 0.589844 0.391667 0.591406 0.390278 0.592969 0.386111 0.593750 0.380556 0.593750 0.369444 0.592969 0.366667 0.592187 0.363889 0.587500 0.359722
1 0.017188 0.351389 0.014063 0.354167 0.012500 0.356944 0.012500 0.373611 0.010937 0.381944 0.010937 0.390278 0.012500 0.405556 0.011719 0.425000 0.011719 0.429167 0.013281 0.429167 0.016406 0.434722 0.017969 0.434722 0.020313 0.438889 0.020313 0.441667 0.017188 0.447222 0.018750 0.448611 0.019531 0.450000 0.020313 0.454167 0.024219 0.455556 0.025781 0.454167 0.028125 0.451389 0.028125 0.444444 0.029687 0.440278 0.029687 0.436111 0.030469 0.433333 0.034375 0.426389 0.035156 0.419444 0.035156 0.402778 0.033594 0.397222 0.033594 0.391667 0.032813 0.388889 0.031250 0.384722 0.028125 0.379167 0.026562 0.375000 0.025781 0.372222 0.025781 0.369444 0.026562 0.356944 0.025000 0.354167 0.023438 0.352778 0.021875 0.351389 0.017188 0.351389
2 0.000000 0.488889 0.000000 0.497222 0.003906 0.497222 0.002344 0.493056 0.001563 0.488889 0.000000 0.488889
2 0.000000 0.363889 0.000000 0.436111 0.003906 0.434722 0.004687 0.431944 0.008594 0.430556 0.010156 0.429167 0.011719 0.422222 0.011719 0.405556 0.010156 0.390278 0.010937 0.379167 0.010937 0.370833 0.009375 0.366667 0.007031 0.363889 0.000000 0.363889
2 0.035156 0.359722 0.030469 0.361111 0.028906 0.362500 0.028125 0.370833 0.030469 0.376389 0.031250 0.383333 0.032031 0.386111 0.033594 0.388889 0.034375 0.391667 0.034375 0.397222 0.035937 0.402778 0.036719 0.409722 0.036719 0.418056 0.037500 0.419444 0.037500 0.426389 0.036719 0.429167 0.034375 0.433333 0.034375 0.440278 0.032031 0.447222 0.032813 0.451389 0.033594 0.454167 0.037500 0.459722 0.038281 0.465278 0.039062 0.469444 0.040625 0.473611 0.041406 0.477778 0.041406 0.490278 0.042969 0.493056 0.044531 0.494444 0.045312 0.490278 0.046875 0.487500 0.046875 0.486111 0.047656 0.484722 0.049219 0.483333 0.051562 0.481944 0.053906 0.481944 0.054688 0.483333 0.057031 0.483333 0.057813 0.481944 0.060937 0.481944 0.064062 0.483333 0.065625 0.484722 0.068750 0.488889 0.082031 0.488889 0.083594 0.487500 0.086719 0.481944 0.087500 0.473611 0.087500 0.463889 0.089063 0.448611 0.089844 0.443056 0.091406 0.438889 0.090625 0.420833 0.089063 0.415278 0.089063 0.409722 0.088281 0.405556 0.086719 0.402778 0.085156 0.393056 0.080469 0.384722 0.078906 0.379167 0.071875 0.366667 0.067187 0.362500 0.064062 0.361111 0.058594 0.359722 0.035156 0.359722
2 0.421875 0.300000 0.419531 0.301389 0.415625 0.301389 0.412500 0.304167 0.408594 0.304167 0.407031 0.305556 0.405469 0.308333 0.404687 0.308333 0.403906 0.309722 0.403906 0.311111 0.402344 0.313889 0.401562 0.318056 0.399219 0.322222 0.398438 0.329167 0.396094 0.333333 0.394531 0.338889 0.392969 0.343056 0.392969 0.347222 0.392188 0.350000 0.389844 0.354167 0.389062 0.356944 0.389062 0.368056 0.388281 0.370833 0.384375 0.377778 0.385156 0.384722 0.380469 0.391667 0.378125 0.391667 0.379688 0.393056 0.379688 0.398611 0.378125 0.401389 0.376563 0.402778 0.375000 0.402778 0.373437 0.404167 0.372656 0.412500 0.368750 0.419444 0.367969 0.438889 0.367188 0.456944 0.367188 0.494444 0.368750 0.512500 0.367969 0.559722 0.367969 0.572222 0.369531 0.593056 0.369531 0.595833 0.368750 0.597222 0.368750 0.600000 0.370312 0.605556 0.370312 0.615278 0.371094 0.620833 0.371875 0.625000 0.372656 0.627778 0.374219 0.629167 0.376563 0.630556 0.385156 0.629167 0.389062 0.629167 0.392969 0.626389 0.397656 0.627778 0.401562 0.626389 0.403906 0.625000 0.407813 0.620833 0.410938 0.619444 0.415625 0.618056 0.427344 0.618056 0.430469 0.623611 0.435156 0.623611 0.439063 0.616667 0.440625 0.616667 0.442188 0.618056 0.443750 0.620833 0.445312 0.627778 0.450781 0.629167 0.453906 0.627778 0.454688 0.619444 0.455469 0.627778 0.457031 0.629167 0.459375 0.630556 0.462500 0.629167 0.467969 0.630556 0.470313 0.627778 0.472656 0.630556 0.481250 0.629167 0.486719 0.629167 0.489063 0.631944 0.493750 0.631944 0.497656 0.629167 0.499219 0.633333 0.504687 0.633333 0.507812 0.627778 0.508594 0.623611 0.509375 0.612500 0.514062 0.612500 0.517188 0.609722 0.521094 0.609722 0.525000 0.613889 0.527344 0.611111 0.528906 0.611111 0.530469 0.608333 0.535156 0.608333 0.538281 0.611111 0.539844 0.613889 0.540625 0.618056 0.541406 0.622222 0.540625 0.625000 0.540625 0.627778 0.544531 0.629167 0.546094 0.627778 0.549219 0.622222 0.566406 0.622222 0.567969 0.620833 0.568750 0.616667 0.571875 0.606944 0.572656 0.598611 0.572656 0.586111 0.574219 0.580556 0.574219 0.561111 0.575781 0.548611 0.575781 0.530556 0.578125 0.501389 0.578125 0.462500 0.577344 0.429167 0.576562 0.422222 0.575781 0.419444 0.575000 0.418056 0.573438 0.416667 0.569531 0.413889 0.567187 0.412500 0.566406 0.409722 0.564844 0.404167 0.563281 0.393056 0.562500 0.390278 0.560156 0.384722 0.559375 0.380556 0.553906 0.350000 0.553125 0.347222 0.550781 0.343056 0.548438 0.333333 0.546094 0.329167 0.541406 0.312500 0.536719 0.304167 0.532031 0.304167 0.526563 0.300000 0.525000 0.300000 0.523438 0.302778 0.510156 0.301389 0.504687 0.302778 0.498437 0.300000 0.489844 0.298611 0.481250 0.298611 0.476562 0.298611 0.467969 0.301389 0.443750 0.302778 0.439063 0.301389 0.437500 0.301389 0.436719 0.302778 0.435156 0.302778 0.426563 0.301389 0.424219 0.300000 0.421875 0.300000
7 0.009375 0.430556 0.004687 0.433333 0.003125 0.437500 0.000000 0.437500 0.000000 0.487500 0.002344 0.488889 0.003125 0.494444 0.006250 0.500000 0.005469 0.511111 0.003906 0.512500 0.003906 0.516667 0.001563 0.520833 0.000000 0.520833 0.000000 0.523611 0.007812 0.525000 0.010937 0.525000 0.012500 0.523611 0.014063 0.515278 0.014844 0.512500 0.017188 0.508333 0.021875 0.506944 0.022656 0.511111 0.024219 0.513889 0.024219 0.515278 0.027344 0.518056 0.029687 0.518056 0.032813 0.516667 0.036719 0.513889 0.038281 0.511111 0.039844 0.504167 0.040625 0.500000 0.040625 0.477778 0.039844 0.473611 0.037500 0.468056 0.037500 0.461111 0.033594 0.456944 0.030469 0.455556 0.028906 0.451389 0.027344 0.452778 0.025781 0.455556 0.024219 0.456944 0.021094 0.456944 0.019531 0.454167 0.018750 0.450000 0.016406 0.447222 0.019531 0.441667 0.019531 0.438889 0.017969 0.436111 0.016406 0.436111 0.013281 0.430556 0.009375 0.430556
