20 0.808594 0.640278 0.803906 0.641667 0.803125 0.643056 0.799219 0.643056 0.805469 0.643056 0.808594 0.644444 0.810156 0.645833 0.812500 0.650000 0.814063 0.650000 0.814844 0.651389 0.827344 0.652778 0.835938 0.652778 0.835938 0.648611 0.833594 0.645833 0.835938 0.641667 0.810156 0.640278 0.808594 0.640278
20 0.943750 0.562500 0.943750 0.566667 0.945312 0.569444 0.946094 0.573611 0.946094 0.569444 0.944531 0.565278 0.946094 0.561111 0.943750 0.562500
20 0.527344 0.556944 0.529687 0.562500 0.530469 0.568056 0.530469 0.572222 0.534375 0.573611 0.534375 0.569444 0.534375 0.566667 0.533594 0.565278 0.533594 0.561111 0.532813 0.558333 0.527344 0.556944
20 0.839844 0.550000 0.839844 0.558333 0.838281 0.562500 0.838281 0.566667 0.838281 0.563889 0.839063 0.562500 0.842187 0.559722 0.842187 0.551389 0.839844 0.550000
20 0.524219 0.544444 0.524219 0.548611 0.526563 0.548611 0.526563 0.543056 0.524219 0.544444
20 0.507031 0.533333 0.506250 0.533333 0.505469 0.551389 0.506250 0.552778 0.506250 0.555556 0.507812 0.556944 0.507031 0.554167 0.507031 0.550000 0.510156 0.545833 0.513281 0.551389 0.515625 0.547222 0.517188 0.545833 0.518750 0.550000 0.518750 0.538889 0.515625 0.538889 0.511719 0.537500 0.508594 0.531944 0.507031 0.533333
20 0.967969 0.536111 0.968750 0.537500 0.969531 0.544444 0.969531 0.555556 0.974219 0.556944 0.975781 0.555556 0.975781 0.544444 0.999219 0.543056 0.995313 0.562500 0.990625 0.562500 0.989062 0.565278 0.987500 0.565278 0.996875 0.568056 0.996875 0.563889 0.995313 0.562500 0.999219 0.543056 0.999219 0.727778 0.997656 0.727778 0.994531 0.725000 0.983594 0.720833 0.902344 0.679167 0.868750 0.662500 0.854688 0.655556 0.851562 0.654167 0.845313 0.654167 0.844531 0.651389 0.844531 0.645833 0.842187 0.640278 0.844531 0.638889 0.846875 0.634722 0.847656 0.627778 0.847656 0.618056 0.846875 0.611111 0.846094 0.605556 0.845313 0.600000 0.844531 0.597222 0.842969 0.594444 0.840625 0.593056 0.839844 0.590278 0.839063 0.586111 0.839063 0.572222 0.842969 0.575000 0.843750 0.561111 0.848437 0.561111 0.850000 0.562500 0.853125 0.566667 0.864062 0.565278 0.857812 0.563889 0.859375 0.562500 0.863281 0.561111 0.865625 0.562500 0.868750 0.561111 0.867188 0.563889 0.864062 0.565278 0.870313 0.565278 0.874219 0.566667 0.879687 0.569444 0.887500 0.569444 0.890625 0.566667 0.907031 0.565278 0.910937 0.569444 0.923438 0.570833 0.928906 0.570833 0.941406 0.569444 0.942969 0.570833 0.943750 0.576389 0.943750 0.579167 0.942187 0.584722 0.940625 0.586111 0.939844 0.584722 0.938281 0.587500 0.939844 0.590278 0.938281 0.590278 0.937500 0.593056 0.936719 0.604167 0.935937 0.627778 0.934375 0.638889 0.935156 0.659722 0.934375 0.662500 0.935937 0.665278 0.939063 0.668056 0.950000 0.669444 0.951562 0.672222 0.953125 0.673611 0.960938 0.675000 0.962500 0.675000 0.964844 0.672222 0.967187 0.670833 0.969531 0.669444 0.975781 0.669444 0.980469 0.668056 0.982031 0.666667 0.984375 0.662500 0.984375 0.654167 0.983594 0.640278 0.980469 0.634722 0.981250 0.625000 0.980469 0.606944 0.979688 0.598611 0.978906 0.595833 0.977344 0.593056 0.976562 0.586111 0.975000 0.583333 0.973437 0.581944 0.970313 0.581944 0.968750 0.579167 0.968750 0.576389 0.970313 0.576389 0.970313 0.568056 0.971875 0.565278 0.968750 0.566667 0.968750 0.570833 0.967969 0.547222 0.966406 0.538889 0.966406 0.533333 0.967187 0.530556 0.967969 0.536111
20 0.525000 0.519444 0.524219 0.525000 0.522656 0.530556 0.522656 0.540278 0.526563 0.540278 0.526563 0.520833 0.525000 0.519444
21 0.135937 0.581944 0.137500 0.581944 0.138281 0.583333 0.144531 0.581944 0.147656 0.581944 0.151562 0.583333 0.156250 0.587500 0.159375 0.588889 0.161719 0.588889 0.163281 0.590278 0.161719 0.587500 0.159375 0.587500 0.156250 0.584722 0.153125 0.583333 0.150000 0.583333 0.146875 0.580556 0.135937 0.581944
21 0.142187 0.570833 0.141406 0.576389 0.143750 0.575000 0.143750 0.572222 0.142187 0.570833
21 0.121875 0.559722 0.122656 0.562500 0.124219 0.568056 0.128125 0.575000 0.129688 0.576389 0.132031 0.577778 0.130469 0.576389 0.128906 0.575000 0.126562 0.572222 0.125000 0.569444 0.123438 0.562500 0.121875 0.559722
21 0.118750 0.552778 0.119531 0.555556 0.121094 0.556944 0.118750 0.552778
21 0.531250 0.495833 0.530469 0.500000 0.528906 0.502778 0.528125 0.505556 0.527344 0.511111 0.525781 0.513889 0.525781 0.519444 0.527344 0.519444 0.527344 0.516667 0.528906 0.513889 0.529687 0.509722 0.529687 0.502778 0.531250 0.495833
21 0.075781 0.491667 0.079687 0.498611 0.083594 0.501389 0.087500 0.508333 0.089844 0.511111 0.092188 0.512500 0.094531 0.515278 0.096094 0.518056 0.096094 0.519444 0.097656 0.522222 0.100000 0.525000 0.104688 0.529167 0.107031 0.531944 0.110156 0.537500 0.111719 0.538889 0.107031 0.530556 0.104688 0.527778 0.103125 0.527778 0.098437 0.520833 0.094531 0.513889 0.090625 0.508333 0.088281 0.505556 0.087500 0.505556 0.086719 0.502778 0.085156 0.501389 0.083594 0.500000 0.082031 0.500000 0.080469 0.498611 0.075781 0.491667
21 0.433594 0.459722 0.434375 0.462500 0.435937 0.462500 0.436719 0.465278 0.440625 0.462500 0.442188 0.465278 0.443750 0.465278 0.443750 0.469444 0.445312 0.469444 0.446094 0.472222 0.446875 0.468056 0.447656 0.480556 0.444531 0.480556 0.442969 0.479167 0.439844 0.475000 0.438281 0.475000 0.436719 0.477778 0.436719 0.477778 0.432812 0.470833 0.431250 0.473611 0.432812 0.479167 0.433594 0.483333 0.436719 0.481944 0.436719 0.477778 0.436719 0.477778 0.436719 0.481944 0.435937 0.484722 0.434375 0.487500 0.431250 0.487500 0.430469 0.480556 0.428125 0.484722 0.428125 0.488889 0.426563 0.488889 0.426563 0.480556 0.428125 0.476389 0.428906 0.473611 0.428906 0.468056 0.428906 0.465278 0.429688 0.462500 0.431250 0.458333 0.433594 0.459722
21 0.071875 0.448611 0.068750 0.454167 0.070312 0.452778 0.071875 0.451389 0.074219 0.448611 0.071875 0.448611
21 0.255469 0.448611 0.261719 0.452778 0.269531 0.468056 0.270313 0.469444 0.271875 0.470833 0.278906 0.470833 0.282813 0.466667 0.287500 0.465278 0.293750 0.466667 0.296094 0.466667 0.311719 0.465278 0.310937 0.461111 0.310156 0.458333 0.297656 0.458333 0.295312 0.461111 0.289062 0.461111 0.285938 0.465278 0.280469 0.465278 0.278125 0.469444 0.276562 0.466667 0.278125 0.465278 0.276562 0.461111 0.273438 0.459722 0.266406 0.458333 0.266406 0.455556 0.265625 0.452778 0.264844 0.450000 0.264062 0.448611 0.262500 0.447222 0.259375 0.447222 0.258594 0.445833 0.255469 0.448611
21 0.241406 0.436111 0.239844 0.437500 0.241406 0.438889 0.244531 0.441667 0.248438 0.443056 0.250781 0.445833 0.253125 0.447222 0.251563 0.445833 0.249219 0.443056 0.248438 0.440278 0.248438 0.438889 0.246875 0.436111 0.243750 0.433333 0.241406 0.436111
21 0.104688 0.430556 0.107031 0.430556 0.108594 0.430556 0.107031 0.429167 0.104688 0.430556
21 0.007812 0.345833 0.006250 0.347222 0.004687 0.351389 0.002344 0.352778 0.000000 0.352778 0.000000 0.359722 0.007031 0.362500 0.002344 0.369444 0.000000 0.368056 0.000000 0.448611 0.006250 0.448611 0.012500 0.450000 0.019531 0.452778 0.025781 0.456944 0.032813 0.458333 0.035937 0.459722 0.037500 0.462500 0.039062 0.463889 0.041406 0.463889 0.042188 0.465278 0.043750 0.465278 0.044531 0.462500 0.046875 0.462500 0.050000 0.466667 0.053906 0.469444 0.056250 0.470833 0.060156 0.470833 0.063281 0.466667 0.067187 0.459722 0.067969 0.456944 0.066406 0.458333 0.063281 0.458333 0.061719 0.456944 0.060156 0.454167 0.052344 0.454167 0.050781 0.452778 0.049219 0.451389 0.046094 0.445833 0.044531 0.444444 0.042969 0.444444 0.039844 0.445833 0.036719 0.443056 0.035156 0.440278 0.036719 0.438889 0.035937 0.436111 0.035156 0.430556 0.036719 0.426389 0.036719 0.420833 0.035937 0.411111 0.037500 0.406944 0.036719 0.394444 0.029687 0.384722 0.026562 0.384722 0.015625 0.365278 0.015625 0.363889 0.012500 0.358333 0.013281 0.355556 0.015625 0.350000 0.013281 0.347222 0.011719 0.345833 0.007812 0.345833
21 0.014844 0.319444 0.013281 0.320833 0.008594 0.320833 0.007812 0.323611 0.007812 0.327778 0.006250 0.330556 0.007812 0.331944 0.021875 0.331944 0.022656 0.330556 0.025781 0.330556 0.025781 0.323611 0.024219 0.320833 0.021094 0.319444 0.016406 0.323611 0.010937 0.329167 0.014844 0.322222 0.014844 0.320833 0.016406 0.318056 0.014844 0.319444
21 0.022656 0.291667 0.021875 0.294444 0.021094 0.295833 0.017969 0.297222 0.017188 0.300000 0.016406 0.304167 0.017969 0.305556 0.021094 0.308333 0.019531 0.311111 0.018750 0.313889 0.021875 0.308333 0.024219 0.308333 0.025000 0.308333 0.025781 0.313889 0.028906 0.318056 0.029687 0.323611 0.029687 0.329167 0.033594 0.329167 0.033594 0.326389 0.032813 0.325000 0.032031 0.320833 0.031250 0.320833 0.030469 0.319444 0.029687 0.316667 0.029687 0.313889 0.030469 0.311111 0.031250 0.309722 0.033594 0.308333 0.035156 0.304167 0.034375 0.301389 0.032031 0.297222 0.030469 0.295833 0.026562 0.294444 0.024219 0.291667 0.022656 0.291667
21 0.564844 0.287500 0.564063 0.290278 0.561719 0.293056 0.561719 0.297222 0.561719 0.300000 0.560937 0.302778 0.559375 0.305556 0.554688 0.312500 0.551562 0.323611 0.547656 0.333333 0.544531 0.341667 0.542188 0.347222 0.537500 0.354167 0.536719 0.356944 0.535937 0.361111 0.535156 0.366667 0.535156 0.397222 0.533594 0.404167 0.533594 0.426389 0.532813 0.430556 0.531250 0.433333 0.532813 0.438889 0.532031 0.443056 0.533594 0.447222 0.533594 0.450000 0.532031 0.450000 0.532031 0.443056 0.529687 0.441667 0.529687 0.441667 0.531250 0.440278 0.531250 0.438889 0.527344 0.433333 0.526563 0.436111 0.529687 0.441667 0.529687 0.441667 0.527344 0.437500 0.525781 0.438889 0.525000 0.441667 0.524219 0.445833 0.525000 0.451389 0.524219 0.454167 0.526563 0.455556 0.527344 0.452778 0.525000 0.455556 0.524219 0.461111 0.524219 0.461111 0.521875 0.461111 0.523438 0.465278 0.524219 0.461111 0.524219 0.461111 0.525781 0.463889 0.525781 0.483333 0.524219 0.483333 0.523438 0.481944 0.521094 0.481944 0.514062 0.487500 0.510938 0.493056 0.508594 0.494444 0.507812 0.495833 0.507031 0.500000 0.504687 0.504167 0.503906 0.509722 0.504687 0.520833 0.503906 0.525000 0.501563 0.527778 0.500000 0.526389 0.499219 0.519444 0.496094 0.509722 0.496094 0.505556 0.495312 0.502778 0.489063 0.491667 0.488281 0.487500 0.484375 0.481944 0.483594 0.480556 0.483594 0.479167 0.476562 0.477778 0.477344 0.473611 0.485156 0.470833 0.485938 0.468056 0.485938 0.463889 0.489063 0.461111 0.492188 0.465278 0.493750 0.472222 0.494531 0.463889 0.492969 0.461111 0.492188 0.465278 0.489063 0.461111 0.486719 0.459722 0.489063 0.458333 0.490625 0.455556 0.491406 0.452778 0.492969 0.445833 0.493750 0.437500 0.494531 0.436111 0.496875 0.436111 0.495312 0.433333 0.494531 0.436111 0.493750 0.437500 0.493750 0.430556 0.503906 0.433333 0.517969 0.434722 0.517188 0.437500 0.515625 0.434722 0.514062 0.437500 0.516406 0.443056 0.516406 0.448611 0.516406 0.450000 0.518750 0.447222 0.517969 0.445833 0.517969 0.441667 0.517188 0.437500 0.517969 0.434722 0.521875 0.436111 0.525000 0.429167 0.525781 0.426389 0.527344 0.411111 0.528125 0.418056 0.528125 0.405556 0.528125 0.401389 0.528125 0.388889 0.528125 0.384722 0.529687 0.383333 0.530469 0.406944 0.531250 0.402778 0.532031 0.388889 0.531250 0.386111 0.532813 0.384722 0.533594 0.377778 0.533594 0.366667 0.534375 0.359722 0.535156 0.356944 0.539062 0.344444 0.540625 0.344444 0.544531 0.336111 0.546094 0.334722 0.546094 0.330556 0.547656 0.331944 0.549219 0.329167 0.552344 0.319444 0.550781 0.316667 0.550781 0.309722 0.553906 0.311111 0.554688 0.302778 0.555469 0.301389 0.555469 0.297222 0.557813 0.295833 0.557813 0.294444 0.559375 0.291667 0.560156 0.295833 0.561719 0.293056 0.560156 0.288889 0.562500 0.288889 0.564063 0.284722 0.564844 0.287500
21 0.567187 0.280556 0.565625 0.283333 0.567969 0.280556 0.567969 0.277778 0.567187 0.280556
21 0.908594 0.154167 0.907031 0.155556 0.905469 0.156944 0.905469 0.162500 0.906250 0.165278 0.907813 0.165278 0.907031 0.161111 0.908594 0.154167
21 0.903906 0.147222 0.903906 0.152778 0.903125 0.162500 0.902344 0.165278 0.900781 0.168056 0.899219 0.169444 0.899219 0.170833 0.887500 0.172222 0.881250 0.175000 0.873437 0.176389 0.871094 0.176389 0.869531 0.173611 0.867969 0.173611 0.865625 0.176389 0.863281 0.176389 0.862500 0.173611 0.862500 0.170833 0.860938 0.168056 0.860156 0.176389 0.859375 0.173611 0.857031 0.177778 0.861719 0.180556 0.866406 0.180556 0.867188 0.179167 0.868750 0.179167 0.866406 0.180556 0.865625 0.181944 0.863281 0.181944 0.861719 0.184722 0.865625 0.186111 0.866406 0.184722 0.871094 0.186111 0.872656 0.183333 0.871094 0.181944 0.872656 0.181944 0.873437 0.180556 0.881250 0.179167 0.885156 0.179167 0.885938 0.180556 0.890625 0.180556 0.896094 0.177778 0.900781 0.176389 0.902344 0.177778 0.903906 0.177778 0.905469 0.175000 0.907813 0.173611 0.909375 0.172222 0.910156 0.169444 0.914062 0.168056 0.917188 0.166667 0.919531 0.165278 0.923438 0.162500 0.925000 0.161111 0.928125 0.156944 0.929688 0.156944 0.933594 0.152778 0.935156 0.150000 0.935937 0.150000 0.937500 0.147222 0.938281 0.151389 0.939844 0.151389 0.939063 0.155556 0.939844 0.159722 0.941406 0.161111 0.941406 0.173611 0.942187 0.175000 0.941406 0.200000 0.942187 0.212500 0.944531 0.215278 0.944531 0.218056 0.944531 0.218056 0.942969 0.215278 0.942969 0.220833 0.944531 0.218056 0.944531 0.218056 0.943750 0.236111 0.945312 0.241667 0.943750 0.243056 0.945312 0.247222 0.943750 0.248611 0.944531 0.273611 0.943750 0.298611 0.941406 0.301389 0.940625 0.301389 0.939844 0.305556 0.942969 0.306944 0.943750 0.329167 0.939844 0.334722 0.942969 0.336111 0.942969 0.341667 0.944531 0.343056 0.944531 0.354167 0.945312 0.355556 0.946094 0.411111 0.945312 0.416667 0.945312 0.419444 0.946094 0.472222 0.947656 0.488889 0.946875 0.495833 0.945312 0.500000 0.946094 0.441667 0.944531 0.426389 0.943750 0.452778 0.945312 0.500000 0.946875 0.495833 0.947656 0.516667 0.946094 0.523611 0.946094 0.526389 0.946875 0.531944 0.945312 0.547222 0.946094 0.556944 0.946094 0.559722 0.944531 0.561111 0.944531 0.554167 0.945312 0.552778 0.945312 0.536111 0.946875 0.522222 0.946094 0.518056 0.943750 0.523611 0.942969 0.527778 0.942969 0.543056 0.942187 0.554167 0.940625 0.558333 0.940625 0.565278 0.939063 0.568056 0.928906 0.569444 0.923438 0.569444 0.910937 0.568056 0.907813 0.563889 0.890625 0.565278 0.887500 0.568056 0.879687 0.568056 0.874219 0.565278 0.870313 0.563889 0.864844 0.565278 0.867188 0.565278 0.868750 0.563889 0.866406 0.559722 0.863281 0.559722 0.859375 0.561111 0.858594 0.562500 0.857031 0.563889 0.863281 0.565278 0.853125 0.565278 0.850000 0.561111 0.847656 0.558333 0.844531 0.558333 0.842969 0.561111 0.842969 0.573611 0.839844 0.572222 0.839844 0.562500 0.839844 0.559722 0.839844 0.559722 0.840625 0.559722 0.842187 0.550000 0.841406 0.550000 0.839844 0.559722 0.839844 0.559722 0.839063 0.530556 0.839844 0.508333 0.841406 0.490278 0.841406 0.447222 0.842187 0.436111 0.843750 0.427778 0.844531 0.402778 0.845313 0.344444 0.845313 0.340278 0.844531 0.338889 0.844531 0.334722 0.846094 0.302778 0.846094 0.265278 0.844531 0.259722 0.843750 0.247222 0.843750 0.238889 0.845313 0.231944 0.846094 0.223611 0.846094 0.198611 0.845313 0.190278 0.844531 0.181944 0.842969 0.177778 0.846094 0.176389 0.846094 0.170833 0.844531 0.172222 0.845313 0.169444 0.846875 0.168056 0.848437 0.168056 0.858594 0.169444 0.844531 0.165278 0.839844 0.169444 0.837500 0.169444 0.834375 0.166667 0.832031 0.166667 0.833594 0.162500 0.835938 0.159722 0.837500 0.158333 0.840625 0.156944 0.842187 0.154167 0.842187 0.152778 0.843750 0.150000 0.845313 0.152778 0.846094 0.158333 0.847656 0.156944 0.849219 0.159722 0.850781 0.161111 0.854688 0.163889 0.859375 0.163889 0.860938 0.166667 0.872656 0.166667 0.876563 0.163889 0.888281 0.163889 0.891406 0.162500 0.892969 0.161111 0.894531 0.159722 0.900000 0.148611 0.903125 0.144444 0.903906 0.147222
21 0.914062 0.130556 0.912500 0.131944 0.911719 0.138889 0.910937 0.138889 0.910156 0.144444 0.910937 0.145833 0.910937 0.151389 0.911719 0.155556 0.912500 0.161111 0.914062 0.161111 0.914062 0.158333 0.915625 0.155556 0.915625 0.154167 0.916406 0.152778 0.917969 0.151389 0.919531 0.150000 0.924219 0.150000 0.926562 0.148611 0.931250 0.144444 0.932813 0.143056 0.933594 0.141667 0.933594 0.140278 0.939063 0.138889 0.941406 0.141667 0.942969 0.137500 0.933594 0.136111 0.930469 0.136111 0.928906 0.140278 0.923438 0.140278 0.917969 0.138889 0.915625 0.136111 0.914062 0.133333 0.914062 0.130556
21 0.992188 0.088889 0.991406 0.088889 0.990625 0.091667 0.992188 0.100000 0.992969 0.112500 0.992969 0.115278 0.992188 0.123611 0.991406 0.127778 0.989844 0.130556 0.986719 0.131944 0.982031 0.133333 0.973437 0.133333 0.965625 0.136111 0.962500 0.143056 0.957812 0.140278 0.959375 0.136111 0.956250 0.136111 0.957031 0.138889 0.957812 0.144444 0.957031 0.170833 0.957031 0.173611 0.958594 0.177778 0.958594 0.184722 0.957812 0.198611 0.964063 0.198611 0.971094 0.197222 0.978906 0.195833 0.985938 0.193056 0.989062 0.194444 0.990625 0.197222 0.991406 0.212500 0.990625 0.223611 0.990625 0.226389 0.991406 0.236111 0.989844 0.241667 0.988281 0.243056 0.985938 0.244444 0.979688 0.245833 0.966406 0.248611 0.960156 0.248611 0.957812 0.250000 0.959375 0.254167 0.959375 0.287500 0.960938 0.290278 0.960938 0.297222 0.960156 0.308333 0.961719 0.313889 0.961719 0.316667 0.960938 0.319444 0.962500 0.319444 0.962500 0.323611 0.960938 0.323611 0.960938 0.347222 0.962500 0.362500 0.962500 0.398611 0.964063 0.418056 0.964063 0.422222 0.963281 0.429167 0.964063 0.469444 0.965625 0.491667 0.965625 0.519444 0.966406 0.520833 0.966406 0.531944 0.967187 0.529167 0.969531 0.533333 0.969531 0.541667 0.976562 0.543056 0.999219 0.541667 0.999219 0.098611 0.994531 0.100000 0.992188 0.098611 0.992188 0.091667 0.993750 0.087500 0.992188 0.088889
21 0.953125 0.000000 0.953125 0.016667 0.953906 0.023611 0.954688 0.025000 0.954688 0.029167 0.957031 0.029167 0.957812 0.027778 0.960156 0.027778 0.972656 0.030556 0.993750 0.030556 0.995313 0.031944 0.996875 0.034722 0.997656 0.037500 0.997656 0.055556 0.999219 0.055556 0.999219 0.000000 0.953125 0.000000
21 0.914062 0.001389 0.915625 0.004167 0.913281 0.008333 0.915625 0.009722 0.915625 0.004167 0.914062 0.001389 0.933594 0.000000 0.933594 0.002778 0.931250 0.006944 0.928906 0.008333 0.925781 0.015278 0.923438 0.019444 0.919531 0.020833 0.917969 0.023611 0.916406 0.025000 0.914062 0.026389 0.911719 0.026389 0.909375 0.027778 0.907813 0.029167 0.903906 0.036111 0.901563 0.044444 0.900781 0.050000 0.901563 0.052778 0.902344 0.061111 0.903125 0.065278 0.904687 0.068056 0.908594 0.069444 0.913281 0.066667 0.913281 0.068056 0.912500 0.070833 0.914062 0.073611 0.915625 0.072222 0.913281 0.068056 0.913281 0.066667 0.911719 0.063889 0.914062 0.061111 0.921094 0.055556 0.926562 0.048611 0.932031 0.044444 0.935937 0.040278 0.937500 0.038889 0.939063 0.034722 0.939063 0.040278 0.939844 0.041667 0.939844 0.055556 0.938281 0.063889 0.938281 0.076389 0.936719 0.079167 0.936719 0.083333 0.935937 0.084722 0.935937 0.087500 0.917969 0.087500 0.919531 0.081944 0.923438 0.081944 0.924219 0.080556 0.925781 0.079167 0.921094 0.077778 0.917969 0.075000 0.917188 0.077778 0.919531 0.081944 0.917969 0.087500 0.914062 0.090278 0.910156 0.086111 0.902344 0.072222 0.900781 0.068056 0.899219 0.063889 0.896875 0.055556 0.896094 0.050000 0.896094 0.040278 0.897656 0.036111 0.899219 0.031944 0.900781 0.030556 0.899219 0.027778 0.900781 0.025000 0.902344 0.020833 0.901563 0.019444 0.903906 0.013889 0.905469 0.012500 0.907031 0.009722 0.907031 0.005556 0.908594 0.002778 0.908594 0.000000 0.914062 0.001389
24 0.969531 0.543056 0.970313 0.555556 0.974219 0.555556 0.975781 0.554167 0.975781 0.545833 0.975000 0.543056 0.969531 0.543056
24 0.944531 0.427778 0.944531 0.452778 0.945312 0.454167 0.945312 0.498611 0.945312 0.441667 0.944531 0.440278 0.944531 0.427778
24 0.556250 0.265278 0.555469 0.283333 0.553906 0.286111 0.550781 0.284722 0.550000 0.283333 0.548438 0.283333 0.550000 0.284722 0.552344 0.284722 0.553906 0.286111 0.554688 0.287500 0.554688 0.288889 0.554688 0.293056 0.556250 0.295833 0.557031 0.293056 0.557813 0.293056 0.559375 0.290278 0.559375 0.287500 0.559375 0.284722 0.558594 0.255556 0.558594 0.263889 0.557813 0.265278 0.558594 0.273611 0.557031 0.286111 0.555469 0.261111 0.556250 0.255556 0.556250 0.265278
24 0.947656 0.248611 0.950781 0.250000 0.955469 0.248611 0.957031 0.250000 0.957812 0.251389 0.958594 0.254167 0.958594 0.287500 0.960156 0.290278 0.960156 0.297222 0.959375 0.308333 0.960938 0.313889 0.960938 0.316667 0.961719 0.319444 0.961719 0.323611 0.960156 0.323611 0.960156 0.347222 0.961719 0.362500 0.961719 0.398611 0.963281 0.418056 0.963281 0.422222 0.962500 0.429167 0.963281 0.469444 0.964844 0.491667 0.964844 0.519444 0.965625 0.538889 0.967187 0.547222 0.967187 0.569444 0.968750 0.572222 0.969531 0.566667 0.971094 0.565278 0.969531 0.568056 0.968750 0.575000 0.968750 0.580556 0.969531 0.581944 0.973437 0.583333 0.975000 0.584722 0.976562 0.594444 0.977344 0.594444 0.978125 0.595833 0.978906 0.598611 0.979688 0.606944 0.980469 0.625000 0.979688 0.633333 0.982812 0.640278 0.983594 0.654167 0.983594 0.662500 0.982031 0.665278 0.980469 0.666667 0.975781 0.668056 0.969531 0.668056 0.967187 0.669444 0.964844 0.670833 0.962500 0.673611 0.960938 0.673611 0.953125 0.672222 0.951562 0.670833 0.950000 0.668056 0.944531 0.668056 0.939063 0.666667 0.937500 0.665278 0.935156 0.662500 0.935937 0.659722 0.935156 0.638889 0.936719 0.627778 0.937500 0.604167 0.938281 0.593056 0.939063 0.590278 0.940625 0.590278 0.939063 0.587500 0.941406 0.586111 0.942187 0.586111 0.942969 0.584722 0.943750 0.581944 0.944531 0.579167 0.944531 0.576389 0.943750 0.575000 0.942969 0.569444 0.941406 0.568056 0.939844 0.568056 0.941406 0.566667 0.941406 0.558333 0.942969 0.554167 0.943750 0.543056 0.943750 0.527778 0.944531 0.523611 0.946094 0.519444 0.946875 0.523611 0.946094 0.522222 0.944531 0.536111 0.944531 0.552778 0.942969 0.562500 0.942969 0.566667 0.946094 0.575000 0.946875 0.569444 0.945312 0.565278 0.946875 0.561111 0.946875 0.556944 0.946094 0.547222 0.947656 0.531944 0.947656 0.527778 0.946094 0.522222 0.946875 0.523611 0.948438 0.516667 0.947656 0.495833 0.948438 0.490278 0.946875 0.472222 0.946094 0.419444 0.946094 0.416667 0.946875 0.411111 0.946094 0.355556 0.945312 0.343056 0.943750 0.341667 0.944531 0.337500 0.942969 0.334722 0.940625 0.336111 0.942187 0.331944 0.942969 0.331944 0.944531 0.329167 0.943750 0.306944 0.940625 0.305556 0.940625 0.302778 0.942969 0.300000 0.943750 0.300000 0.945312 0.273611 0.946094 0.247222 0.944531 0.243056 0.947656 0.248611
24 0.942969 0.216667 0.942969 0.219444 0.944531 0.219444 0.942969 0.216667
24 0.960156 0.136111 0.958594 0.137500 0.958594 0.140278 0.963281 0.141667 0.965625 0.137500 0.960156 0.136111
24 0.946094 0.136111 0.942969 0.138889 0.942969 0.140278 0.940625 0.141667 0.939844 0.145833 0.938281 0.145833 0.937500 0.148611 0.940625 0.151389 0.940625 0.154167 0.939844 0.156944 0.940625 0.159722 0.942187 0.161111 0.942969 0.175000 0.942187 0.201389 0.944531 0.213889 0.944531 0.211111 0.945312 0.209722 0.945312 0.205556 0.947656 0.201389 0.950000 0.200000 0.957031 0.200000 0.957812 0.184722 0.957812 0.176389 0.956250 0.173611 0.956250 0.170833 0.956250 0.141667 0.955469 0.137500 0.953125 0.136111 0.946094 0.136111
24 0.906250 0.122222 0.907813 0.125000 0.909375 0.125000 0.910937 0.126389 0.910937 0.127778 0.907813 0.129167 0.905469 0.127778 0.903906 0.130556 0.903906 0.133333 0.903906 0.137500 0.907031 0.131944 0.906250 0.134722 0.908594 0.134722 0.909375 0.136111 0.910937 0.131944 0.912500 0.130556 0.910937 0.127778 0.910937 0.126389 0.912500 0.129167 0.911719 0.137500 0.909375 0.140278 0.908594 0.144444 0.908594 0.150000 0.910156 0.168056 0.909375 0.170833 0.907813 0.172222 0.905469 0.172222 0.905469 0.166667 0.904687 0.163889 0.906250 0.166667 0.907813 0.166667 0.908594 0.155556 0.906250 0.155556 0.904687 0.158333 0.904687 0.155556 0.903125 0.145833 0.903906 0.143056 0.901563 0.138889 0.900000 0.138889 0.899219 0.130556 0.900000 0.127778 0.900781 0.130556 0.902344 0.136111 0.903125 0.125000 0.905469 0.123611 0.903906 0.122222 0.906250 0.122222
24 0.634375 0.077778 0.635938 0.079167 0.636719 0.097222 0.637500 0.093056 0.638281 0.112500 0.638281 0.116667 0.637500 0.123611 0.637500 0.140278 0.640625 0.143056 0.640625 0.147222 0.639062 0.148611 0.631250 0.148611 0.628125 0.151389 0.625781 0.150000 0.628125 0.144444 0.627344 0.120833 0.627344 0.118056 0.628906 0.108333 0.628906 0.086111 0.629687 0.083333 0.630469 0.080556 0.630469 0.081944 0.628906 0.138889 0.629687 0.144444 0.631250 0.141667 0.630469 0.081944 0.630469 0.080556 0.631250 0.079167 0.632812 0.077778 0.634375 0.077778
24 0.939844 0.000000 0.940625 0.041667 0.940625 0.055556 0.939063 0.063889 0.939063 0.076389 0.937500 0.079167 0.937500 0.083333 0.936719 0.084722 0.936719 0.087500 0.938281 0.086111 0.938281 0.083333 0.939063 0.081944 0.939844 0.065278 0.940625 0.084722 0.942187 0.087500 0.953125 0.087500 0.954688 0.086111 0.955469 0.065278 0.957031 0.065278 0.954688 0.062500 0.953906 0.059722 0.953906 0.051389 0.954688 0.050000 0.953906 0.040278 0.953906 0.036111 0.954688 0.034722 0.954688 0.030556 0.953906 0.025000 0.952344 0.016667 0.952344 0.000000 0.939844 0.000000
30 0.985938 0.194444 0.978906 0.197222 0.957812 0.200000 0.950000 0.201389 0.947656 0.202778 0.946094 0.205556 0.945312 0.211111 0.944531 0.220833 0.944531 0.231944 0.945312 0.240278 0.946094 0.244444 0.947656 0.247222 0.951562 0.248611 0.955469 0.247222 0.956250 0.248611 0.959375 0.248611 0.966406 0.247222 0.979688 0.244444 0.985938 0.243056 0.988281 0.241667 0.989844 0.240278 0.989844 0.237500 0.990625 0.236111 0.989844 0.226389 0.989844 0.223611 0.990625 0.212500 0.989062 0.195833 0.985938 0.194444
30 0.953906 0.087500 0.935937 0.088889 0.917969 0.090278 0.914844 0.093056 0.915625 0.115278 0.914844 0.127778 0.915625 0.130556 0.916406 0.133333 0.934375 0.136111 0.946094 0.134722 0.953906 0.136111 0.955469 0.136111 0.966406 0.134722 0.973437 0.131944 0.982031 0.131944 0.986719 0.130556 0.990625 0.127778 0.991406 0.123611 0.992188 0.115278 0.992188 0.112500 0.991406 0.100000 0.990625 0.093056 0.989844 0.090278 0.989062 0.088889 0.987500 0.087500 0.967969 0.088889 0.956250 0.087500 0.953906 0.087500
30 0.957812 0.029167 0.957031 0.030556 0.955469 0.030556 0.955469 0.034722 0.954688 0.036111 0.954688 0.040278 0.955469 0.050000 0.954688 0.051389 0.954688 0.059722 0.955469 0.062500 0.959375 0.065278 0.969531 0.066667 0.995313 0.066667 0.996875 0.065278 0.996875 0.037500 0.996094 0.034722 0.995313 0.033333 0.993750 0.031944 0.972656 0.031944 0.960156 0.029167 0.957812 0.029167
30 0.934375 0.000000 0.934375 0.002778 0.931250 0.008333 0.928906 0.009722 0.926562 0.013889 0.926562 0.015278 0.923438 0.020833 0.919531 0.022222 0.917969 0.025000 0.916406 0.026389 0.914062 0.027778 0.911719 0.027778 0.909375 0.029167 0.907813 0.030556 0.904687 0.036111 0.902344 0.044444 0.902344 0.052778 0.903125 0.061111 0.904687 0.066667 0.908594 0.066667 0.910156 0.065278 0.914062 0.059722 0.921094 0.054167 0.926562 0.047222 0.932031 0.043056 0.937500 0.037500 0.939063 0.033333 0.939063 0.012500 0.938281 0.011111 0.938281 0.000000 0.934375 0.000000
25 0.272656 0.472222 0.274219 0.476389 0.275781 0.472222 0.272656 0.472222
25 0.529687 0.443056 0.531250 0.443056 0.530469 0.448611 0.532031 0.451389 0.533594 0.451389 0.534375 0.454167 0.533594 0.456944 0.531250 0.458333 0.532813 0.461111 0.531250 0.462500 0.532031 0.465278 0.532031 0.468056 0.530469 0.470833 0.529687 0.470833 0.526563 0.470833 0.528125 0.473611 0.529687 0.470833 0.530469 0.470833 0.531250 0.473611 0.532813 0.480556 0.532031 0.483333 0.532031 0.486111 0.529687 0.481944 0.526563 0.481944 0.526563 0.463889 0.525000 0.461111 0.525000 0.456944 0.526563 0.456944 0.528125 0.454167 0.525781 0.451389 0.526563 0.445833 0.525781 0.444444 0.525781 0.441667 0.526563 0.438889 0.529687 0.443056
25 0.479687 0.433333 0.477344 0.440278 0.477344 0.452778 0.478125 0.455556 0.479687 0.458333 0.479687 0.465278 0.481250 0.468056 0.482812 0.469444 0.485156 0.468056 0.485938 0.462500 0.485938 0.459722 0.482031 0.459722 0.479687 0.456944 0.478125 0.454167 0.477344 0.451389 0.477344 0.445833 0.478906 0.443056 0.482031 0.440278 0.482031 0.436111 0.480469 0.430556 0.479687 0.433333
25 0.475781 0.397222 0.475781 0.406944 0.476562 0.409722 0.476562 0.401389 0.475781 0.400000 0.475781 0.397222
25 0.000000 0.361111 0.000000 0.366667 0.003125 0.368056 0.006250 0.361111 0.000000 0.361111
25 0.467969 0.356944 0.467969 0.361111 0.468750 0.363889 0.469531 0.355556 0.467969 0.356944
25 0.464062 0.290278 0.464844 0.293056 0.467187 0.297222 0.466406 0.294444 0.465625 0.291667 0.464062 0.290278
25 0.425781 0.236111 0.428125 0.238889 0.432812 0.238889 0.434375 0.240278 0.435937 0.241667 0.434375 0.240278 0.433594 0.238889 0.431250 0.237500 0.427344 0.237500 0.425781 0.236111
25 0.041406 0.163889 0.039844 0.165278 0.040625 0.170833 0.042969 0.172222 0.041406 0.169444 0.041406 0.163889
25 0.843750 0.136111 0.842187 0.138889 0.839063 0.145833 0.839063 0.148611 0.839063 0.151389 0.839844 0.154167 0.840625 0.150000 0.842187 0.150000 0.843750 0.145833 0.844531 0.143056 0.843750 0.136111
25 0.026562 0.123611 0.025781 0.125000 0.023438 0.125000 0.027344 0.125000 0.028125 0.123611 0.029687 0.123611 0.026562 0.123611
25 0.007812 0.106944 0.007031 0.109722 0.006250 0.112500 0.006250 0.119444 0.007031 0.122222 0.011719 0.126389 0.013281 0.126389 0.016406 0.123611 0.018750 0.123611 0.013281 0.123611 0.011719 0.122222 0.010156 0.119444 0.009375 0.116667 0.008594 0.113889 0.008594 0.111111 0.007812 0.109722 0.007812 0.106944
25 0.000000 0.072222 0.000000 0.112500 0.002344 0.112500 0.003906 0.109722 0.004687 0.106944 0.004687 0.098611 0.005469 0.095833 0.007031 0.093056 0.009375 0.091667 0.010937 0.090278 0.009375 0.086111 0.008594 0.083333 0.009375 0.080556 0.007812 0.077778 0.010156 0.077778 0.007812 0.073611 0.006250 0.075000 0.003906 0.073611 0.000000 0.075000 0.000000 0.072222
25 0.384375 0.034722 0.383594 0.038889 0.382812 0.043056 0.381250 0.047222 0.381250 0.050000 0.382031 0.044444 0.383594 0.038889 0.384375 0.034722
25 0.374219 0.011111 0.373437 0.012500 0.360938 0.012500 0.357031 0.016667 0.349219 0.015278 0.350781 0.018056 0.352344 0.019444 0.360156 0.019444 0.367969 0.013889 0.371094 0.012500 0.375000 0.012500 0.375781 0.011111 0.378125 0.011111 0.374219 0.011111
25 0.328906 0.000000 0.330469 0.009722 0.331250 0.011111 0.332813 0.013889 0.334375 0.013889 0.334375 0.016667 0.337500 0.015278 0.341406 0.020833 0.342187 0.020833 0.343750 0.027778 0.345313 0.029167 0.346875 0.030556 0.349219 0.029167 0.351562 0.025000 0.353906 0.023611 0.360938 0.023611 0.364844 0.022222 0.366406 0.020833 0.368750 0.016667 0.375781 0.015278 0.385156 0.013889 0.385937 0.016667 0.387500 0.016667 0.387500 0.022222 0.384375 0.025000 0.381250 0.030556 0.380469 0.033333 0.377344 0.045833 0.376563 0.051389 0.375781 0.058333 0.378906 0.061111 0.380469 0.062500 0.381250 0.063889 0.381250 0.065278 0.382812 0.066667 0.380469 0.068056 0.378125 0.066667 0.375781 0.068056 0.373437 0.070833 0.360938 0.070833 0.365625 0.076389 0.373437 0.076389 0.367188 0.079167 0.367188 0.080556 0.366406 0.081944 0.364063 0.083333 0.362500 0.086111 0.363281 0.088889 0.364063 0.091667 0.362500 0.087500 0.360156 0.086111 0.358594 0.081944 0.357812 0.086111 0.361719 0.093056 0.361719 0.095833 0.362500 0.098611 0.363281 0.101389 0.361719 0.101389 0.360156 0.106944 0.359375 0.111111 0.360156 0.113889 0.358594 0.115278 0.357812 0.122222 0.354687 0.126389 0.355469 0.133333 0.355469 0.136111 0.357812 0.140278 0.357812 0.143056 0.354687 0.145833 0.351562 0.145833 0.349219 0.148611 0.346094 0.154167 0.345313 0.168056 0.345313 0.173611 0.346094 0.190278 0.347656 0.193056 0.347656 0.188889 0.347656 0.186111 0.347656 0.170833 0.347656 0.168056 0.348438 0.166667 0.349219 0.161111 0.353125 0.161111 0.353125 0.165278 0.355469 0.162500 0.353125 0.161111 0.349219 0.161111 0.349219 0.154167 0.357812 0.151389 0.357031 0.172222 0.357812 0.175000 0.360938 0.180556 0.363281 0.180556 0.364844 0.184722 0.371875 0.184722 0.375000 0.181944 0.382031 0.181944 0.373437 0.187500 0.369531 0.188889 0.374219 0.190278 0.378125 0.188889 0.380469 0.186111 0.385156 0.187500 0.387500 0.188889 0.389844 0.191667 0.391406 0.191667 0.392969 0.193056 0.393750 0.195833 0.393750 0.198611 0.390625 0.201389 0.387500 0.206944 0.390625 0.208333 0.392188 0.206944 0.390625 0.208333 0.388281 0.213889 0.387500 0.215278 0.386719 0.215278 0.385156 0.218056 0.388281 0.222222 0.390625 0.223611 0.394531 0.225000 0.403125 0.225000 0.405469 0.227778 0.409375 0.227778 0.413281 0.229167 0.414844 0.230556 0.413281 0.229167 0.402344 0.229167 0.399219 0.231944 0.395313 0.231944 0.390625 0.227778 0.388281 0.227778 0.387500 0.226389 0.385156 0.227778 0.385156 0.225000 0.383594 0.223611 0.382812 0.222222 0.380469 0.223611 0.377344 0.220833 0.380469 0.213889 0.378125 0.213889 0.376563 0.213889 0.375000 0.216667 0.375000 0.220833 0.377344 0.220833 0.380469 0.223611 0.382031 0.225000 0.382812 0.226389 0.385156 0.225000 0.385156 0.227778 0.386719 0.229167 0.387500 0.230556 0.394531 0.236111 0.398438 0.236111 0.401562 0.233333 0.412500 0.233333 0.416406 0.234722 0.419531 0.236111 0.423438 0.237500 0.425000 0.238889 0.427344 0.243056 0.428906 0.243056 0.429688 0.241667 0.431250 0.241667 0.435937 0.244444 0.442188 0.251389 0.446094 0.258333 0.449219 0.258333 0.451562 0.263889 0.453125 0.269444 0.455469 0.273611 0.457031 0.273611 0.458594 0.272222 0.457813 0.275000 0.458594 0.277778 0.460156 0.281944 0.461719 0.281944 0.460156 0.287500 0.460938 0.291667 0.461719 0.294444 0.463281 0.298611 0.465625 0.301389 0.466406 0.302778 0.467187 0.305556 0.469531 0.315278 0.470313 0.318056 0.471094 0.319444 0.474219 0.320833 0.475000 0.325000 0.475000 0.330556 0.476562 0.333333 0.475000 0.331944 0.474219 0.338889 0.471875 0.343056 0.469531 0.344444 0.467969 0.347222 0.466406 0.352778 0.466406 0.365278 0.467187 0.370833 0.467969 0.380556 0.468750 0.384722 0.469531 0.387500 0.471875 0.391667 0.471875 0.394444 0.473438 0.395833 0.471875 0.400000 0.471875 0.409722 0.472656 0.412500 0.473438 0.415278 0.475781 0.419444 0.475781 0.423611 0.477344 0.425000 0.475000 0.429167 0.474219 0.431944 0.473438 0.436111 0.474219 0.445833 0.472656 0.451389 0.472656 0.455556 0.474219 0.458333 0.475781 0.459722 0.474219 0.462500 0.475781 0.466667 0.475781 0.469444 0.477344 0.470833 0.476562 0.473611 0.475781 0.477778 0.482812 0.480556 0.464062 0.479167 0.448437 0.480556 0.448437 0.480556 0.450781 0.480556 0.460156 0.479167 0.461719 0.476389 0.459375 0.475000 0.457813 0.472222 0.456250 0.472222 0.457813 0.469444 0.450781 0.468056 0.449219 0.470833 0.450000 0.472222 0.448437 0.475000 0.449219 0.472222 0.449219 0.470833 0.451562 0.466667 0.455469 0.466667 0.460156 0.470833 0.462500 0.473611 0.463281 0.476389 0.469531 0.477778 0.471094 0.476389 0.468750 0.473611 0.468750 0.470833 0.467187 0.466667 0.465625 0.463889 0.464062 0.462500 0.462500 0.463889 0.464844 0.468056 0.460156 0.465278 0.457813 0.461111 0.457813 0.459722 0.456250 0.456944 0.453125 0.458333 0.453125 0.456944 0.450781 0.456944 0.451562 0.461111 0.450000 0.459722 0.449219 0.463889 0.447656 0.463889 0.446094 0.466667 0.446094 0.470833 0.446094 0.465278 0.442188 0.463889 0.440625 0.461111 0.437500 0.461111 0.436719 0.463889 0.434375 0.461111 0.432812 0.456944 0.430469 0.458333 0.430469 0.459722 0.428906 0.462500 0.428125 0.465278 0.428125 0.468056 0.425781 0.480556 0.425781 0.488889 0.428125 0.490278 0.428906 0.484722 0.431250 0.480556 0.431250 0.486111 0.430469 0.487500 0.435156 0.487500 0.435937 0.486111 0.435937 0.481944 0.434375 0.483333 0.433594 0.477778 0.432031 0.475000 0.432812 0.472222 0.435937 0.477778 0.436719 0.483333 0.437500 0.477778 0.439844 0.476389 0.442969 0.480556 0.444531 0.481944 0.448437 0.480556 0.448437 0.480556 0.445312 0.481944 0.440625 0.484722 0.437500 0.486111 0.435156 0.490278 0.433594 0.490278 0.432031 0.491667 0.429688 0.495833 0.429688 0.502778 0.428906 0.506944 0.428125 0.511111 0.425781 0.518056 0.425781 0.520833 0.425000 0.522222 0.424219 0.525000 0.423438 0.522222 0.421875 0.522222 0.421094 0.519444 0.421094 0.512500 0.419531 0.506944 0.419531 0.501389 0.418750 0.497222 0.417187 0.493056 0.414844 0.487500 0.411719 0.481944 0.409375 0.479167 0.407813 0.477778 0.405469 0.480556 0.404687 0.481944 0.404687 0.483333 0.403125 0.486111 0.400781 0.481944 0.400000 0.480556 0.399219 0.477778 0.398438 0.473611 0.396094 0.468056 0.392969 0.462500 0.391406 0.461111 0.388281 0.459722 0.378906 0.459722 0.364844 0.461111 0.356250 0.462500 0.350000 0.463889 0.344531 0.465278 0.340625 0.466667 0.339844 0.475000 0.342969 0.480556 0.341406 0.479167 0.337500 0.472222 0.335938 0.470833 0.332813 0.469444 0.326562 0.466667 0.318750 0.466667 0.312500 0.465278 0.311719 0.461111 0.310937 0.458333 0.297656 0.456944 0.295312 0.459722 0.289062 0.459722 0.285938 0.463889 0.280469 0.463889 0.276562 0.469444 0.278125 0.468056 0.278906 0.465278 0.276562 0.459722 0.273438 0.458333 0.267188 0.458333 0.266406 0.452778 0.265625 0.450000 0.264062 0.447222 0.262500 0.445833 0.259375 0.445833 0.258594 0.444444 0.256250 0.444444 0.253906 0.447222 0.253125 0.444444 0.251563 0.444444 0.250000 0.443056 0.250000 0.440278 0.246875 0.434722 0.245312 0.433333 0.243750 0.431944 0.241406 0.434722 0.239844 0.434722 0.239063 0.437500 0.237500 0.437500 0.232031 0.431944 0.228125 0.431944 0.225000 0.429167 0.219531 0.427778 0.214062 0.426389 0.183594 0.425000 0.149219 0.425000 0.144531 0.427778 0.134375 0.429167 0.125781 0.429167 0.118750 0.430556 0.106250 0.434722 0.105469 0.433333 0.107031 0.431944 0.109375 0.430556 0.107813 0.429167 0.105469 0.429167 0.103906 0.430556 0.105469 0.433333 0.106250 0.434722 0.100000 0.436111 0.091406 0.436111 0.089063 0.438889 0.083594 0.440278 0.082031 0.441667 0.080469 0.443056 0.076563 0.450000 0.073438 0.452778 0.071875 0.452778 0.075000 0.448611 0.071875 0.447222 0.068750 0.452778 0.071875 0.452778 0.073438 0.452778 0.071094 0.456944 0.070312 0.456944 0.068750 0.459722 0.067969 0.463889 0.064844 0.468056 0.064844 0.476389 0.066406 0.480556 0.067969 0.483333 0.073438 0.487500 0.075781 0.490278 0.073438 0.487500 0.059375 0.476389 0.056250 0.472222 0.053906 0.470833 0.051562 0.469444 0.049219 0.469444 0.046875 0.468056 0.045312 0.466667 0.044531 0.463889 0.046875 0.463889 0.050000 0.468056 0.053906 0.470833 0.056250 0.472222 0.060156 0.472222 0.063281 0.468056 0.067969 0.459722 0.068750 0.456944 0.063281 0.456944 0.061719 0.455556 0.060156 0.452778 0.052344 0.452778 0.050781 0.451389 0.049219 0.450000 0.046094 0.444444 0.044531 0.443056 0.042969 0.443056 0.039844 0.444444 0.038281 0.443056 0.035937 0.440278 0.037500 0.438889 0.036719 0.436111 0.035937 0.431944 0.037500 0.426389 0.037500 0.420833 0.036719 0.411111 0.038281 0.406944 0.038281 0.395833 0.036719 0.393056 0.029687 0.383333 0.026562 0.383333 0.016406 0.365278 0.016406 0.363889 0.013281 0.358333 0.016406 0.350000 0.014844 0.347222 0.011719 0.344444 0.007812 0.344444 0.007812 0.333333 0.021875 0.333333 0.025781 0.331944 0.025781 0.322222 0.028125 0.322222 0.028906 0.329167 0.033594 0.330556 0.034375 0.326389 0.033594 0.322222 0.031250 0.319444 0.030469 0.316667 0.030469 0.313889 0.031250 0.311111 0.033594 0.309722 0.035937 0.305556 0.035156 0.301389 0.032031 0.295833 0.030469 0.294444 0.026562 0.293056 0.024219 0.290278 0.022656 0.290278 0.022656 0.293056 0.021094 0.294444 0.019531 0.294444 0.018750 0.295833 0.017969 0.298611 0.015625 0.301389 0.016406 0.305556 0.019531 0.308333 0.018750 0.311111 0.019531 0.313889 0.021094 0.311111 0.022656 0.308333 0.025000 0.309722 0.025781 0.315278 0.026562 0.315278 0.028125 0.318056 0.028125 0.322222 0.025781 0.322222 0.025000 0.320833 0.023438 0.318056 0.021094 0.318056 0.016406 0.322222 0.012500 0.329167 0.010937 0.330556 0.015625 0.322222 0.015625 0.320833 0.017188 0.318056 0.013281 0.319444 0.010156 0.318056 0.007812 0.320833 0.007031 0.323611 0.007031 0.327778 0.005469 0.330556 0.007031 0.331944 0.007812 0.333333 0.007812 0.344444 0.006250 0.345833 0.005469 0.347222 0.005469 0.348611 0.002344 0.351389 0.000000 0.351389 0.000000 0.115278 0.001563 0.115278 0.002344 0.118056 0.002344 0.120833 0.003125 0.123611 0.003906 0.126389 0.005469 0.129167 0.010156 0.127778 0.011719 0.136111 0.013281 0.138889 0.016406 0.134722 0.016406 0.131944 0.015625 0.130556 0.015625 0.127778 0.021875 0.127778 0.024219 0.131944 0.025781 0.131944 0.029687 0.127778 0.032813 0.126389 0.039062 0.126389 0.039844 0.122222 0.042188 0.122222 0.042188 0.126389 0.041406 0.127778 0.041406 0.131944 0.042188 0.134722 0.043750 0.137500 0.045312 0.137500 0.044531 0.148611 0.043750 0.151389 0.041406 0.156944 0.038281 0.163889 0.035156 0.169444 0.035156 0.172222 0.035937 0.173611 0.036719 0.177778 0.038281 0.175000 0.040625 0.175000 0.041406 0.176389 0.042969 0.176389 0.042188 0.184722 0.043750 0.188889 0.046094 0.193056 0.048438 0.193056 0.049219 0.194444 0.050781 0.195833 0.049219 0.198611 0.051562 0.202778 0.049219 0.204167 0.048438 0.205556 0.045312 0.204167 0.045312 0.208333 0.045312 0.213889 0.045312 0.216667 0.043750 0.219444 0.042969 0.225000 0.047656 0.225000 0.050781 0.227778 0.053125 0.229167 0.053125 0.230556 0.057031 0.236111 0.057813 0.241667 0.056250 0.244444 0.056250 0.247222 0.057813 0.248611 0.057031 0.255556 0.057031 0.258333 0.058594 0.261111 0.060156 0.262500 0.062500 0.262500 0.064062 0.261111 0.064844 0.259722 0.065625 0.256944 0.066406 0.251389 0.067187 0.244444 0.067969 0.241667 0.070312 0.236111 0.071875 0.231944 0.071094 0.229167 0.078125 0.219444 0.082812 0.223611 0.097656 0.223611 0.101562 0.222222 0.103125 0.218056 0.103125 0.220833 0.104688 0.223611 0.107031 0.225000 0.109375 0.223611 0.109375 0.223611 0.108594 0.226389 0.110156 0.229167 0.111719 0.230556 0.125781 0.231944 0.128125 0.230556 0.126562 0.227778 0.112500 0.227778 0.110937 0.225000 0.109375 0.223611 0.109375 0.223611 0.112500 0.225000 0.114844 0.227778 0.128125 0.227778 0.132812 0.229167 0.133594 0.230556 0.135937 0.230556 0.132812 0.231944 0.134375 0.233333 0.135156 0.234722 0.139063 0.236111 0.146875 0.237500 0.146875 0.238889 0.148438 0.243056 0.150781 0.247222 0.153906 0.245833 0.152344 0.244444 0.150781 0.241667 0.152344 0.241667 0.153125 0.243056 0.154688 0.243056 0.157031 0.245833 0.158594 0.245833 0.153906 0.247222 0.158594 0.248611 0.160156 0.252778 0.160938 0.252778 0.163281 0.256944 0.164844 0.258333 0.169531 0.258333 0.171875 0.254167 0.164844 0.254167 0.163281 0.252778 0.160156 0.247222 0.162500 0.248611 0.164844 0.251389 0.167187 0.251389 0.169531 0.250000 0.171875 0.247222 0.178125 0.247222 0.175781 0.252778 0.177344 0.254167 0.178125 0.255556 0.180469 0.256944 0.182812 0.256944 0.185156 0.255556 0.186719 0.252778 0.185938 0.248611 0.182812 0.251389 0.175781 0.252778 0.178125 0.247222 0.181250 0.241667 0.182031 0.238889 0.177344 0.231944 0.177344 0.226389 0.186719 0.230556 0.187500 0.231944 0.189062 0.231944 0.189844 0.234722 0.189844 0.238889 0.191406 0.241667 0.192969 0.238889 0.192969 0.231944 0.192188 0.229167 0.191406 0.227778 0.189844 0.226389 0.188281 0.225000 0.185156 0.223611 0.181250 0.223611 0.179688 0.220833 0.179688 0.219444 0.177344 0.216667 0.179688 0.213889 0.180469 0.211111 0.182812 0.209722 0.184375 0.208333 0.185938 0.205556 0.187500 0.200000 0.187500 0.197222 0.186719 0.194444 0.186719 0.191667 0.187500 0.190278 0.188281 0.183333 0.186719 0.180556 0.185156 0.179167 0.186719 0.179167 0.187500 0.180556 0.194531 0.179167 0.192969 0.176389 0.189062 0.177778 0.186719 0.173611 0.185938 0.170833 0.185938 0.168056 0.188281 0.163889 0.192969 0.163889 0.196094 0.161111 0.201563 0.159722 0.201563 0.161111 0.207031 0.165278 0.208594 0.165278 0.210156 0.163889 0.211719 0.161111 0.208594 0.161111 0.201563 0.161111 0.201563 0.159722 0.193750 0.156944 0.191406 0.158333 0.190625 0.156944 0.188281 0.156944 0.192188 0.158333 0.196875 0.155556 0.200000 0.155556 0.204687 0.158333 0.209375 0.158333 0.211719 0.154167 0.211719 0.152778 0.214844 0.147222 0.216406 0.150000 0.215625 0.152778 0.216406 0.155556 0.217969 0.152778 0.218750 0.150000 0.217969 0.147222 0.216406 0.150000 0.214844 0.147222 0.216406 0.143056 0.216406 0.134722 0.215625 0.130556 0.214844 0.127778 0.214062 0.126389 0.213281 0.126389 0.210938 0.123611 0.208594 0.119444 0.210156 0.122222 0.211719 0.123611 0.218750 0.122222 0.217188 0.120833 0.216406 0.119444 0.211719 0.119444 0.210156 0.116667 0.209375 0.113889 0.210156 0.109722 0.210938 0.106944 0.214062 0.104167 0.210938 0.102778 0.209375 0.104167 0.212500 0.101389 0.215625 0.097222 0.217969 0.093056 0.217969 0.087500 0.215625 0.083333 0.214062 0.081944 0.212500 0.080556 0.204687 0.081944 0.203906 0.080556 0.200781 0.080556 0.204687 0.081944 0.208594 0.080556 0.211719 0.077778 0.217188 0.079167 0.218750 0.077778 0.216406 0.073611 0.213281 0.072222 0.208594 0.075000 0.200781 0.075000 0.198437 0.073611 0.196875 0.072222 0.198437 0.070833 0.199219 0.069444 0.201563 0.068056 0.204687 0.068056 0.207031 0.065278 0.209375 0.065278 0.211719 0.062500 0.217969 0.062500 0.218750 0.061111 0.220312 0.059722 0.212500 0.058333 0.217969 0.058333 0.218750 0.056944 0.228125 0.056944 0.235937 0.055556 0.238281 0.054167 0.239844 0.051389 0.240625 0.044444 0.239063 0.041667 0.239063 0.037500 0.238281 0.036111 0.237500 0.033333 0.238281 0.036111 0.239844 0.040278 0.241406 0.044444 0.242969 0.047222 0.242969 0.043056 0.242188 0.036111 0.239844 0.030556 0.239063 0.027778 0.238281 0.020833 0.237500 0.018056 0.235156 0.013889 0.234375 0.013889 0.232031 0.009722 0.232031 0.004167 0.232813 0.002778 0.232813 0.000000 0.328906 0.000000
26 0.990625 0.563889 0.989062 0.566667 0.987500 0.566667 0.986719 0.569444 0.988281 0.568056 0.989062 0.566667 0.996875 0.565278 0.995313 0.563889 0.990625 0.563889
27 0.492969 0.462500 0.492969 0.465278 0.492188 0.468056 0.493750 0.470833 0.492969 0.462500
27 0.453906 0.461111 0.455469 0.461111 0.455469 0.456944 0.457031 0.459722 0.457031 0.461111 0.460156 0.466667 0.463281 0.470833 0.465625 0.468056 0.462500 0.462500 0.464062 0.463889 0.465625 0.465278 0.466406 0.466667 0.466406 0.468056 0.467969 0.470833 0.468750 0.475000 0.470313 0.476389 0.468750 0.475000 0.463281 0.475000 0.461719 0.472222 0.460156 0.469444 0.458594 0.468056 0.457813 0.468056 0.456250 0.466667 0.455469 0.465278 0.451562 0.465278 0.450000 0.468056 0.457813 0.468056 0.458594 0.468056 0.457031 0.469444 0.456250 0.469444 0.457813 0.473611 0.459375 0.476389 0.461719 0.477778 0.450781 0.479167 0.449219 0.479167 0.447656 0.477778 0.448437 0.476389 0.450781 0.472222 0.449219 0.469444 0.448437 0.472222 0.448437 0.476389 0.447656 0.477778 0.446875 0.466667 0.449219 0.465278 0.450000 0.461111 0.451562 0.462500 0.451562 0.456944 0.453906 0.461111
27 0.514844 0.437500 0.516406 0.438889 0.516406 0.441667 0.516406 0.447222 0.517969 0.450000 0.517969 0.447222 0.517188 0.445833 0.517188 0.441667 0.516406 0.437500 0.514844 0.437500
27 0.527344 0.434722 0.530469 0.440278 0.531250 0.436111 0.527344 0.434722
27 0.541406 0.348611 0.538281 0.354167 0.537500 0.356944 0.536719 0.361111 0.535937 0.366667 0.535937 0.384722 0.535937 0.368056 0.538281 0.356944 0.539062 0.354167 0.540625 0.351389 0.541406 0.348611
27 0.560156 0.290278 0.559375 0.295833 0.560937 0.293056 0.561719 0.295833 0.560937 0.293056 0.560156 0.290278
27 0.185938 0.250000 0.182812 0.252778 0.176563 0.252778 0.180469 0.255556 0.182812 0.255556 0.185938 0.252778 0.185938 0.250000
27 0.378125 0.215278 0.375781 0.216667 0.376563 0.220833 0.379688 0.213889 0.378125 0.215278
27 0.844531 0.166667 0.842187 0.168056 0.841406 0.169444 0.839844 0.170833 0.842187 0.173611 0.842187 0.175000 0.843750 0.176389 0.846094 0.175000 0.846094 0.172222 0.843750 0.170833 0.845313 0.168056 0.846875 0.166667 0.848437 0.166667 0.858594 0.168056 0.844531 0.166667
27 0.202344 0.161111 0.203906 0.161111 0.204687 0.162500 0.207031 0.163889 0.208594 0.163889 0.209375 0.162500 0.210938 0.161111 0.208594 0.162500 0.202344 0.161111
27 0.904687 0.152778 0.903906 0.162500 0.903125 0.165278 0.900000 0.170833 0.898438 0.173611 0.887500 0.173611 0.881250 0.176389 0.873437 0.177778 0.871094 0.177778 0.869531 0.175000 0.867969 0.175000 0.865625 0.177778 0.862500 0.176389 0.861719 0.173611 0.861719 0.170833 0.860156 0.168056 0.860156 0.177778 0.859375 0.175000 0.857812 0.177778 0.857031 0.175000 0.857812 0.177778 0.861719 0.179167 0.867188 0.177778 0.869531 0.179167 0.867969 0.181944 0.865625 0.183333 0.863281 0.183333 0.860938 0.186111 0.862500 0.184722 0.866406 0.183333 0.871875 0.183333 0.870313 0.181944 0.873437 0.179167 0.881250 0.177778 0.885156 0.177778 0.885938 0.179167 0.890625 0.179167 0.896094 0.176389 0.902344 0.176389 0.904687 0.175000 0.903906 0.163889 0.904687 0.159722 0.903906 0.158333 0.903906 0.155556 0.904687 0.152778
27 0.934375 0.140278 0.932813 0.144444 0.926562 0.150000 0.924219 0.151389 0.919531 0.151389 0.916406 0.154167 0.914844 0.158333 0.914062 0.162500 0.911719 0.161111 0.911719 0.156944 0.910156 0.151389 0.909375 0.144444 0.909375 0.150000 0.910156 0.151389 0.910156 0.166667 0.914062 0.166667 0.917188 0.165278 0.919531 0.163889 0.923438 0.161111 0.925000 0.159722 0.928125 0.155556 0.929688 0.155556 0.933594 0.151389 0.935937 0.148611 0.939063 0.144444 0.939063 0.140278 0.934375 0.140278
27 0.904687 0.130556 0.904687 0.133333 0.903906 0.136111 0.905469 0.133333 0.905469 0.131944 0.907813 0.131944 0.907031 0.134722 0.908594 0.133333 0.909375 0.134722 0.910156 0.131944 0.911719 0.130556 0.907031 0.129167 0.904687 0.130556
27 0.913281 0.069444 0.914062 0.072222 0.916406 0.073611 0.917969 0.076389 0.917969 0.077778 0.919531 0.080556 0.923438 0.080556 0.925000 0.079167 0.921094 0.079167 0.918750 0.077778 0.915625 0.073611 0.913281 0.069444
27 0.939844 0.066667 0.939844 0.081944 0.937500 0.087500 0.941406 0.087500 0.939844 0.084722 0.939844 0.066667
27 0.910156 0.066667 0.908594 0.068056 0.912500 0.066667 0.910156 0.066667
27 0.997656 0.056944 0.996875 0.066667 0.995313 0.068056 0.969531 0.068056 0.957812 0.065278 0.955469 0.066667 0.955469 0.086111 0.957031 0.087500 0.967969 0.087500 0.987500 0.086111 0.990625 0.088889 0.994531 0.087500 0.992969 0.091667 0.992969 0.098611 0.994531 0.098611 0.999219 0.097222 0.999219 0.056944 0.997656 0.056944
27 0.914062 0.004167 0.912500 0.005556 0.914062 0.008333 0.915625 0.008333 0.915625 0.005556 0.914062 0.008333 0.914062 0.004167
27 0.907813 0.000000 0.907813 0.002778 0.906250 0.005556 0.906250 0.009722 0.903125 0.013889 0.900781 0.019444 0.901563 0.020833 0.898438 0.027778 0.900000 0.029167 0.898438 0.033333 0.895312 0.040278 0.895312 0.050000 0.896094 0.055556 0.898438 0.063889 0.900000 0.068056 0.901563 0.072222 0.910156 0.087500 0.913281 0.091667 0.917969 0.088889 0.935156 0.088889 0.917969 0.088889 0.915625 0.090278 0.914062 0.093056 0.914844 0.113889 0.914062 0.127778 0.914844 0.130556 0.915625 0.133333 0.917188 0.136111 0.929688 0.136111 0.923438 0.138889 0.917969 0.137500 0.916406 0.134722 0.915625 0.134722 0.914062 0.129167 0.910937 0.125000 0.909375 0.123611 0.907813 0.123611 0.906250 0.120833 0.903125 0.122222 0.904687 0.123611 0.903125 0.123611 0.902344 0.134722 0.902344 0.131944 0.901563 0.130556 0.901563 0.127778 0.899219 0.127778 0.898438 0.130556 0.898438 0.137500 0.900000 0.140278 0.901563 0.140278 0.903125 0.143056 0.901563 0.144444 0.900000 0.147222 0.899219 0.148611 0.894531 0.158333 0.892969 0.159722 0.891406 0.161111 0.888281 0.162500 0.876563 0.162500 0.872656 0.165278 0.860938 0.165278 0.859375 0.162500 0.854688 0.162500 0.850781 0.159722 0.849219 0.158333 0.848437 0.156944 0.847656 0.154167 0.846094 0.156944 0.846094 0.152778 0.843750 0.148611 0.842969 0.148611 0.844531 0.145833 0.845313 0.143056 0.845313 0.137500 0.843750 0.134722 0.841406 0.138889 0.838281 0.145833 0.839063 0.150000 0.838281 0.154167 0.840625 0.151389 0.842969 0.150000 0.842969 0.148611 0.843750 0.148611 0.841406 0.154167 0.839063 0.155556 0.837500 0.156944 0.835938 0.158333 0.833594 0.161111 0.831250 0.166667 0.825781 0.165278 0.821875 0.161111 0.817969 0.161111 0.807813 0.155556 0.803906 0.154167 0.799219 0.154167 0.793750 0.150000 0.790625 0.148611 0.785156 0.147222 0.779687 0.145833 0.771094 0.145833 0.767188 0.143056 0.763281 0.141667 0.753125 0.140278 0.740625 0.140278 0.733594 0.137500 0.728125 0.137500 0.720313 0.138889 0.693750 0.138889 0.682031 0.137500 0.680469 0.137500 0.677344 0.140278 0.671875 0.141667 0.664844 0.141667 0.658594 0.144444 0.650000 0.144444 0.645312 0.145833 0.644531 0.147222 0.641406 0.147222 0.641406 0.143056 0.638281 0.141667 0.638281 0.123611 0.639062 0.116667 0.639062 0.112500 0.637500 0.091667 0.636719 0.095833 0.637500 0.081944 0.635938 0.077778 0.634375 0.076389 0.632812 0.076389 0.631250 0.077778 0.629687 0.080556 0.629687 0.143056 0.629687 0.138889 0.630469 0.137500 0.629687 0.081944 0.628906 0.084722 0.628125 0.086111 0.628125 0.108333 0.626563 0.118056 0.626563 0.120833 0.627344 0.144444 0.626563 0.145833 0.625000 0.150000 0.627344 0.151389 0.621875 0.154167 0.620313 0.155556 0.618750 0.156944 0.615625 0.161111 0.612500 0.165278 0.610156 0.169444 0.608594 0.176389 0.602344 0.190278 0.600781 0.194444 0.596875 0.205556 0.597656 0.206944 0.594531 0.212500 0.593750 0.215278 0.592969 0.218056 0.592187 0.223611 0.591406 0.223611 0.590625 0.230556 0.589844 0.234722 0.589063 0.237500 0.585938 0.244444 0.584375 0.251389 0.582031 0.256944 0.571875 0.273611 0.571094 0.275000 0.571094 0.276389 0.568750 0.279167 0.567969 0.276389 0.566406 0.280556 0.564844 0.283333 0.565625 0.286111 0.564063 0.283333 0.562500 0.287500 0.559375 0.286111 0.560156 0.283333 0.558594 0.254167 0.557031 0.265278 0.557813 0.272222 0.557031 0.284722 0.556250 0.261111 0.557031 0.255556 0.555469 0.265278 0.553906 0.284722 0.550781 0.283333 0.550000 0.281944 0.547656 0.283333 0.549219 0.284722 0.550000 0.286111 0.552344 0.286111 0.553906 0.287500 0.554688 0.290278 0.553906 0.293056 0.554688 0.301389 0.553906 0.302778 0.553906 0.309722 0.552344 0.306944 0.550000 0.309722 0.550000 0.316667 0.551562 0.319444 0.549219 0.325000 0.550000 0.327778 0.552344 0.322222 0.550781 0.327778 0.548438 0.331944 0.546094 0.329167 0.544531 0.334722 0.543750 0.336111 0.541406 0.341667 0.539062 0.343056 0.534375 0.356944 0.533594 0.359722 0.532813 0.366667 0.533594 0.376389 0.532031 0.377778 0.532031 0.384722 0.530469 0.386111 0.531250 0.388889 0.531250 0.400000 0.530469 0.402778 0.530469 0.405556 0.530469 0.383333 0.527344 0.384722 0.527344 0.388889 0.527344 0.401389 0.527344 0.405556 0.528125 0.416667 0.527344 0.409722 0.525781 0.412500 0.525781 0.425000 0.524219 0.426389 0.523438 0.430556 0.522656 0.430556 0.521875 0.434722 0.517969 0.433333 0.503906 0.431944 0.494531 0.429167 0.492188 0.438889 0.492188 0.445833 0.490625 0.452778 0.489844 0.455556 0.486719 0.458333 0.488281 0.461111 0.485938 0.461111 0.487500 0.459722 0.482031 0.458333 0.480469 0.455556 0.479687 0.455556 0.478906 0.454167 0.478125 0.451389 0.478906 0.444444 0.479687 0.444444 0.481250 0.441667 0.482031 0.441667 0.482812 0.436111 0.482031 0.433333 0.481250 0.430556 0.478906 0.433333 0.476562 0.440278 0.476562 0.452778 0.477344 0.455556 0.478906 0.458333 0.478906 0.465278 0.481250 0.469444 0.484375 0.470833 0.478125 0.470833 0.476562 0.469444 0.476562 0.466667 0.475000 0.463889 0.476562 0.459722 0.475000 0.456944 0.474219 0.456944 0.473438 0.451389 0.475000 0.445833 0.474219 0.436111 0.475000 0.431944 0.475781 0.429167 0.476562 0.427778 0.477344 0.427778 0.477344 0.423611 0.476562 0.419444 0.474219 0.415278 0.473438 0.412500 0.472656 0.409722 0.472656 0.400000 0.474219 0.395833 0.475781 0.395833 0.475000 0.406944 0.475781 0.408333 0.476562 0.411111 0.477344 0.401389 0.475781 0.395833 0.474219 0.395833 0.472656 0.391667 0.470313 0.387500 0.469531 0.384722 0.468750 0.380556 0.467969 0.370833 0.467187 0.365278 0.468750 0.365278 0.470313 0.355556 0.467187 0.356944 0.467187 0.361111 0.467969 0.362500 0.468750 0.365278 0.467187 0.365278 0.467187 0.352778 0.467969 0.350000 0.468750 0.347222 0.471094 0.345833 0.470313 0.345833 0.469531 0.348611 0.471875 0.350000 0.470313 0.345833 0.471094 0.345833 0.473438 0.343056 0.472656 0.341667 0.474219 0.340278 0.475000 0.333333 0.477344 0.333333 0.475000 0.327778 0.475781 0.325000 0.475781 0.322222 0.474219 0.319444 0.472656 0.319444 0.471094 0.318056 0.467187 0.302778 0.465625 0.300000 0.466406 0.297222 0.466406 0.291667 0.464844 0.288889 0.463281 0.290278 0.464062 0.293056 0.466406 0.297222 0.465625 0.300000 0.464844 0.300000 0.464062 0.298611 0.464062 0.297222 0.462500 0.294444 0.461719 0.291667 0.460938 0.287500 0.461719 0.283333 0.460938 0.280556 0.459375 0.277778 0.458594 0.275000 0.459375 0.272222 0.455469 0.272222 0.453906 0.269444 0.452344 0.263889 0.449219 0.256944 0.448437 0.258333 0.446094 0.256944 0.442188 0.250000 0.435937 0.243056 0.435156 0.243056 0.436719 0.241667 0.435156 0.238889 0.433594 0.237500 0.431250 0.236111 0.426563 0.237500 0.428125 0.240278 0.432812 0.240278 0.435156 0.243056 0.435937 0.243056 0.433594 0.241667 0.431250 0.240278 0.429688 0.240278 0.428906 0.241667 0.427344 0.241667 0.425000 0.237500 0.423438 0.236111 0.419531 0.234722 0.416406 0.233333 0.412500 0.231944 0.401562 0.231944 0.398438 0.234722 0.394531 0.234722 0.387500 0.229167 0.385937 0.227778 0.384375 0.225000 0.381250 0.223611 0.382812 0.223611 0.385937 0.227778 0.388281 0.229167 0.390625 0.229167 0.395313 0.233333 0.399219 0.233333 0.402344 0.230556 0.414062 0.229167 0.409375 0.226389 0.405469 0.226389 0.403125 0.223611 0.394531 0.223611 0.390625 0.222222 0.388281 0.220833 0.385937 0.218056 0.387500 0.216667 0.389062 0.213889 0.389062 0.212500 0.390625 0.209722 0.391406 0.209722 0.392969 0.206944 0.390625 0.206944 0.388281 0.206944 0.385156 0.208333 0.384375 0.209722 0.382031 0.211111 0.384375 0.209722 0.385156 0.208333 0.387500 0.208333 0.390625 0.202778 0.392969 0.200000 0.393750 0.200000 0.394531 0.195833 0.393750 0.193056 0.392969 0.191667 0.391406 0.190278 0.387500 0.187500 0.385156 0.186111 0.381250 0.184722 0.378125 0.187500 0.374219 0.188889 0.370312 0.188889 0.373437 0.188889 0.380469 0.184722 0.381250 0.183333 0.382812 0.181944 0.375000 0.180556 0.372656 0.183333 0.364844 0.183333 0.363281 0.179167 0.360938 0.179167 0.358594 0.175000 0.357812 0.172222 0.358594 0.152778 0.350000 0.151389 0.348438 0.154167 0.348438 0.161111 0.347656 0.166667 0.346875 0.168056 0.346875 0.170833 0.346875 0.186111 0.346875 0.188889 0.347656 0.191667 0.346094 0.173611 0.346094 0.168056 0.346875 0.154167 0.349219 0.150000 0.351562 0.147222 0.354687 0.147222 0.357031 0.145833 0.358594 0.143056 0.358594 0.140278 0.357031 0.138889 0.356250 0.136111 0.356250 0.133333 0.354687 0.127778 0.358594 0.122222 0.359375 0.115278 0.360938 0.113889 0.360156 0.111111 0.360938 0.106944 0.362500 0.105556 0.362500 0.101389 0.364063 0.101389 0.362500 0.093056 0.358594 0.086111 0.358594 0.083333 0.360156 0.087500 0.361719 0.088889 0.363281 0.090278 0.363281 0.086111 0.366406 0.083333 0.367969 0.079167 0.372656 0.079167 0.374219 0.076389 0.364844 0.073611 0.360156 0.075000 0.360938 0.072222 0.373437 0.072222 0.375781 0.069444 0.378125 0.068056 0.380469 0.069444 0.383594 0.066667 0.382031 0.065278 0.380469 0.061111 0.378125 0.059722 0.376563 0.058333 0.377344 0.051389 0.378125 0.045833 0.380469 0.047222 0.381250 0.051389 0.382031 0.048611 0.382812 0.047222 0.382031 0.043056 0.381250 0.045833 0.380469 0.047222 0.378125 0.045833 0.381250 0.033333 0.382031 0.030556 0.384375 0.026389 0.388281 0.022222 0.388281 0.016667 0.385937 0.015278 0.385156 0.012500 0.375781 0.013889 0.375000 0.013889 0.378906 0.011111 0.374219 0.009722 0.360938 0.011111 0.357031 0.015278 0.349219 0.016667 0.350781 0.019444 0.352344 0.020833 0.360156 0.020833 0.367969 0.015278 0.371094 0.013889 0.375000 0.013889 0.375781 0.013889 0.368750 0.015278 0.366406 0.019444 0.364844 0.020833 0.360938 0.022222 0.353906 0.022222 0.351562 0.023611 0.349219 0.027778 0.347656 0.029167 0.345313 0.027778 0.343750 0.026389 0.343750 0.022222 0.342187 0.019444 0.339844 0.016667 0.337500 0.013889 0.334375 0.015278 0.334375 0.012500 0.332031 0.011111 0.330469 0.008333 0.330469 0.005556 0.329688 0.004167 0.329688 0.000000 0.907813 0.000000
27 0.232031 0.000000 0.232031 0.002778 0.231250 0.009722 0.235156 0.015278 0.236719 0.018056 0.237500 0.020833 0.235937 0.022222 0.233594 0.018056 0.232813 0.020833 0.234375 0.023611 0.235937 0.022222 0.237500 0.020833 0.238281 0.027778 0.239063 0.030556 0.241406 0.036111 0.242188 0.043056 0.242969 0.045833 0.242188 0.043056 0.240625 0.038889 0.239063 0.036111 0.238281 0.041667 0.239844 0.044444 0.239063 0.051389 0.235937 0.054167 0.228125 0.055556 0.218750 0.055556 0.211719 0.058333 0.219531 0.059722 0.217969 0.061111 0.211719 0.061111 0.209375 0.063889 0.207031 0.063889 0.204687 0.066667 0.201563 0.066667 0.199219 0.068056 0.197656 0.069444 0.196094 0.072222 0.197656 0.073611 0.198437 0.075000 0.200781 0.076389 0.208594 0.076389 0.212500 0.073611 0.216406 0.075000 0.217969 0.077778 0.216406 0.076389 0.211719 0.076389 0.208594 0.079167 0.205469 0.079167 0.203906 0.081944 0.212500 0.081944 0.215625 0.084722 0.217188 0.087500 0.217188 0.093056 0.215625 0.095833 0.214844 0.095833 0.212500 0.100000 0.210156 0.101389 0.208594 0.104167 0.210938 0.104167 0.213281 0.104167 0.211719 0.104167 0.210156 0.106944 0.209375 0.109722 0.208594 0.113889 0.209375 0.116667 0.211719 0.120833 0.216406 0.120833 0.217969 0.122222 0.210938 0.120833 0.210156 0.120833 0.208594 0.118056 0.207813 0.120833 0.210156 0.120833 0.210938 0.120833 0.209375 0.122222 0.210938 0.125000 0.214062 0.127778 0.214844 0.130556 0.215625 0.134722 0.215625 0.143056 0.214062 0.147222 0.210938 0.154167 0.209375 0.156944 0.204687 0.156944 0.200000 0.154167 0.196875 0.154167 0.192969 0.156944 0.192188 0.156944 0.191406 0.155556 0.187500 0.156944 0.190625 0.158333 0.191406 0.159722 0.193750 0.158333 0.192188 0.156944 0.192969 0.156944 0.194531 0.159722 0.200781 0.159722 0.196094 0.159722 0.192969 0.162500 0.188281 0.162500 0.185156 0.168056 0.185156 0.170833 0.185938 0.173611 0.189062 0.179167 0.191406 0.179167 0.193750 0.179167 0.186719 0.177778 0.184375 0.179167 0.185938 0.181944 0.187500 0.183333 0.186719 0.190278 0.185938 0.191667 0.185938 0.194444 0.187500 0.194444 0.186719 0.197222 0.186719 0.200000 0.185938 0.202778 0.185156 0.205556 0.184375 0.206944 0.182812 0.208333 0.181250 0.208333 0.179688 0.212500 0.178125 0.215278 0.176563 0.216667 0.178125 0.218056 0.178906 0.219444 0.181250 0.225000 0.185156 0.225000 0.188281 0.226389 0.189844 0.227778 0.191406 0.229167 0.192188 0.231944 0.191406 0.240278 0.190625 0.234722 0.189844 0.231944 0.186719 0.229167 0.179688 0.226389 0.177344 0.225000 0.177344 0.233333 0.181250 0.238889 0.180469 0.241667 0.178125 0.245833 0.171875 0.245833 0.169531 0.248611 0.167187 0.250000 0.164844 0.250000 0.162500 0.247222 0.160156 0.248611 0.163281 0.254167 0.164844 0.255556 0.169531 0.255556 0.170313 0.254167 0.171875 0.252778 0.169531 0.256944 0.164844 0.256944 0.163281 0.255556 0.160156 0.251389 0.159375 0.250000 0.159375 0.248611 0.154688 0.247222 0.159375 0.245833 0.154688 0.241667 0.152344 0.240278 0.150000 0.241667 0.153125 0.245833 0.150781 0.245833 0.149219 0.243056 0.147656 0.237500 0.146094 0.234722 0.139063 0.234722 0.135156 0.233333 0.133594 0.231944 0.136719 0.230556 0.132812 0.227778 0.128125 0.226389 0.114844 0.226389 0.112500 0.223611 0.109375 0.225000 0.112500 0.229167 0.127344 0.230556 0.125781 0.230556 0.125000 0.229167 0.111719 0.229167 0.110156 0.227778 0.109375 0.226389 0.108594 0.223611 0.104688 0.222222 0.103125 0.216667 0.101562 0.220833 0.097656 0.222222 0.082812 0.222222 0.080469 0.219444 0.078906 0.218056 0.077344 0.219444 0.071875 0.227778 0.071094 0.231944 0.065625 0.243056 0.065625 0.251389 0.064844 0.256944 0.064062 0.259722 0.062500 0.261111 0.060156 0.261111 0.058594 0.259722 0.057813 0.255556 0.058594 0.248611 0.057031 0.247222 0.057031 0.244444 0.058594 0.241667 0.057813 0.236111 0.053906 0.230556 0.052344 0.226389 0.052344 0.225000 0.050781 0.218056 0.050000 0.220833 0.052344 0.225000 0.052344 0.226389 0.048438 0.223611 0.043750 0.225000 0.044531 0.219444 0.046094 0.216667 0.046094 0.213889 0.046094 0.208333 0.045312 0.205556 0.048438 0.206944 0.051562 0.205556 0.051562 0.201389 0.050781 0.201389 0.051562 0.195833 0.050000 0.193056 0.048438 0.191667 0.046094 0.191667 0.044531 0.188889 0.042969 0.184722 0.042188 0.177778 0.043750 0.177778 0.040625 0.173611 0.040625 0.172222 0.042969 0.170833 0.041406 0.162500 0.039844 0.163889 0.039062 0.169444 0.040625 0.172222 0.040625 0.173611 0.038281 0.173611 0.036719 0.176389 0.035937 0.172222 0.035937 0.169444 0.039062 0.163889 0.042188 0.156944 0.044531 0.151389 0.045312 0.148611 0.046094 0.138889 0.042969 0.134722 0.042188 0.131944 0.042188 0.127778 0.042969 0.126389 0.042969 0.122222 0.039844 0.120833 0.039062 0.125000 0.032813 0.125000 0.029687 0.126389 0.025781 0.130556 0.024219 0.130556 0.021875 0.126389 0.022656 0.125000 0.027344 0.126389 0.030469 0.123611 0.026562 0.122222 0.022656 0.125000 0.021875 0.126389 0.015625 0.126389 0.014844 0.130556 0.015625 0.131944 0.015625 0.134722 0.014063 0.137500 0.012500 0.133333 0.011719 0.130556 0.010937 0.127778 0.011719 0.127778 0.013281 0.127778 0.016406 0.125000 0.019531 0.123611 0.013281 0.122222 0.011719 0.120833 0.010937 0.119444 0.010156 0.116667 0.009375 0.113889 0.007812 0.105556 0.005469 0.112500 0.005469 0.119444 0.006250 0.122222 0.007031 0.123611 0.008594 0.125000 0.011719 0.127778 0.010937 0.127778 0.006250 0.127778 0.004687 0.126389 0.003906 0.123611 0.003125 0.120833 0.003125 0.118056 0.002344 0.115278 0.000000 0.113889 0.002344 0.113889 0.004687 0.109722 0.005469 0.106944 0.005469 0.098611 0.006250 0.095833 0.008594 0.094444 0.010156 0.090278 0.011719 0.090278 0.010156 0.086111 0.009375 0.083333 0.010156 0.080556 0.008594 0.077778 0.010156 0.079167 0.010156 0.075000 0.009375 0.075000 0.007812 0.072222 0.006250 0.073611 0.003906 0.072222 0.000781 0.075000 0.000781 0.072222 0.000000 0.070833 0.000000 0.000000 0.232031 0.000000
2 0.521094 0.483333 0.514062 0.488889 0.510938 0.494444 0.508594 0.495833 0.507812 0.500000 0.505469 0.504167 0.504687 0.509722 0.504687 0.519444 0.505469 0.520833 0.505469 0.523611 0.507812 0.525000 0.510156 0.529167 0.510156 0.530556 0.513281 0.536111 0.516406 0.533333 0.520312 0.533333 0.522656 0.529167 0.523438 0.525000 0.523438 0.520833 0.524219 0.516667 0.525000 0.513889 0.526563 0.511111 0.527344 0.505556 0.528125 0.502778 0.529687 0.500000 0.530469 0.497222 0.531250 0.494444 0.532031 0.490278 0.532031 0.487500 0.530469 0.484722 0.528906 0.483333 0.526563 0.483333 0.525781 0.484722 0.524219 0.484722 0.523438 0.483333 0.521094 0.483333
2 0.464062 0.480556 0.448437 0.481944 0.445312 0.483333 0.438281 0.487500 0.436719 0.488889 0.435156 0.491667 0.433594 0.491667 0.432031 0.493056 0.430469 0.495833 0.430469 0.502778 0.429688 0.506944 0.428906 0.511111 0.426563 0.520833 0.425781 0.523611 0.424219 0.526389 0.423438 0.529167 0.422656 0.533333 0.422656 0.545833 0.424219 0.552778 0.425781 0.555556 0.427344 0.556944 0.432031 0.556944 0.435156 0.558333 0.439063 0.565278 0.442188 0.565278 0.443750 0.566667 0.445312 0.568056 0.449219 0.573611 0.450781 0.575000 0.453125 0.576389 0.462500 0.580556 0.466406 0.581944 0.471094 0.581944 0.474219 0.583333 0.478125 0.586111 0.479687 0.587500 0.482812 0.591667 0.485938 0.594444 0.494531 0.595833 0.499219 0.595833 0.502344 0.593056 0.503125 0.590278 0.503906 0.586111 0.503906 0.581944 0.503125 0.548611 0.502344 0.538889 0.501563 0.534722 0.498437 0.519444 0.495312 0.509722 0.495312 0.505556 0.494531 0.502778 0.488281 0.491667 0.487500 0.487500 0.485156 0.483333 0.483594 0.481944 0.482031 0.480556 0.464062 0.480556
2 0.183594 0.426389 0.214062 0.427778 0.219531 0.429167 0.225000 0.430556 0.228125 0.433333 0.232031 0.433333 0.237500 0.438889 0.239844 0.438889 0.243750 0.441667 0.251563 0.448611 0.254688 0.448611 0.257031 0.450000 0.261719 0.454167 0.268750 0.468056 0.270313 0.470833 0.274219 0.477778 0.275781 0.473611 0.276562 0.472222 0.278906 0.472222 0.282813 0.468056 0.287500 0.466667 0.293750 0.468056 0.296094 0.468056 0.317969 0.466667 0.326562 0.468056 0.332813 0.470833 0.335938 0.472222 0.337500 0.473611 0.341406 0.480556 0.342969 0.479167 0.340625 0.475000 0.340625 0.468056 0.343750 0.468056 0.344531 0.466667 0.350000 0.465278 0.356250 0.463889 0.364844 0.462500 0.378906 0.461111 0.388281 0.461111 0.391406 0.462500 0.392969 0.463889 0.395313 0.468056 0.397656 0.473611 0.399219 0.480556 0.400781 0.483333 0.401562 0.483333 0.402344 0.484722 0.403125 0.487500 0.405469 0.481944 0.407813 0.479167 0.409375 0.480556 0.411719 0.483333 0.414062 0.487500 0.416406 0.493056 0.417969 0.497222 0.418750 0.501389 0.418750 0.506944 0.420312 0.512500 0.421094 0.520833 0.421875 0.530556 0.421094 0.537500 0.420312 0.540278 0.418750 0.543056 0.414062 0.547222 0.412500 0.548611 0.409375 0.555556 0.410938 0.559722 0.411719 0.565278 0.410938 0.568056 0.409375 0.570833 0.407813 0.572222 0.410156 0.579167 0.410938 0.584722 0.407813 0.591667 0.406250 0.593056 0.394531 0.593056 0.390625 0.588889 0.388281 0.588889 0.385937 0.586111 0.384375 0.581944 0.382031 0.581944 0.380469 0.577778 0.379688 0.586111 0.376563 0.586111 0.377344 0.572222 0.376563 0.569444 0.375000 0.566667 0.374219 0.563889 0.374219 0.561111 0.373437 0.558333 0.371875 0.555556 0.371094 0.559722 0.372656 0.563889 0.373437 0.568056 0.374219 0.576389 0.375000 0.598611 0.375000 0.601389 0.374219 0.608333 0.373437 0.611111 0.372656 0.613889 0.368750 0.616667 0.360938 0.615278 0.359375 0.613889 0.357031 0.609722 0.353906 0.608333 0.351562 0.613889 0.350781 0.620833 0.347656 0.633333 0.345313 0.637500 0.343750 0.638889 0.341406 0.640278 0.335156 0.640278 0.332813 0.638889 0.331250 0.637500 0.329688 0.636111 0.325781 0.629167 0.325781 0.622222 0.324219 0.619444 0.321875 0.618056 0.321094 0.615278 0.319531 0.612500 0.317969 0.611111 0.318750 0.606944 0.317969 0.605556 0.317188 0.601389 0.316406 0.606944 0.317188 0.608333 0.317969 0.611111 0.319531 0.612500 0.317969 0.625000 0.317969 0.630556 0.318750 0.650000 0.317188 0.658333 0.316406 0.662500 0.313281 0.668056 0.310937 0.669444 0.305469 0.669444 0.301563 0.666667 0.297656 0.666667 0.294531 0.662500 0.292969 0.661111 0.283594 0.661111 0.280469 0.665278 0.278906 0.666667 0.273438 0.666667 0.269531 0.668056 0.267188 0.672222 0.267188 0.675000 0.264844 0.679167 0.264062 0.681944 0.264062 0.690278 0.263281 0.697222 0.260937 0.711111 0.259375 0.715278 0.255469 0.722222 0.253906 0.723611 0.252344 0.725000 0.250000 0.726389 0.237500 0.726389 0.236719 0.725000 0.228125 0.725000 0.228125 0.719444 0.225781 0.713889 0.225000 0.708333 0.223438 0.704167 0.221094 0.700000 0.217969 0.704167 0.217188 0.706944 0.217188 0.709722 0.216406 0.712500 0.214844 0.711111 0.214062 0.709722 0.213281 0.705556 0.210156 0.701389 0.208594 0.698611 0.210938 0.695833 0.212500 0.693056 0.217188 0.694444 0.218750 0.691667 0.216406 0.686111 0.214844 0.687500 0.212500 0.688889 0.208594 0.686111 0.204687 0.691667 0.202344 0.686111 0.203125 0.676389 0.201563 0.670833 0.199219 0.666667 0.198437 0.663889 0.197656 0.661111 0.193750 0.645833 0.191406 0.633333 0.189062 0.627778 0.188281 0.625000 0.188281 0.622222 0.187500 0.619444 0.186719 0.616667 0.184375 0.612500 0.182031 0.611111 0.177344 0.602778 0.174219 0.598611 0.172656 0.600000 0.171875 0.597222 0.166406 0.590278 0.161719 0.586111 0.156250 0.583333 0.153125 0.581944 0.150000 0.581944 0.146875 0.579167 0.144531 0.575000 0.143750 0.570833 0.142187 0.569444 0.140625 0.572222 0.140625 0.576389 0.142969 0.577778 0.144531 0.575000 0.146875 0.579167 0.135937 0.579167 0.132031 0.576389 0.128906 0.573611 0.127344 0.570833 0.125781 0.572222 0.125000 0.570833 0.124219 0.562500 0.122656 0.559722 0.121875 0.556944 0.119531 0.552778 0.113281 0.540278 0.107031 0.529167 0.104688 0.526389 0.102344 0.527778 0.101562 0.527778 0.103125 0.526389 0.099219 0.519444 0.094531 0.512500 0.090625 0.506944 0.087500 0.504167 0.085156 0.500000 0.083594 0.498611 0.082031 0.498611 0.080469 0.497222 0.075000 0.487500 0.073438 0.488889 0.079687 0.500000 0.083594 0.502778 0.087500 0.509722 0.089844 0.512500 0.092188 0.513889 0.093750 0.516667 0.094531 0.516667 0.095312 0.518056 0.097656 0.523611 0.100000 0.526389 0.101562 0.527778 0.102344 0.527778 0.103906 0.530556 0.107031 0.533333 0.111719 0.541667 0.113281 0.540278 0.119531 0.552778 0.118750 0.555556 0.120313 0.558333 0.121875 0.556944 0.122656 0.559722 0.121875 0.562500 0.123438 0.568056 0.125000 0.570833 0.125781 0.572222 0.128125 0.576389 0.129688 0.577778 0.132031 0.576389 0.135937 0.579167 0.135156 0.581944 0.138281 0.584722 0.144531 0.583333 0.147656 0.583333 0.151562 0.584722 0.156250 0.588889 0.161719 0.590278 0.163281 0.591667 0.164844 0.593056 0.166406 0.595833 0.167969 0.597222 0.169531 0.598611 0.171875 0.597222 0.172656 0.600000 0.180469 0.612500 0.182812 0.616667 0.185156 0.622222 0.185938 0.625000 0.186719 0.627778 0.186719 0.630556 0.187500 0.633333 0.191406 0.643056 0.193750 0.651389 0.195312 0.656944 0.196875 0.663889 0.197656 0.669444 0.197656 0.718056 0.196875 0.725000 0.196094 0.729167 0.195312 0.731944 0.192969 0.738889 0.188281 0.747222 0.185938 0.750000 0.185156 0.750000 0.184375 0.756944 0.182812 0.763889 0.182031 0.773611 0.182812 0.787500 0.181250 0.791667 0.181250 0.794444 0.178906 0.791667 0.175781 0.791667 0.173437 0.790278 0.169531 0.786111 0.163281 0.784722 0.155469 0.783333 0.152344 0.783333 0.146875 0.784722 0.142969 0.788889 0.138281 0.788889 0.135156 0.791667 0.122656 0.790278 0.116406 0.794444 0.110156 0.795833 0.107031 0.802778 0.104688 0.802778 0.103125 0.804167 0.101562 0.806944 0.098437 0.808333 0.097656 0.811111 0.096875 0.815278 0.097656 0.818056 0.099219 0.822222 0.096875 0.822222 0.096094 0.823611 0.093750 0.823611 0.092188 0.820833 0.090625 0.825000 0.091406 0.826389 0.090625 0.830556 0.087500 0.834722 0.084375 0.833333 0.079687 0.840278 0.076563 0.834722 0.074219 0.834722 0.071875 0.837500 0.069531 0.834722 0.064062 0.834722 0.063281 0.838889 0.062500 0.841667 0.058594 0.844444 0.051562 0.845833 0.045312 0.844444 0.043750 0.844444 0.036719 0.844444 0.028906 0.844444 0.025781 0.847222 0.021094 0.848611 0.007812 0.850000 0.000000 0.850000 0.000000 0.450000 0.006250 0.450000 0.012500 0.451389 0.019531 0.454167 0.025781 0.458333 0.032813 0.459722 0.035937 0.461111 0.039062 0.465278 0.044531 0.466667 0.049219 0.470833 0.051562 0.470833 0.053906 0.472222 0.056250 0.473611 0.059375 0.477778 0.063281 0.480556 0.064844 0.481944 0.066406 0.483333 0.067969 0.481944 0.067187 0.479167 0.065625 0.476389 0.065625 0.468056 0.067187 0.465278 0.068750 0.463889 0.069531 0.459722 0.070312 0.458333 0.073438 0.454167 0.076563 0.451389 0.080469 0.444444 0.082031 0.443056 0.083594 0.441667 0.086719 0.440278 0.089844 0.438889 0.093750 0.437500 0.106250 0.436111 0.118750 0.431944 0.125781 0.430556 0.134375 0.430556 0.144531 0.429167 0.149219 0.426389 0.183594 0.426389
4 0.680469 0.138889 0.677344 0.141667 0.671875 0.143056 0.664844 0.143056 0.658594 0.145833 0.650000 0.145833 0.639062 0.150000 0.631250 0.150000 0.621875 0.155556 0.620313 0.156944 0.618750 0.158333 0.613281 0.166667 0.612500 0.166667 0.610938 0.169444 0.609375 0.176389 0.605469 0.184722 0.603125 0.190278 0.602344 0.195833 0.598437 0.204167 0.598437 0.206944 0.595313 0.212500 0.594531 0.219444 0.593750 0.222222 0.591406 0.225000 0.591406 0.230556 0.590625 0.234722 0.589844 0.237500 0.586719 0.244444 0.585156 0.251389 0.582812 0.256944 0.575000 0.272222 0.572656 0.276389 0.568750 0.280556 0.564844 0.288889 0.562500 0.294444 0.562500 0.300000 0.561719 0.302778 0.559375 0.306944 0.558594 0.306944 0.555469 0.312500 0.553906 0.318056 0.553125 0.323611 0.551562 0.327778 0.546875 0.336111 0.545312 0.340278 0.544531 0.344444 0.541406 0.350000 0.539844 0.354167 0.539062 0.356944 0.536719 0.368056 0.536719 0.384722 0.535937 0.397222 0.534375 0.404167 0.534375 0.426389 0.533594 0.430556 0.532031 0.433333 0.533594 0.438889 0.534375 0.445833 0.535156 0.454167 0.533594 0.458333 0.532813 0.463889 0.533594 0.481944 0.532813 0.490278 0.532031 0.497222 0.530469 0.502778 0.530469 0.509722 0.529687 0.513889 0.528125 0.516667 0.527344 0.520833 0.527344 0.551389 0.529687 0.551389 0.531250 0.552778 0.532031 0.554167 0.532031 0.555556 0.533594 0.558333 0.534375 0.561111 0.535156 0.565278 0.535156 0.573611 0.535937 0.577778 0.537500 0.580556 0.542188 0.581944 0.546875 0.581944 0.552344 0.587500 0.555469 0.587500 0.557031 0.588889 0.558594 0.590278 0.560937 0.594444 0.561719 0.598611 0.562500 0.604167 0.563281 0.615278 0.564063 0.620833 0.566406 0.625000 0.567969 0.631944 0.570312 0.636111 0.570312 0.638889 0.571875 0.641667 0.576562 0.648611 0.578125 0.655556 0.579688 0.658333 0.585156 0.658333 0.592187 0.655556 0.592969 0.652778 0.593750 0.650000 0.593750 0.645833 0.595313 0.640278 0.600781 0.640278 0.607031 0.644444 0.609375 0.640278 0.610938 0.638889 0.614062 0.638889 0.614844 0.640278 0.624219 0.643056 0.633594 0.643056 0.655469 0.643056 0.657813 0.638889 0.666406 0.641667 0.677344 0.641667 0.682031 0.644444 0.686719 0.644444 0.696094 0.643056 0.703125 0.647222 0.710156 0.647222 0.714844 0.650000 0.716406 0.650000 0.717969 0.647222 0.720313 0.645833 0.730469 0.647222 0.734375 0.647222 0.740625 0.645833 0.742969 0.647222 0.746094 0.652778 0.748437 0.658333 0.749219 0.663889 0.763281 0.663889 0.766406 0.658333 0.770312 0.658333 0.771875 0.656944 0.773438 0.654167 0.774219 0.651389 0.775000 0.645833 0.776563 0.643056 0.776563 0.641667 0.778906 0.640278 0.782813 0.636111 0.792188 0.638889 0.797656 0.637500 0.799219 0.637500 0.810937 0.640278 0.841406 0.640278 0.844531 0.637500 0.846094 0.634722 0.846875 0.627778 0.846875 0.618056 0.846094 0.611111 0.844531 0.600000 0.843750 0.597222 0.842969 0.595833 0.840625 0.594444 0.839844 0.593056 0.839063 0.590278 0.838281 0.586111 0.837500 0.566667 0.837500 0.562500 0.838281 0.530556 0.839063 0.508333 0.840625 0.490278 0.840625 0.447222 0.841406 0.436111 0.842969 0.427778 0.843750 0.402778 0.844531 0.344444 0.844531 0.340278 0.843750 0.338889 0.843750 0.334722 0.845313 0.302778 0.845313 0.265278 0.843750 0.259722 0.842969 0.247222 0.842969 0.238889 0.844531 0.231944 0.845313 0.223611 0.845313 0.198611 0.844531 0.190278 0.843750 0.181944 0.842187 0.176389 0.841406 0.173611 0.840625 0.172222 0.839063 0.170833 0.836719 0.169444 0.834375 0.168056 0.825781 0.166667 0.821875 0.162500 0.817969 0.162500 0.807813 0.156944 0.803906 0.155556 0.799219 0.155556 0.793750 0.151389 0.790625 0.150000 0.785156 0.148611 0.779687 0.147222 0.771094 0.147222 0.767188 0.144444 0.763281 0.143056 0.753125 0.141667 0.740625 0.141667 0.733594 0.138889 0.728125 0.138889 0.720313 0.140278 0.693750 0.140278 0.682031 0.138889 0.680469 0.138889
19 0.421875 0.523611 0.422656 0.530556 0.421875 0.537500 0.421094 0.540278 0.418750 0.544444 0.410156 0.548611 0.410156 0.555556 0.411719 0.559722 0.412500 0.565278 0.411719 0.568056 0.408594 0.572222 0.409375 0.575000 0.410938 0.579167 0.411719 0.586111 0.407813 0.593056 0.406250 0.594444 0.394531 0.594444 0.390625 0.590278 0.388281 0.590278 0.386719 0.587500 0.385937 0.587500 0.385156 0.586111 0.385156 0.584722 0.382031 0.583333 0.381250 0.580556 0.379688 0.579167 0.379688 0.587500 0.375781 0.586111 0.376563 0.572222 0.375781 0.569444 0.374219 0.566667 0.373437 0.563889 0.373437 0.561111 0.372656 0.559722 0.371875 0.556944 0.371875 0.559722 0.373437 0.563889 0.374219 0.568056 0.375000 0.576389 0.375781 0.598611 0.375781 0.601389 0.375000 0.608333 0.374219 0.611111 0.373437 0.613889 0.371094 0.615278 0.367969 0.618056 0.360938 0.616667 0.359375 0.615278 0.357031 0.611111 0.353125 0.609722 0.353125 0.612500 0.351562 0.620833 0.348438 0.633333 0.345313 0.638889 0.343750 0.640278 0.341406 0.641667 0.335156 0.641667 0.332813 0.640278 0.331250 0.638889 0.329688 0.637500 0.325000 0.629167 0.324219 0.620833 0.321875 0.619444 0.320312 0.616667 0.318750 0.612500 0.317969 0.609722 0.317969 0.606944 0.317188 0.605556 0.317188 0.602778 0.317188 0.606944 0.319531 0.613889 0.318750 0.625000 0.318750 0.630556 0.319531 0.650000 0.317969 0.658333 0.317188 0.662500 0.313281 0.669444 0.310937 0.670833 0.305469 0.670833 0.301563 0.668056 0.297656 0.668056 0.294531 0.663889 0.292969 0.662500 0.283594 0.662500 0.280469 0.666667 0.278906 0.668056 0.273438 0.668056 0.269531 0.669444 0.267969 0.672222 0.267969 0.675000 0.265625 0.679167 0.264844 0.681944 0.264844 0.690278 0.264062 0.697222 0.262500 0.705556 0.261719 0.711111 0.260156 0.715278 0.255469 0.723611 0.253906 0.725000 0.252344 0.726389 0.250000 0.727778 0.237500 0.727778 0.227344 0.725000 0.227344 0.719444 0.225000 0.713889 0.224219 0.708333 0.222656 0.704167 0.220312 0.701389 0.218750 0.704167 0.217969 0.706944 0.217969 0.709722 0.217188 0.711111 0.216406 0.713889 0.214844 0.712500 0.213281 0.709722 0.212500 0.705556 0.210938 0.702778 0.210156 0.702778 0.207813 0.697222 0.209375 0.694444 0.210938 0.694444 0.212500 0.691667 0.217969 0.690278 0.214844 0.688889 0.212500 0.690278 0.208594 0.687500 0.207031 0.688889 0.204687 0.693056 0.201563 0.686111 0.202344 0.676389 0.201563 0.673611 0.200781 0.670833 0.198437 0.666667 0.197656 0.663889 0.196875 0.661111 0.192969 0.645833 0.190625 0.633333 0.188281 0.627778 0.187500 0.625000 0.187500 0.622222 0.185938 0.616667 0.184375 0.613889 0.182031 0.612500 0.177344 0.604167 0.174219 0.600000 0.170313 0.597222 0.166406 0.591667 0.164844 0.590278 0.163281 0.588889 0.164062 0.591667 0.166406 0.594444 0.167969 0.595833 0.171094 0.597222 0.172656 0.598611 0.180469 0.611111 0.183594 0.616667 0.185938 0.622222 0.186719 0.625000 0.187500 0.627778 0.187500 0.630556 0.188281 0.633333 0.192188 0.643056 0.193750 0.648611 0.196094 0.656944 0.197656 0.663889 0.198437 0.669444 0.198437 0.718056 0.197656 0.725000 0.196875 0.729167 0.196094 0.731944 0.193750 0.738889 0.188281 0.748611 0.185156 0.751389 0.185156 0.756944 0.183594 0.763889 0.182812 0.775000 0.183594 0.787500 0.181250 0.795833 0.178906 0.793056 0.175781 0.793056 0.173437 0.791667 0.169531 0.787500 0.163281 0.786111 0.155469 0.784722 0.152344 0.784722 0.146875 0.786111 0.142969 0.790278 0.138281 0.790278 0.135156 0.793056 0.122656 0.791667 0.120313 0.793056 0.116406 0.795833 0.110937 0.795833 0.107031 0.804167 0.104688 0.804167 0.103125 0.805556 0.101562 0.808333 0.099219 0.808333 0.098437 0.811111 0.097656 0.815278 0.098437 0.818056 0.099219 0.823611 0.096094 0.825000 0.093750 0.825000 0.091406 0.822222 0.091406 0.825000 0.092188 0.826389 0.092188 0.829167 0.090625 0.831944 0.089844 0.831944 0.087500 0.836111 0.083594 0.834722 0.079687 0.841667 0.076563 0.836111 0.074219 0.836111 0.071875 0.838889 0.069531 0.836111 0.064062 0.836111 0.063281 0.841667 0.061719 0.844444 0.058594 0.845833 0.051562 0.847222 0.045312 0.845833 0.043750 0.845833 0.028906 0.845833 0.025781 0.848611 0.021094 0.850000 0.008594 0.850000 0.007812 0.851389 0.000000 0.851389 0.000000 0.862500 0.009375 0.862500 0.019531 0.861111 0.039844 0.858333 0.101562 0.848611 0.141406 0.847222 0.180469 0.847222 0.220312 0.845833 0.252344 0.844444 0.347656 0.838889 0.482812 0.837500 0.512500 0.838889 0.603125 0.843056 0.632812 0.844444 0.654687 0.847222 0.753125 0.859722 0.764062 0.861111 0.772656 0.863889 0.815625 0.877778 0.862500 0.893056 0.871094 0.895833 0.875000 0.897222 0.879687 0.900000 0.889062 0.905556 0.917188 0.922222 0.960938 0.948611 0.972656 0.958333 0.990625 0.975000 0.999219 0.981944 0.999219 0.729167 0.997656 0.729167 0.994531 0.726389 0.989062 0.723611 0.983594 0.722222 0.969531 0.713889 0.935937 0.697222 0.868750 0.663889 0.854688 0.656944 0.851562 0.655556 0.844531 0.654167 0.843750 0.651389 0.843750 0.645833 0.841406 0.641667 0.836719 0.641667 0.834375 0.645833 0.836719 0.648611 0.835938 0.654167 0.827344 0.654167 0.814844 0.652778 0.812500 0.651389 0.811719 0.648611 0.810156 0.647222 0.808594 0.645833 0.805469 0.644444 0.798438 0.643056 0.803125 0.641667 0.803906 0.640278 0.807813 0.640278 0.799219 0.638889 0.797656 0.638889 0.792188 0.640278 0.782813 0.637500 0.780469 0.640278 0.777344 0.641667 0.775781 0.645833 0.775000 0.651389 0.774219 0.654167 0.771875 0.658333 0.770312 0.659722 0.766406 0.659722 0.763281 0.665278 0.748437 0.663889 0.747656 0.658333 0.745313 0.652778 0.742969 0.648611 0.740625 0.647222 0.734375 0.648611 0.730469 0.648611 0.720313 0.647222 0.717969 0.648611 0.716406 0.651389 0.714844 0.651389 0.710156 0.648611 0.703125 0.648611 0.696094 0.644444 0.686719 0.645833 0.682031 0.645833 0.677344 0.643056 0.666406 0.643056 0.657813 0.640278 0.655469 0.644444 0.633594 0.644444 0.624219 0.644444 0.614844 0.641667 0.614062 0.640278 0.610938 0.640278 0.609375 0.641667 0.607031 0.645833 0.604688 0.644444 0.600781 0.641667 0.595313 0.641667 0.595313 0.644444 0.594531 0.645833 0.594531 0.650000 0.592969 0.655556 0.591406 0.658333 0.585156 0.659722 0.579688 0.659722 0.577344 0.655556 0.575781 0.648611 0.571875 0.643056 0.569531 0.638889 0.569531 0.636111 0.567187 0.631944 0.565625 0.625000 0.563281 0.620833 0.562500 0.615278 0.561719 0.604167 0.560937 0.598611 0.560156 0.594444 0.558594 0.591667 0.557031 0.590278 0.555469 0.588889 0.552344 0.588889 0.546875 0.583333 0.542188 0.583333 0.537500 0.581944 0.535156 0.577778 0.533594 0.573611 0.534375 0.570833 0.533594 0.573611 0.529687 0.572222 0.529687 0.568056 0.528906 0.562500 0.527344 0.555556 0.531250 0.555556 0.526563 0.554167 0.526563 0.550000 0.523438 0.548611 0.524219 0.543056 0.525000 0.543056 0.526563 0.541667 0.521875 0.540278 0.521875 0.531944 0.520312 0.534722 0.516406 0.534722 0.515625 0.536111 0.514062 0.536111 0.515625 0.537500 0.519531 0.538889 0.517969 0.550000 0.516406 0.548611 0.515625 0.548611 0.513281 0.552778 0.509375 0.547222 0.507812 0.550000 0.507812 0.558333 0.506250 0.556944 0.504687 0.551389 0.504687 0.534722 0.506250 0.531944 0.508594 0.530556 0.512500 0.536111 0.509375 0.529167 0.507812 0.526389 0.506250 0.525000 0.504687 0.525000 0.500781 0.527778 0.500781 0.530556 0.502344 0.534722 0.503125 0.538889 0.503906 0.548611 0.504687 0.581944 0.504687 0.586111 0.503906 0.590278 0.503125 0.593056 0.501563 0.595833 0.499219 0.597222 0.494531 0.597222 0.485938 0.595833 0.482812 0.593056 0.479687 0.588889 0.478125 0.587500 0.474219 0.584722 0.471094 0.583333 0.466406 0.583333 0.462500 0.581944 0.453125 0.577778 0.450781 0.576389 0.449219 0.575000 0.445312 0.569444 0.443750 0.568056 0.442188 0.566667 0.439063 0.566667 0.438281 0.563889 0.435156 0.559722 0.432031 0.558333 0.427344 0.558333 0.425781 0.556944 0.423438 0.552778 0.421875 0.545833 0.421875 0.533333 0.423438 0.527778 0.423438 0.523611 0.421875 0.523611
