29 0.481250 0.523611 0.481250 0.533333 0.482031 0.536111 0.484375 0.536111 0.485938 0.537500 0.485938 0.534722 0.486719 0.533333 0.485938 0.522222 0.481250 0.523611
29 0.575781 0.423611 0.574219 0.426389 0.573438 0.426389 0.571875 0.429167 0.571875 0.440278 0.573438 0.443056 0.575781 0.444444 0.577344 0.443056 0.578125 0.440278 0.578906 0.436111 0.578906 0.430556 0.578125 0.427778 0.575781 0.423611
29 0.310156 0.420833 0.308594 0.422222 0.307031 0.425000 0.307812 0.434722 0.307031 0.448611 0.307812 0.451389 0.308594 0.452778 0.310156 0.454167 0.314063 0.451389 0.314844 0.448611 0.314844 0.443056 0.313281 0.423611 0.310156 0.420833
19 0.251563 0.713889 0.248438 0.718056 0.248438 0.720833 0.250000 0.723611 0.252344 0.723611 0.254688 0.722222 0.256250 0.719444 0.258594 0.718056 0.260156 0.718056 0.256250 0.718056 0.251563 0.713889
19 0.803906 0.662500 0.804688 0.665278 0.806250 0.668056 0.805469 0.665278 0.805469 0.663889 0.803906 0.662500
19 0.710156 0.641667 0.709375 0.644444 0.721094 0.644444 0.711719 0.644444 0.710156 0.641667
19 0.477344 0.586111 0.478125 0.587500 0.467969 0.588889 0.463281 0.588889 0.446094 0.588889 0.438281 0.587500 0.436719 0.590278 0.432031 0.590278 0.429688 0.591667 0.432812 0.595833 0.449219 0.594444 0.476562 0.595833 0.482031 0.598611 0.489844 0.600000 0.492969 0.598611 0.489844 0.595833 0.485938 0.594444 0.482812 0.594444 0.481250 0.591667 0.481250 0.590278 0.478125 0.587500 0.477344 0.586111 0.487500 0.591667 0.489844 0.593056 0.491406 0.593056 0.497656 0.591667 0.498437 0.594444 0.498437 0.597222 0.499219 0.600000 0.500000 0.601389 0.501563 0.602778 0.503906 0.604167 0.507031 0.604167 0.509375 0.606944 0.510938 0.605556 0.513281 0.601389 0.514062 0.597222 0.514844 0.594444 0.520312 0.595833 0.522656 0.598611 0.525781 0.598611 0.524219 0.606944 0.524219 0.615278 0.525000 0.618056 0.527344 0.622222 0.528906 0.623611 0.535156 0.623611 0.536719 0.626389 0.539062 0.627778 0.544531 0.629167 0.546094 0.629167 0.552344 0.627778 0.554688 0.625000 0.554688 0.627778 0.556250 0.630556 0.559375 0.631944 0.561719 0.630556 0.561719 0.634722 0.563281 0.638889 0.565625 0.643056 0.567187 0.644444 0.570312 0.645833 0.577344 0.647222 0.587500 0.648611 0.589844 0.648611 0.590625 0.647222 0.592187 0.647222 0.596094 0.648611 0.600000 0.647222 0.601562 0.645833 0.602344 0.644444 0.603125 0.641667 0.603125 0.634722 0.604688 0.631944 0.606250 0.631944 0.607812 0.636111 0.605469 0.638889 0.604688 0.641667 0.605469 0.652778 0.606250 0.661111 0.607812 0.663889 0.614062 0.669444 0.617969 0.670833 0.619531 0.672222 0.622656 0.677778 0.624219 0.675000 0.626563 0.672222 0.630469 0.672222 0.634375 0.669444 0.638281 0.672222 0.660156 0.670833 0.667188 0.673611 0.676562 0.673611 0.678125 0.672222 0.679688 0.669444 0.680469 0.665278 0.682031 0.662500 0.680469 0.648611 0.686719 0.647222 0.688281 0.650000 0.688281 0.652778 0.690625 0.652778 0.692187 0.654167 0.690625 0.655556 0.692969 0.656944 0.693750 0.652778 0.696094 0.654167 0.697656 0.651389 0.696875 0.650000 0.700000 0.645833 0.701562 0.645833 0.700000 0.648611 0.700000 0.651389 0.706250 0.654167 0.714844 0.655556 0.739844 0.655556 0.744531 0.658333 0.755469 0.658333 0.757031 0.661111 0.758594 0.661111 0.764844 0.662500 0.775000 0.661111 0.781250 0.662500 0.782813 0.665278 0.787500 0.666667 0.791406 0.666667 0.793750 0.668056 0.795312 0.669444 0.799219 0.676389 0.800781 0.677778 0.805469 0.676389 0.807031 0.676389 0.814063 0.679167 0.832812 0.680556 0.861719 0.680556 0.868750 0.683333 0.875000 0.684722 0.880469 0.684722 0.881250 0.683333 0.883594 0.684722 0.881250 0.684722 0.889844 0.688889 0.890625 0.687500 0.900000 0.687500 0.900781 0.688889 0.903125 0.688889 0.901563 0.691667 0.908594 0.695833 0.911719 0.695833 0.912500 0.694444 0.916406 0.694444 0.917969 0.691667 0.922656 0.690278 0.925000 0.693056 0.928125 0.693056 0.917969 0.694444 0.914062 0.695833 0.909375 0.705556 0.907813 0.708333 0.905469 0.709722 0.897656 0.709722 0.894531 0.711111 0.891406 0.713889 0.884375 0.713889 0.882812 0.715278 0.881250 0.716667 0.878906 0.720833 0.878125 0.725000 0.870313 0.738889 0.866406 0.751389 0.864062 0.763889 0.862500 0.766667 0.863281 0.772222 0.862500 0.781944 0.864062 0.794444 0.865625 0.800000 0.865625 0.809722 0.866406 0.813889 0.867188 0.816667 0.869531 0.822222 0.870313 0.826389 0.871094 0.834722 0.871875 0.837500 0.875000 0.844444 0.876563 0.851389 0.878125 0.852778 0.880469 0.854167 0.887500 0.855556 0.889062 0.854167 0.893750 0.852778 0.896094 0.851389 0.897656 0.850000 0.900781 0.845833 0.901563 0.845833 0.903906 0.843056 0.907813 0.847222 0.911719 0.844444 0.914062 0.847222 0.919531 0.847222 0.922656 0.848611 0.925781 0.851389 0.928906 0.851389 0.932031 0.854167 0.935937 0.854167 0.937500 0.855556 0.939063 0.858333 0.942969 0.858333 0.948438 0.861111 0.950781 0.863889 0.953906 0.862500 0.963281 0.868056 0.967187 0.872222 0.969531 0.873611 0.975781 0.875000 0.978906 0.876389 0.981250 0.879167 0.986719 0.879167 0.990625 0.880556 0.993750 0.884722 0.999219 0.883333 0.999219 0.998611 0.839844 0.998611 0.737500 0.965278 0.710938 0.956944 0.697656 0.952778 0.692969 0.951389 0.687500 0.950000 0.595313 0.927778 0.583594 0.925000 0.571875 0.922222 0.562500 0.920833 0.525781 0.915278 0.451562 0.904167 0.414062 0.898611 0.396094 0.897222 0.402344 0.840278 0.423438 0.838889 0.427344 0.836111 0.425781 0.833333 0.425781 0.827778 0.425000 0.826389 0.425000 0.822222 0.425781 0.816667 0.428125 0.812500 0.427344 0.800000 0.425781 0.798611 0.424219 0.797222 0.421094 0.797222 0.418750 0.793056 0.416406 0.791667 0.414844 0.781944 0.414062 0.780556 0.411719 0.779167 0.410156 0.781944 0.410156 0.783333 0.409375 0.784722 0.407813 0.786111 0.406250 0.786111 0.396094 0.804167 0.394531 0.805556 0.391406 0.806944 0.395313 0.813889 0.389844 0.823611 0.390625 0.829167 0.389844 0.838889 0.402344 0.840278 0.396094 0.897222 0.359375 0.894444 0.303906 0.890278 0.285938 0.888889 0.141406 0.890278 0.146094 0.859722 0.160938 0.856944 0.204687 0.854167 0.218750 0.852778 0.219531 0.844444 0.218750 0.841667 0.217969 0.840278 0.214062 0.834722 0.211719 0.834722 0.210156 0.826389 0.208594 0.825000 0.195312 0.823611 0.186719 0.823611 0.180469 0.827778 0.176563 0.827778 0.175781 0.829167 0.173437 0.829167 0.175000 0.827778 0.176563 0.826389 0.172656 0.825000 0.166406 0.826389 0.164844 0.829167 0.161719 0.829167 0.158594 0.831944 0.150000 0.833333 0.147656 0.834722 0.146094 0.836111 0.145313 0.844444 0.143750 0.845833 0.142187 0.845833 0.138281 0.848611 0.136719 0.851389 0.134375 0.852778 0.131250 0.854167 0.125781 0.855556 0.114844 0.856944 0.110937 0.858333 0.110156 0.859722 0.108594 0.861111 0.116406 0.862500 0.131250 0.861111 0.132031 0.859722 0.146094 0.859722 0.141406 0.890278 0.084375 0.894444 0.056250 0.894444 0.027344 0.897222 0.000000 0.897222 0.000000 0.670833 0.001563 0.670833 0.003906 0.675000 0.003906 0.683333 0.005469 0.680556 0.005469 0.677778 0.003906 0.675000 0.001563 0.670833 0.005469 0.661111 0.005469 0.655556 0.007812 0.651389 0.008594 0.650000 0.010156 0.648611 0.012500 0.651389 0.015625 0.650000 0.024219 0.651389 0.025000 0.648611 0.028125 0.650000 0.032031 0.648611 0.029687 0.651389 0.028125 0.652778 0.026562 0.652778 0.025000 0.650000 0.020313 0.651389 0.015625 0.654167 0.014063 0.654167 0.012500 0.656944 0.012500 0.659722 0.013281 0.661111 0.013281 0.663889 0.011719 0.670833 0.013281 0.675000 0.014844 0.672222 0.017188 0.666667 0.018750 0.666667 0.030469 0.666667 0.033594 0.665278 0.039062 0.661111 0.042969 0.661111 0.046094 0.659722 0.048438 0.658333 0.050781 0.656944 0.052344 0.655556 0.053906 0.654167 0.057031 0.647222 0.054688 0.643056 0.052344 0.643056 0.049219 0.647222 0.043750 0.645833 0.042188 0.647222 0.042969 0.644444 0.044531 0.643056 0.046094 0.643056 0.047656 0.641667 0.051562 0.637500 0.054688 0.631944 0.056250 0.631944 0.057813 0.629167 0.061719 0.626389 0.064062 0.626389 0.066406 0.623611 0.069531 0.622222 0.072656 0.622222 0.071094 0.627778 0.069531 0.634722 0.069531 0.641667 0.071875 0.645833 0.074219 0.647222 0.075781 0.648611 0.075781 0.651389 0.078125 0.655556 0.078125 0.658333 0.067969 0.669444 0.066406 0.666667 0.064844 0.666667 0.064062 0.670833 0.060156 0.669444 0.057031 0.668056 0.054688 0.662500 0.053125 0.663889 0.053906 0.665278 0.053125 0.670833 0.054688 0.673611 0.057031 0.673611 0.060156 0.669444 0.064062 0.670833 0.064844 0.675000 0.067969 0.669444 0.078125 0.658333 0.078906 0.659722 0.079687 0.662500 0.085156 0.661111 0.087500 0.663889 0.091406 0.663889 0.093750 0.666667 0.098437 0.672222 0.100000 0.672222 0.101562 0.673611 0.103906 0.677778 0.116406 0.677778 0.122656 0.672222 0.124219 0.669444 0.124219 0.666667 0.125781 0.663889 0.125781 0.662500 0.130469 0.661111 0.134375 0.658333 0.140625 0.659722 0.142969 0.659722 0.153125 0.658333 0.157812 0.666667 0.160156 0.668056 0.161719 0.668056 0.166406 0.663889 0.173437 0.651389 0.182031 0.651389 0.184375 0.650000 0.185156 0.647222 0.187500 0.652778 0.189062 0.654167 0.191406 0.655556 0.193750 0.655556 0.195312 0.654167 0.196875 0.652778 0.199219 0.648611 0.201563 0.641667 0.202344 0.637500 0.201563 0.641667 0.200781 0.643056 0.200781 0.647222 0.200000 0.650000 0.199219 0.652778 0.196094 0.659722 0.195312 0.663889 0.194531 0.668056 0.193750 0.680556 0.193750 0.712500 0.194531 0.719444 0.195312 0.725000 0.196094 0.729167 0.199219 0.740278 0.200000 0.743056 0.206250 0.744444 0.209375 0.743056 0.213281 0.737500 0.217188 0.730556 0.217969 0.727778 0.219531 0.720833 0.219531 0.718056 0.220312 0.715278 0.221875 0.715278 0.229687 0.718056 0.235937 0.716667 0.246094 0.718056 0.245312 0.720833 0.244531 0.722222 0.240625 0.725000 0.242969 0.726389 0.252344 0.726389 0.254688 0.727778 0.256250 0.729167 0.258594 0.733333 0.266406 0.734722 0.271875 0.734722 0.274219 0.733333 0.278125 0.727778 0.282031 0.723611 0.285156 0.722222 0.289062 0.722222 0.290625 0.723611 0.292187 0.726389 0.292969 0.731944 0.297656 0.740278 0.306250 0.740278 0.307812 0.738889 0.309375 0.737500 0.310937 0.734722 0.311719 0.731944 0.311719 0.727778 0.312500 0.723611 0.313281 0.720833 0.314844 0.716667 0.317969 0.711111 0.321094 0.713889 0.329688 0.713889 0.331250 0.712500 0.335938 0.704167 0.336719 0.698611 0.337500 0.676389 0.337500 0.666667 0.336719 0.650000 0.338281 0.654167 0.339844 0.655556 0.345313 0.654167 0.349219 0.656944 0.353125 0.654167 0.357031 0.655556 0.362500 0.654167 0.364844 0.656944 0.374219 0.656944 0.381250 0.652778 0.384375 0.651389 0.386719 0.647222 0.387500 0.641667 0.387500 0.618056 0.386719 0.616667 0.386719 0.609722 0.387500 0.612500 0.389062 0.613889 0.389062 0.618056 0.389844 0.620833 0.392188 0.625000 0.393750 0.625000 0.394531 0.623611 0.400781 0.622222 0.403125 0.619444 0.412500 0.619444 0.414062 0.618056 0.415625 0.616667 0.417187 0.613889 0.417969 0.609722 0.419531 0.600000 0.420312 0.593056 0.419531 0.587500 0.427344 0.587500 0.428125 0.586111 0.456250 0.584722 0.477344 0.586111
20 0.017188 0.654167 0.014844 0.655556 0.013281 0.656944 0.013281 0.659722 0.014063 0.661111 0.014063 0.663889 0.012500 0.670833 0.013281 0.673611 0.017188 0.665278 0.018750 0.665278 0.030469 0.665278 0.033594 0.663889 0.035937 0.662500 0.038281 0.661111 0.034375 0.658333 0.031250 0.656944 0.027344 0.655556 0.017188 0.654167
21 0.186719 0.825000 0.180469 0.829167 0.176563 0.829167 0.175781 0.830556 0.172656 0.829167 0.174219 0.827778 0.175781 0.826389 0.172656 0.826389 0.171875 0.827778 0.166406 0.827778 0.164844 0.830556 0.161719 0.830556 0.158594 0.833333 0.150000 0.834722 0.147656 0.836111 0.146094 0.837500 0.145313 0.845833 0.143750 0.847222 0.138281 0.850000 0.136719 0.852778 0.134375 0.854167 0.131250 0.855556 0.125781 0.856944 0.114844 0.858333 0.110937 0.859722 0.109375 0.861111 0.116406 0.861111 0.117188 0.859722 0.131250 0.859722 0.132031 0.858333 0.146094 0.858333 0.160938 0.855556 0.189844 0.854167 0.204687 0.852778 0.205469 0.851389 0.218750 0.851389 0.218750 0.844444 0.217969 0.841667 0.214062 0.836111 0.211719 0.836111 0.210156 0.833333 0.210156 0.827778 0.208594 0.826389 0.195312 0.825000 0.186719 0.825000
21 0.411719 0.780556 0.410938 0.783333 0.409375 0.786111 0.407813 0.787500 0.406250 0.787500 0.396094 0.805556 0.394531 0.806944 0.392188 0.806944 0.396094 0.813889 0.390625 0.823611 0.391406 0.830556 0.390625 0.838889 0.402344 0.838889 0.423438 0.837500 0.424219 0.836111 0.426563 0.836111 0.425000 0.833333 0.425000 0.827778 0.424219 0.826389 0.424219 0.822222 0.425000 0.816667 0.427344 0.812500 0.427344 0.801389 0.425781 0.800000 0.424219 0.798611 0.421094 0.798611 0.418750 0.794444 0.416406 0.793056 0.414844 0.790278 0.414844 0.783333 0.413281 0.783333 0.413281 0.780556 0.411719 0.783333 0.411719 0.780556
21 0.064844 0.668056 0.064844 0.670833 0.065625 0.672222 0.066406 0.675000 0.065625 0.670833 0.067187 0.669444 0.064844 0.668056
21 0.053906 0.663889 0.053906 0.666667 0.055469 0.672222 0.053906 0.670833 0.056250 0.668056 0.053906 0.663889
21 0.438281 0.588889 0.436719 0.591667 0.432031 0.591667 0.431250 0.593056 0.429688 0.594444 0.432812 0.594444 0.433594 0.593056 0.449219 0.593056 0.476562 0.594444 0.482031 0.597222 0.489063 0.597222 0.489844 0.598611 0.492188 0.598611 0.490625 0.598611 0.489844 0.597222 0.486719 0.597222 0.482812 0.595833 0.480469 0.590278 0.478906 0.590278 0.478125 0.588889 0.467187 0.590278 0.463281 0.590278 0.445312 0.590278 0.438281 0.588889
21 0.400000 0.438889 0.402344 0.438889 0.400781 0.436111 0.400000 0.438889
21 0.558594 0.344444 0.557031 0.345833 0.558594 0.345833 0.559375 0.344444 0.561719 0.344444 0.558594 0.344444
21 0.809375 0.197222 0.808594 0.200000 0.808594 0.213889 0.809375 0.216667 0.809375 0.197222
21 0.959375 0.125000 0.961719 0.129167 0.960156 0.143056 0.957812 0.141667 0.956250 0.141667 0.953906 0.145833 0.957031 0.148611 0.960156 0.151389 0.961719 0.152778 0.961719 0.148611 0.961719 0.145833 0.960156 0.143056 0.961719 0.129167 0.967187 0.129167 0.969531 0.131944 0.971875 0.136111 0.973437 0.140278 0.973437 0.152778 0.972656 0.179167 0.974219 0.191667 0.975781 0.193056 0.978125 0.194444 0.988281 0.194444 0.993750 0.191667 0.999219 0.193056 0.999219 0.655556 0.986719 0.655556 0.981250 0.656944 0.976562 0.658333 0.971875 0.659722 0.967969 0.661111 0.965625 0.662500 0.963281 0.663889 0.951562 0.672222 0.940625 0.683333 0.939063 0.683333 0.935156 0.690278 0.933594 0.691667 0.931250 0.691667 0.930469 0.693056 0.928906 0.693056 0.925000 0.691667 0.922656 0.688889 0.917969 0.690278 0.916406 0.693056 0.912500 0.693056 0.911719 0.694444 0.908594 0.694444 0.902344 0.693056 0.903906 0.690278 0.900000 0.686111 0.890625 0.686111 0.889844 0.687500 0.881250 0.687500 0.884375 0.684722 0.882812 0.681944 0.881250 0.681944 0.875000 0.683333 0.868750 0.681944 0.861719 0.679167 0.832812 0.679167 0.814063 0.677778 0.807031 0.675000 0.806250 0.669444 0.806250 0.663889 0.804688 0.661111 0.803125 0.662500 0.803906 0.665278 0.806250 0.669444 0.807031 0.675000 0.805469 0.675000 0.800781 0.676389 0.799219 0.675000 0.795312 0.668056 0.793750 0.666667 0.791406 0.665278 0.787500 0.665278 0.782813 0.663889 0.781250 0.661111 0.775781 0.659722 0.764844 0.661111 0.758594 0.659722 0.757031 0.659722 0.755469 0.656944 0.744531 0.656944 0.739844 0.654167 0.714844 0.654167 0.706250 0.652778 0.705469 0.651389 0.708594 0.644444 0.721875 0.644444 0.711719 0.643056 0.710156 0.640278 0.708594 0.644444 0.705469 0.651389 0.700781 0.651389 0.700781 0.648611 0.700781 0.648611 0.702344 0.645833 0.699219 0.645833 0.700781 0.648611 0.700781 0.648611 0.699219 0.645833 0.697656 0.647222 0.696875 0.651389 0.693750 0.651389 0.692969 0.655556 0.691406 0.655556 0.692969 0.654167 0.690625 0.651389 0.689063 0.652778 0.689063 0.650000 0.686719 0.645833 0.680469 0.647222 0.679688 0.641667 0.681250 0.634722 0.681250 0.630556 0.680469 0.612500 0.678906 0.604167 0.678125 0.594444 0.678125 0.583333 0.677344 0.580556 0.675781 0.576389 0.673438 0.573611 0.672656 0.572222 0.671875 0.569444 0.671094 0.565278 0.669531 0.562500 0.664844 0.559722 0.662500 0.559722 0.661719 0.558333 0.660156 0.558333 0.659375 0.559722 0.657813 0.558333 0.656250 0.538889 0.657813 0.536111 0.657813 0.530556 0.656250 0.525000 0.655469 0.526389 0.652344 0.523611 0.650781 0.525000 0.650000 0.527778 0.650000 0.536111 0.651563 0.538889 0.654687 0.538889 0.656250 0.538889 0.657813 0.558333 0.655469 0.559722 0.653125 0.559722 0.646875 0.565278 0.640625 0.563889 0.638281 0.563889 0.635156 0.568056 0.633594 0.569444 0.631250 0.570833 0.626563 0.570833 0.622656 0.573611 0.619531 0.579167 0.618750 0.581944 0.617969 0.584722 0.616406 0.595833 0.614062 0.602778 0.613281 0.606944 0.613281 0.613889 0.612500 0.618056 0.610938 0.622222 0.607812 0.627778 0.607812 0.631944 0.608594 0.634722 0.606250 0.630556 0.603906 0.631944 0.603906 0.625000 0.603125 0.616667 0.602344 0.612500 0.601562 0.608333 0.600000 0.604167 0.596875 0.598611 0.594531 0.595833 0.591406 0.591667 0.589063 0.590278 0.585156 0.588889 0.578125 0.588889 0.575000 0.586111 0.571094 0.584722 0.567969 0.583333 0.575781 0.534722 0.583594 0.534722 0.585156 0.533333 0.586719 0.530556 0.587500 0.523611 0.586719 0.516667 0.585938 0.512500 0.582812 0.506944 0.581250 0.505556 0.578906 0.505556 0.577344 0.506944 0.574219 0.512500 0.573438 0.515278 0.573438 0.530556 0.575781 0.534722 0.567969 0.583333 0.564063 0.584722 0.559375 0.593056 0.557031 0.590278 0.553125 0.590278 0.546875 0.591667 0.546094 0.590278 0.540625 0.591667 0.538281 0.591667 0.534375 0.588889 0.532031 0.588889 0.529687 0.590278 0.525781 0.597222 0.522656 0.597222 0.520312 0.594444 0.516406 0.594444 0.515625 0.586111 0.512500 0.580556 0.510938 0.579167 0.503125 0.579167 0.501563 0.580556 0.498437 0.586111 0.498437 0.590278 0.491406 0.591667 0.489844 0.591667 0.477344 0.584722 0.456250 0.583333 0.428125 0.584722 0.427344 0.586111 0.419531 0.586111 0.421094 0.583333 0.420312 0.573611 0.420312 0.570833 0.421094 0.558333 0.419531 0.551389 0.417187 0.544444 0.415625 0.541667 0.410938 0.534722 0.409375 0.533333 0.407813 0.531944 0.402344 0.533333 0.396094 0.531944 0.384375 0.533333 0.382031 0.534722 0.380469 0.536111 0.377344 0.541667 0.375781 0.545833 0.375781 0.552778 0.374219 0.558333 0.374219 0.579167 0.377344 0.584722 0.378125 0.584722 0.382031 0.591667 0.382031 0.593056 0.383594 0.595833 0.380469 0.590278 0.379688 0.590278 0.378125 0.587500 0.378125 0.586111 0.376563 0.583333 0.372656 0.577778 0.368750 0.576389 0.365625 0.575000 0.361719 0.573611 0.352344 0.576389 0.341406 0.576389 0.339062 0.577778 0.337500 0.580556 0.337500 0.581944 0.335156 0.586111 0.334375 0.591667 0.334375 0.597222 0.333594 0.598611 0.333594 0.602778 0.332031 0.600000 0.331250 0.597222 0.330469 0.587500 0.328125 0.579167 0.326562 0.575000 0.325000 0.570833 0.321875 0.565278 0.319531 0.562500 0.317969 0.561111 0.315625 0.559722 0.308594 0.558333 0.300781 0.556944 0.257031 0.558333 0.247656 0.556944 0.245312 0.558333 0.242969 0.559722 0.240625 0.563889 0.236719 0.566667 0.233594 0.573611 0.233594 0.570833 0.232813 0.566667 0.229687 0.556944 0.228125 0.554167 0.225781 0.552778 0.222656 0.551389 0.216406 0.550000 0.198437 0.548611 0.178125 0.550000 0.172656 0.550000 0.167187 0.547222 0.162500 0.543056 0.148438 0.541667 0.109375 0.540278 0.105469 0.540278 0.104688 0.541667 0.100000 0.540278 0.098437 0.540278 0.092969 0.543056 0.082812 0.543056 0.079687 0.545833 0.070312 0.547222 0.067187 0.548611 0.064062 0.550000 0.062500 0.555556 0.062500 0.573611 0.060937 0.577778 0.060156 0.581944 0.059375 0.581944 0.056250 0.586111 0.058594 0.590278 0.059375 0.593056 0.060156 0.601389 0.060937 0.594444 0.062500 0.588889 0.063281 0.586111 0.065625 0.586111 0.066406 0.584722 0.069531 0.584722 0.070312 0.586111 0.071875 0.586111 0.072656 0.588889 0.072656 0.595833 0.071875 0.606944 0.073438 0.612500 0.073438 0.618056 0.072656 0.620833 0.069531 0.620833 0.066406 0.622222 0.064062 0.625000 0.061719 0.625000 0.060156 0.619444 0.062500 0.615278 0.060937 0.611111 0.058594 0.613889 0.060156 0.619444 0.061719 0.625000 0.057813 0.627778 0.056250 0.630556 0.054688 0.630556 0.051562 0.636111 0.047656 0.640278 0.046094 0.641667 0.044531 0.641667 0.042969 0.643056 0.042188 0.644444 0.041406 0.647222 0.048438 0.648611 0.052344 0.644444 0.054688 0.644444 0.056250 0.647222 0.053906 0.650000 0.053906 0.652778 0.050781 0.655556 0.048438 0.656944 0.046094 0.658333 0.042969 0.659722 0.038281 0.659722 0.031250 0.655556 0.027344 0.654167 0.026562 0.654167 0.028125 0.654167 0.029687 0.652778 0.032813 0.648611 0.027344 0.647222 0.025000 0.647222 0.024219 0.650000 0.026562 0.654167 0.027344 0.654167 0.018750 0.654167 0.020313 0.652778 0.025000 0.651389 0.016406 0.648611 0.012500 0.650000 0.010156 0.647222 0.008594 0.648611 0.007031 0.652778 0.003906 0.654167 0.003906 0.651389 0.004687 0.641667 0.002344 0.637500 0.013281 0.576389 0.014844 0.573611 0.014844 0.572222 0.017188 0.568056 0.017969 0.568056 0.019531 0.565278 0.020313 0.562500 0.020313 0.556944 0.023438 0.547222 0.024219 0.544444 0.025781 0.533333 0.025781 0.515278 0.025000 0.511111 0.022656 0.509722 0.021094 0.515278 0.021094 0.520833 0.020313 0.523611 0.017969 0.527778 0.017969 0.531944 0.014063 0.545833 0.013281 0.555556 0.011719 0.558333 0.010937 0.563889 0.010156 0.568056 0.010156 0.572222 0.011719 0.575000 0.012500 0.570833 0.013281 0.576389 0.002344 0.637500 0.000000 0.637500 0.000781 0.366667 0.002344 0.366667 0.003906 0.363889 0.006250 0.366667 0.007812 0.369444 0.010156 0.368056 0.008594 0.366667 0.006250 0.366667 0.003906 0.363889 0.000000 0.362500 0.001563 0.354167 0.000000 0.352778 0.000000 0.348611 0.003906 0.350000 0.005469 0.350000 0.006250 0.352778 0.008594 0.351389 0.006250 0.352778 0.004687 0.355556 0.006250 0.358333 0.007031 0.355556 0.009375 0.355556 0.010156 0.352778 0.013281 0.354167 0.013281 0.356944 0.014063 0.358333 0.014063 0.362500 0.024219 0.365278 0.028125 0.363889 0.030469 0.365278 0.032031 0.368056 0.032031 0.369444 0.032813 0.370833 0.030469 0.380556 0.027344 0.380556 0.028906 0.383333 0.030469 0.380556 0.032813 0.370833 0.034375 0.372222 0.037500 0.372222 0.038281 0.369444 0.039844 0.368056 0.043750 0.369444 0.045312 0.368056 0.045312 0.366667 0.046875 0.363889 0.047656 0.361111 0.048438 0.355556 0.050000 0.351389 0.052344 0.347222 0.053125 0.344444 0.053906 0.340278 0.053906 0.322222 0.052344 0.319444 0.046875 0.318056 0.044531 0.315278 0.042188 0.318056 0.039062 0.318056 0.038281 0.315278 0.039062 0.311111 0.042188 0.308333 0.043750 0.308333 0.044531 0.309722 0.045312 0.312500 0.046875 0.309722 0.046094 0.297222 0.047656 0.295833 0.050781 0.297222 0.051562 0.295833 0.055469 0.295833 0.057813 0.291667 0.055469 0.290278 0.053906 0.293056 0.049219 0.293056 0.047656 0.295833 0.046094 0.297222 0.043750 0.304167 0.043750 0.308333 0.042188 0.308333 0.039062 0.306944 0.040625 0.300000 0.044531 0.293056 0.045312 0.287500 0.046875 0.284722 0.046875 0.283333 0.046875 0.279167 0.050000 0.280556 0.053125 0.277778 0.055469 0.276389 0.057031 0.277778 0.058594 0.275000 0.059375 0.277778 0.060156 0.275000 0.062500 0.275000 0.064844 0.276389 0.066406 0.277778 0.067969 0.279167 0.071875 0.286111 0.073438 0.287500 0.078125 0.288889 0.080469 0.290278 0.082031 0.293056 0.083594 0.294444 0.085938 0.295833 0.091406 0.297222 0.093750 0.295833 0.097656 0.298611 0.100000 0.298611 0.100781 0.297222 0.103906 0.297222 0.103125 0.301389 0.106250 0.304167 0.110937 0.305556 0.112500 0.308333 0.116406 0.309722 0.117188 0.305556 0.118750 0.302778 0.121875 0.305556 0.126562 0.302778 0.131250 0.302778 0.134375 0.312500 0.132812 0.313889 0.134375 0.316667 0.135937 0.315278 0.134375 0.312500 0.131250 0.302778 0.133594 0.301389 0.137500 0.294444 0.139063 0.293056 0.140625 0.291667 0.142969 0.290278 0.143750 0.286111 0.146875 0.290278 0.149219 0.291667 0.153906 0.291667 0.157031 0.290278 0.158594 0.301389 0.156250 0.302778 0.153125 0.308333 0.153125 0.311111 0.153906 0.313889 0.156250 0.313889 0.156250 0.312500 0.160156 0.304167 0.160938 0.302778 0.163281 0.302778 0.167187 0.301389 0.168750 0.298611 0.170313 0.297222 0.173437 0.298611 0.178906 0.297222 0.180469 0.294444 0.177344 0.293056 0.171875 0.294444 0.170313 0.297222 0.168750 0.298611 0.163281 0.298611 0.160938 0.302778 0.160156 0.304167 0.158594 0.301389 0.157031 0.290278 0.157812 0.287500 0.161719 0.287500 0.162500 0.284722 0.163281 0.283333 0.164844 0.281944 0.168750 0.280556 0.167969 0.277778 0.170313 0.277778 0.170313 0.276389 0.174219 0.273611 0.175000 0.275000 0.175000 0.266667 0.175781 0.265278 0.175781 0.262500 0.175000 0.259722 0.173437 0.256944 0.172656 0.254167 0.171875 0.250000 0.171875 0.234722 0.177344 0.238889 0.177344 0.244444 0.180469 0.245833 0.182031 0.248611 0.182812 0.240278 0.184375 0.237500 0.184375 0.233333 0.183594 0.230556 0.181250 0.230556 0.179688 0.233333 0.178125 0.236111 0.177344 0.238889 0.171875 0.234722 0.172656 0.229167 0.175000 0.220833 0.175781 0.218056 0.176563 0.216667 0.178125 0.215278 0.178125 0.212500 0.180469 0.209722 0.180469 0.213889 0.183594 0.211111 0.188281 0.209722 0.188281 0.213889 0.186719 0.216667 0.189062 0.218056 0.190625 0.215278 0.190625 0.201389 0.195312 0.200000 0.196875 0.197222 0.204687 0.197222 0.205469 0.198611 0.208594 0.201389 0.210938 0.198611 0.210156 0.200000 0.210156 0.204167 0.211719 0.205556 0.213281 0.206944 0.216406 0.205556 0.214844 0.202778 0.212500 0.201389 0.210156 0.200000 0.210938 0.198611 0.212500 0.198611 0.216406 0.202778 0.218750 0.206944 0.217188 0.206944 0.216406 0.216667 0.218750 0.220833 0.220312 0.219444 0.218750 0.216667 0.218750 0.212500 0.217188 0.206944 0.218750 0.206944 0.218750 0.208333 0.220312 0.211111 0.222656 0.212500 0.224219 0.215278 0.224219 0.216667 0.225781 0.219444 0.228906 0.222222 0.237500 0.223611 0.256250 0.222222 0.261719 0.220833 0.261719 0.220833 0.272656 0.222222 0.273438 0.218056 0.270313 0.219444 0.261719 0.220833 0.261719 0.220833 0.266406 0.218056 0.266406 0.216667 0.270313 0.215278 0.273438 0.212500 0.275000 0.212500 0.275781 0.218056 0.275000 0.220833 0.288281 0.220833 0.278906 0.219444 0.277344 0.216667 0.276562 0.212500 0.278125 0.215278 0.279687 0.216667 0.281250 0.215278 0.285938 0.216667 0.284375 0.218056 0.299219 0.219444 0.303906 0.220833 0.307031 0.222222 0.310156 0.225000 0.313281 0.225000 0.314844 0.226389 0.316406 0.227778 0.319531 0.233333 0.321875 0.234722 0.325781 0.234722 0.324219 0.238889 0.325781 0.240278 0.326562 0.241667 0.330469 0.241667 0.332813 0.243056 0.334375 0.244444 0.335938 0.247222 0.335156 0.251389 0.339062 0.255556 0.340625 0.255556 0.342969 0.254167 0.346094 0.258333 0.347656 0.262500 0.348438 0.265278 0.347656 0.280556 0.349219 0.288889 0.349219 0.291667 0.348438 0.284722 0.347656 0.283333 0.346875 0.262500 0.345313 0.290278 0.344531 0.351389 0.345313 0.369444 0.346094 0.352778 0.347656 0.347222 0.347656 0.344444 0.346875 0.323611 0.347656 0.322222 0.347656 0.308333 0.349219 0.311111 0.349219 0.313889 0.350000 0.315278 0.350000 0.322222 0.348438 0.329167 0.348438 0.331944 0.349219 0.343056 0.348438 0.331944 0.346875 0.341667 0.347656 0.354167 0.346094 0.355556 0.346094 0.365278 0.347656 0.368056 0.347656 0.370833 0.347656 0.379167 0.346094 0.379167 0.344531 0.381944 0.344531 0.409722 0.344531 0.411111 0.342187 0.409722 0.340625 0.411111 0.339062 0.412500 0.337500 0.418056 0.336719 0.422222 0.336719 0.440278 0.339844 0.440278 0.339062 0.422222 0.340625 0.415278 0.342969 0.413889 0.344531 0.411111 0.344531 0.409722 0.345313 0.388889 0.345313 0.404167 0.346094 0.408333 0.347656 0.411111 0.346094 0.415278 0.342969 0.418056 0.341406 0.418056 0.341406 0.423611 0.314844 0.425000 0.313281 0.422222 0.311719 0.420833 0.310156 0.419444 0.308594 0.420833 0.306250 0.425000 0.307031 0.433333 0.306250 0.448611 0.307031 0.451389 0.308594 0.454167 0.310156 0.455556 0.313281 0.454167 0.314844 0.451389 0.315625 0.448611 0.315625 0.443056 0.314844 0.425000 0.341406 0.423611 0.342969 0.427778 0.344531 0.430556 0.345313 0.430556 0.347656 0.434722 0.350000 0.436111 0.353906 0.438889 0.360156 0.437500 0.357031 0.436111 0.359375 0.436111 0.361719 0.434722 0.363281 0.430556 0.367188 0.431944 0.367188 0.436111 0.366406 0.437500 0.364844 0.441667 0.367969 0.443056 0.367969 0.429167 0.369531 0.425000 0.371094 0.425000 0.374219 0.426389 0.372656 0.426389 0.371875 0.434722 0.375000 0.429167 0.372656 0.426389 0.374219 0.426389 0.375000 0.423611 0.378906 0.425000 0.377344 0.426389 0.383594 0.426389 0.386719 0.426389 0.390625 0.429167 0.394531 0.427778 0.396094 0.429167 0.396875 0.431944 0.399219 0.430556 0.398438 0.440278 0.400000 0.443056 0.419531 0.441667 0.422656 0.444444 0.427344 0.444444 0.430469 0.448611 0.434375 0.448611 0.435937 0.450000 0.437500 0.452778 0.436719 0.455556 0.435937 0.459722 0.433594 0.462500 0.434375 0.465278 0.439063 0.465278 0.436719 0.455556 0.437500 0.452778 0.439844 0.458333 0.442188 0.459722 0.444531 0.462500 0.446094 0.465278 0.444531 0.466667 0.447656 0.470833 0.447656 0.472222 0.446094 0.472222 0.443750 0.472222 0.442969 0.472222 0.444531 0.470833 0.442969 0.468056 0.441406 0.469444 0.442969 0.472222 0.443750 0.472222 0.445312 0.475000 0.446875 0.476389 0.449219 0.479167 0.449219 0.473611 0.447656 0.472222 0.447656 0.470833 0.450000 0.470833 0.452344 0.473611 0.456250 0.480556 0.458594 0.486111 0.459375 0.490278 0.457813 0.493056 0.457031 0.491667 0.456250 0.487500 0.455469 0.484722 0.453906 0.480556 0.453125 0.484722 0.455469 0.484722 0.456250 0.487500 0.455469 0.490278 0.454688 0.491667 0.455469 0.495833 0.457031 0.497222 0.459375 0.495833 0.457813 0.493056 0.459375 0.490278 0.462500 0.494444 0.463281 0.494444 0.464844 0.497222 0.464062 0.498611 0.463281 0.505556 0.464844 0.508333 0.464844 0.504167 0.464062 0.498611 0.464844 0.497222 0.466406 0.497222 0.467969 0.504167 0.468750 0.502778 0.471875 0.504167 0.471875 0.506944 0.474219 0.506944 0.476562 0.509722 0.478125 0.512500 0.475781 0.513889 0.477344 0.518056 0.480469 0.512500 0.478125 0.512500 0.476562 0.509722 0.477344 0.506944 0.480469 0.505556 0.482812 0.506944 0.482812 0.508333 0.484375 0.511111 0.485938 0.509722 0.487500 0.515278 0.485938 0.520833 0.482031 0.520833 0.480469 0.523611 0.480469 0.533333 0.481250 0.536111 0.485156 0.538889 0.487500 0.533333 0.487500 0.523611 0.485938 0.520833 0.487500 0.515278 0.489063 0.511111 0.489844 0.516667 0.489063 0.518056 0.492188 0.516667 0.494531 0.512500 0.494531 0.515278 0.500000 0.515278 0.500781 0.512500 0.503125 0.512500 0.503125 0.518056 0.503906 0.515278 0.505469 0.518056 0.507812 0.513889 0.514062 0.518056 0.517188 0.522222 0.521875 0.522222 0.526563 0.522222 0.528906 0.519444 0.531250 0.516667 0.532813 0.513889 0.533594 0.513889 0.534375 0.508333 0.535937 0.505556 0.535156 0.491667 0.535156 0.486111 0.536719 0.481944 0.536719 0.476389 0.537500 0.469444 0.540625 0.468056 0.543750 0.463889 0.544531 0.456944 0.545312 0.451389 0.543750 0.450000 0.542188 0.447222 0.542188 0.444444 0.543750 0.443056 0.545312 0.444444 0.548438 0.437500 0.548438 0.430556 0.546875 0.427778 0.546875 0.436111 0.545312 0.444444 0.543750 0.443056 0.542969 0.441667 0.545312 0.434722 0.545312 0.425000 0.547656 0.420833 0.547656 0.418056 0.546094 0.416667 0.547656 0.416667 0.550000 0.416667 0.550781 0.412500 0.550000 0.400000 0.550781 0.393056 0.551562 0.390278 0.552344 0.393056 0.551562 0.420833 0.552344 0.423611 0.553906 0.420833 0.554688 0.418056 0.554688 0.391667 0.552344 0.386111 0.550781 0.386111 0.550781 0.380556 0.552344 0.379167 0.551562 0.375000 0.553125 0.375000 0.553125 0.370833 0.555469 0.362500 0.556250 0.355556 0.555469 0.352778 0.557031 0.348611 0.563281 0.347222 0.575000 0.347222 0.576562 0.348611 0.577344 0.351389 0.577344 0.354167 0.578906 0.358333 0.579688 0.365278 0.580469 0.373611 0.580469 0.386111 0.581250 0.397222 0.582031 0.402778 0.582812 0.406944 0.583594 0.409722 0.584375 0.412500 0.585938 0.415278 0.578906 0.427778 0.575781 0.422222 0.574219 0.425000 0.573438 0.425000 0.571094 0.429167 0.571094 0.440278 0.573438 0.444444 0.575781 0.445833 0.577344 0.444444 0.578125 0.443056 0.578906 0.440278 0.579688 0.436111 0.579688 0.430556 0.578906 0.427778 0.585938 0.415278 0.586719 0.415278 0.587500 0.416667 0.588281 0.420833 0.595313 0.433333 0.598437 0.440278 0.600781 0.447222 0.600781 0.450000 0.603125 0.454167 0.603906 0.458333 0.610156 0.470833 0.616406 0.481944 0.619531 0.486111 0.621875 0.488889 0.625000 0.488889 0.628125 0.491667 0.632031 0.493056 0.635938 0.493056 0.639844 0.491667 0.642188 0.488889 0.643750 0.490278 0.645312 0.486111 0.648438 0.484722 0.649219 0.483333 0.650781 0.481944 0.653125 0.477778 0.654687 0.476389 0.656250 0.475000 0.659375 0.475000 0.660156 0.476389 0.664062 0.476389 0.666406 0.477778 0.667969 0.480556 0.668750 0.479167 0.670312 0.480556 0.672656 0.481944 0.673438 0.487500 0.674219 0.483333 0.678906 0.480556 0.679688 0.477778 0.681250 0.477778 0.682813 0.472222 0.684375 0.468056 0.685156 0.462500 0.685937 0.455556 0.685937 0.429167 0.685156 0.423611 0.684375 0.418056 0.682031 0.409722 0.676562 0.395833 0.675781 0.393056 0.675000 0.390278 0.673438 0.383333 0.673438 0.365278 0.675781 0.356944 0.677344 0.351389 0.681250 0.341667 0.683594 0.338889 0.683594 0.333333 0.684375 0.330556 0.687500 0.327778 0.703906 0.327778 0.704688 0.319444 0.702344 0.319444 0.702344 0.320833 0.702344 0.325000 0.692187 0.325000 0.692187 0.322222 0.692187 0.319444 0.700781 0.318056 0.704688 0.313889 0.725000 0.313889 0.725781 0.315278 0.727344 0.316667 0.726562 0.325000 0.728125 0.327778 0.728906 0.322222 0.729688 0.320833 0.729688 0.318056 0.729688 0.320833 0.734375 0.323611 0.743750 0.322222 0.737500 0.320833 0.742188 0.320833 0.743750 0.318056 0.749219 0.316667 0.755469 0.315278 0.761719 0.315278 0.764844 0.320833 0.763281 0.322222 0.761719 0.320833 0.753906 0.320833 0.764844 0.325000 0.766406 0.322222 0.770312 0.322222 0.777344 0.325000 0.786719 0.325000 0.789062 0.320833 0.789062 0.329167 0.796875 0.330556 0.799219 0.333333 0.800781 0.331944 0.800000 0.323611 0.801562 0.326389 0.802344 0.326389 0.802344 0.330556 0.804688 0.326389 0.806250 0.326389 0.807031 0.329167 0.808594 0.327778 0.809375 0.325000 0.809375 0.319444 0.808594 0.318056 0.809375 0.315278 0.809375 0.319444 0.810156 0.322222 0.873437 0.355556 0.872656 0.361111 0.872656 0.375000 0.873437 0.381944 0.874219 0.386111 0.875000 0.388889 0.877344 0.393056 0.879687 0.394444 0.880469 0.395833 0.882812 0.401389 0.887500 0.405556 0.890625 0.405556 0.892188 0.408333 0.894531 0.408333 0.897656 0.406944 0.899219 0.404167 0.900000 0.400000 0.903906 0.395833 0.907813 0.388889 0.908594 0.384722 0.908594 0.377778 0.907813 0.375000 0.907031 0.372222 0.903906 0.365278 0.900781 0.359722 0.897656 0.355556 0.892969 0.351389 0.889844 0.350000 0.885938 0.348611 0.880469 0.347222 0.877344 0.348611 0.873437 0.355556 0.810156 0.322222 0.811719 0.238889 0.811719 0.206944 0.810937 0.190278 0.812500 0.190278 0.814844 0.180556 0.816406 0.177778 0.825000 0.179167 0.834375 0.177778 0.834375 0.179167 0.833594 0.191667 0.835156 0.194444 0.837500 0.193056 0.835938 0.190278 0.835938 0.183333 0.835156 0.181944 0.834375 0.179167 0.834375 0.177778 0.838281 0.183333 0.842187 0.186111 0.846094 0.195833 0.844531 0.195833 0.842969 0.193056 0.842969 0.200000 0.858594 0.198611 0.867969 0.195833 0.890625 0.197222 0.894531 0.198611 0.895312 0.200000 0.897656 0.200000 0.903906 0.197222 0.911719 0.195833 0.914844 0.197222 0.913281 0.206944 0.908594 0.206944 0.906250 0.208333 0.903906 0.211111 0.902344 0.213889 0.904687 0.213889 0.907031 0.212500 0.911719 0.212500 0.914844 0.213889 0.915625 0.215278 0.917969 0.213889 0.914844 0.208333 0.913281 0.206944 0.914844 0.197222 0.917188 0.194444 0.918750 0.195833 0.921875 0.193056 0.922656 0.190278 0.923438 0.186111 0.923438 0.176389 0.924219 0.180556 0.925000 0.169444 0.926562 0.162500 0.927344 0.159722 0.928906 0.155556 0.935156 0.165278 0.934375 0.169444 0.933594 0.175000 0.932813 0.180556 0.932031 0.188889 0.932813 0.202778 0.934375 0.194444 0.934375 0.187500 0.935156 0.181944 0.935937 0.177778 0.936719 0.173611 0.937500 0.170833 0.939063 0.166667 0.940625 0.163889 0.937500 0.161111 0.935156 0.165278 0.928906 0.155556 0.937500 0.140278 0.940625 0.136111 0.942969 0.133333 0.946094 0.131944 0.947656 0.129167 0.949219 0.127778 0.953906 0.125000 0.955469 0.123611 0.959375 0.125000
24 0.054688 0.670833 0.056250 0.672222 0.057813 0.670833 0.059375 0.669444 0.056250 0.669444 0.055469 0.666667 0.054688 0.670833
24 0.651563 0.525000 0.650781 0.527778 0.651563 0.529167 0.651563 0.537500 0.655469 0.536111 0.656250 0.537500 0.657031 0.530556 0.656250 0.526389 0.654687 0.526389 0.653125 0.526389 0.651563 0.525000
24 0.532813 0.412500 0.532813 0.415278 0.536719 0.415278 0.537500 0.413889 0.539844 0.413889 0.538281 0.413889 0.537500 0.412500 0.532813 0.412500
30 0.578906 0.506944 0.577344 0.508333 0.575000 0.512500 0.574219 0.515278 0.574219 0.530556 0.575781 0.533333 0.583594 0.533333 0.585156 0.531944 0.586719 0.523611 0.585938 0.516667 0.585156 0.512500 0.582812 0.508333 0.581250 0.506944 0.578906 0.506944
25 0.000000 0.638889 0.000781 0.670833 0.002344 0.666667 0.004687 0.661111 0.004687 0.655556 0.003125 0.654167 0.003125 0.651389 0.003906 0.641667 0.002344 0.638889 0.000000 0.638889
25 0.022656 0.511111 0.022656 0.513889 0.021875 0.515278 0.021875 0.520833 0.021094 0.523611 0.018750 0.527778 0.018750 0.531944 0.014844 0.545833 0.014063 0.555556 0.012500 0.558333 0.010937 0.568056 0.011719 0.573611 0.012500 0.569444 0.013281 0.575000 0.017969 0.566667 0.018750 0.565278 0.019531 0.562500 0.019531 0.556944 0.022656 0.547222 0.022656 0.544444 0.024219 0.543056 0.024219 0.529167 0.025000 0.515278 0.024219 0.513889 0.024219 0.511111 0.022656 0.511111
25 0.542969 0.443056 0.541406 0.447222 0.543750 0.451389 0.542969 0.454167 0.542188 0.455556 0.536719 0.462500 0.538281 0.465278 0.539844 0.463889 0.540625 0.461111 0.543750 0.459722 0.543750 0.462500 0.540625 0.466667 0.538281 0.466667 0.536719 0.469444 0.536719 0.475000 0.535937 0.481944 0.534375 0.486111 0.534375 0.491667 0.535156 0.505556 0.533594 0.508333 0.533594 0.512500 0.532813 0.509722 0.531250 0.515278 0.530469 0.515278 0.526563 0.520833 0.521875 0.520833 0.517188 0.520833 0.514062 0.516667 0.510156 0.513889 0.508594 0.512500 0.507031 0.513889 0.506250 0.509722 0.505469 0.513889 0.504687 0.506944 0.505469 0.505556 0.505469 0.497222 0.509375 0.494444 0.511719 0.500000 0.510938 0.501389 0.509375 0.502778 0.513281 0.504167 0.514844 0.501389 0.511719 0.500000 0.509375 0.494444 0.510938 0.491667 0.512500 0.487500 0.513281 0.483333 0.517969 0.479167 0.519531 0.481944 0.519531 0.476389 0.517969 0.479167 0.513281 0.483333 0.512500 0.480556 0.513281 0.470833 0.515625 0.465278 0.514844 0.462500 0.514844 0.462500 0.519531 0.472222 0.520312 0.466667 0.522656 0.463889 0.522656 0.462500 0.525781 0.463889 0.527344 0.461111 0.528125 0.458333 0.522656 0.462500 0.522656 0.463889 0.520312 0.462500 0.518750 0.459722 0.514844 0.462500 0.514844 0.462500 0.517969 0.459722 0.520312 0.459722 0.522656 0.458333 0.525781 0.454167 0.528125 0.452778 0.537500 0.451389 0.538281 0.447222 0.539844 0.444444 0.542969 0.443056
25 0.880469 0.348611 0.877344 0.350000 0.874219 0.355556 0.873437 0.361111 0.873437 0.375000 0.874219 0.381944 0.875000 0.386111 0.875781 0.388889 0.877344 0.391667 0.879687 0.393056 0.881250 0.395833 0.881250 0.397222 0.882812 0.400000 0.887500 0.404167 0.890625 0.404167 0.892188 0.406944 0.894531 0.406944 0.898438 0.404167 0.898438 0.401389 0.900000 0.398611 0.900781 0.398611 0.903906 0.394444 0.907031 0.388889 0.907813 0.384722 0.907813 0.377778 0.907031 0.375000 0.906250 0.372222 0.903125 0.366667 0.903125 0.365278 0.900781 0.361111 0.897656 0.356944 0.892969 0.352778 0.889844 0.351389 0.885938 0.350000 0.880469 0.348611
25 0.156250 0.304167 0.153906 0.308333 0.153906 0.311111 0.155469 0.313889 0.157031 0.308333 0.159375 0.304167 0.156250 0.304167
25 0.166406 0.300000 0.163281 0.300000 0.161719 0.302778 0.163281 0.301389 0.167969 0.298611 0.166406 0.300000
25 0.046875 0.297222 0.046094 0.300000 0.044531 0.304167 0.045312 0.311111 0.046875 0.297222
25 0.057813 0.290278 0.055469 0.291667 0.053906 0.294444 0.048438 0.295833 0.050781 0.295833 0.051562 0.294444 0.055469 0.294444 0.057813 0.290278
25 0.642969 0.265278 0.646875 0.266667 0.649219 0.268056 0.655469 0.275000 0.658594 0.276389 0.660156 0.277778 0.660156 0.281944 0.662500 0.281944 0.661719 0.279167 0.664062 0.280556 0.665625 0.283333 0.668750 0.283333 0.671094 0.287500 0.671875 0.291667 0.673438 0.294444 0.677344 0.294444 0.680469 0.295833 0.682031 0.297222 0.685156 0.302778 0.684375 0.305556 0.683594 0.305556 0.682031 0.308333 0.681250 0.308333 0.680469 0.304167 0.679688 0.304167 0.678125 0.301389 0.676562 0.301389 0.674219 0.297222 0.671875 0.298611 0.676562 0.305556 0.676562 0.306944 0.678125 0.309722 0.679688 0.309722 0.681250 0.312500 0.681250 0.308333 0.682031 0.308333 0.685156 0.311111 0.686719 0.313889 0.686719 0.315278 0.687500 0.316667 0.689063 0.318056 0.692187 0.318056 0.692187 0.323611 0.689844 0.325000 0.688281 0.322222 0.688281 0.320833 0.685937 0.316667 0.684375 0.315278 0.682813 0.316667 0.685156 0.322222 0.686719 0.322222 0.686719 0.325000 0.688281 0.326389 0.686719 0.327778 0.684375 0.329167 0.683594 0.330556 0.682813 0.333333 0.682031 0.340278 0.680469 0.341667 0.681250 0.343056 0.676562 0.351389 0.674219 0.359722 0.672656 0.365278 0.672656 0.383333 0.674219 0.390278 0.675000 0.393056 0.675781 0.395833 0.681250 0.409722 0.683594 0.418056 0.684375 0.423611 0.685156 0.429167 0.685156 0.455556 0.684375 0.462500 0.683594 0.468056 0.682031 0.470833 0.681250 0.476389 0.679688 0.476389 0.678125 0.480556 0.675000 0.480556 0.673438 0.483333 0.673438 0.486111 0.673438 0.481944 0.668750 0.477778 0.667969 0.479167 0.666406 0.476389 0.664062 0.475000 0.660156 0.475000 0.659375 0.473611 0.656250 0.473611 0.654687 0.475000 0.653125 0.476389 0.650781 0.480556 0.647656 0.484722 0.645312 0.484722 0.643750 0.488889 0.642188 0.487500 0.639844 0.490278 0.635938 0.491667 0.632031 0.491667 0.628125 0.490278 0.625000 0.487500 0.621875 0.487500 0.619531 0.484722 0.616406 0.480556 0.610938 0.470833 0.610938 0.469444 0.604688 0.458333 0.603906 0.454167 0.601562 0.450000 0.601562 0.447222 0.599219 0.440278 0.596094 0.433333 0.589063 0.420833 0.588281 0.416667 0.586719 0.413889 0.585938 0.413889 0.585156 0.412500 0.584375 0.409722 0.583594 0.406944 0.582812 0.402778 0.582031 0.397222 0.581250 0.386111 0.581250 0.373611 0.580469 0.365278 0.579688 0.358333 0.578125 0.351389 0.577344 0.348611 0.576562 0.347222 0.577344 0.344444 0.580469 0.343056 0.578125 0.338889 0.577344 0.344444 0.576562 0.347222 0.575000 0.345833 0.571094 0.345833 0.572656 0.344444 0.571875 0.340278 0.572656 0.337500 0.575781 0.334722 0.582031 0.333333 0.582031 0.331944 0.583594 0.327778 0.585938 0.330556 0.587500 0.325000 0.589063 0.322222 0.589063 0.318056 0.587500 0.315278 0.588281 0.311111 0.589844 0.308333 0.590625 0.302778 0.589063 0.300000 0.587500 0.306944 0.587500 0.304167 0.586719 0.302778 0.585938 0.298611 0.585938 0.290278 0.586719 0.287500 0.589063 0.284722 0.592969 0.284722 0.593750 0.283333 0.596875 0.283333 0.596875 0.283333 0.595313 0.284722 0.593750 0.287500 0.596094 0.288889 0.597656 0.286111 0.596875 0.283333 0.596875 0.283333 0.609375 0.286111 0.615625 0.281944 0.622656 0.280556 0.625781 0.279167 0.628906 0.276389 0.630469 0.275000 0.631250 0.270833 0.632812 0.268056 0.636719 0.269444 0.641406 0.266667 0.642969 0.265278
25 0.180469 0.234722 0.179688 0.234722 0.178906 0.236111 0.178125 0.238889 0.178125 0.244444 0.180469 0.244444 0.182031 0.247222 0.182031 0.240278 0.183594 0.237500 0.183594 0.233333 0.182812 0.230556 0.180469 0.234722
25 0.798438 0.227778 0.795312 0.231944 0.790625 0.231944 0.787500 0.237500 0.784375 0.238889 0.780469 0.237500 0.783594 0.234722 0.785937 0.231944 0.782813 0.231944 0.778906 0.236111 0.776563 0.238889 0.771875 0.245833 0.770312 0.250000 0.771094 0.251389 0.770312 0.254167 0.771875 0.259722 0.767188 0.265278 0.766406 0.254167 0.764844 0.255556 0.763281 0.256944 0.762500 0.259722 0.761719 0.266667 0.758594 0.272222 0.758594 0.275000 0.760938 0.279167 0.760938 0.281944 0.759375 0.284722 0.759375 0.286111 0.758594 0.287500 0.757812 0.287500 0.756250 0.288889 0.760156 0.291667 0.760938 0.294444 0.761719 0.304167 0.761719 0.313889 0.765625 0.320833 0.767188 0.320833 0.771094 0.313889 0.768750 0.309722 0.767188 0.304167 0.771875 0.302778 0.773438 0.305556 0.775000 0.306944 0.778906 0.306944 0.782031 0.308333 0.785937 0.311111 0.785937 0.312500 0.787500 0.316667 0.789062 0.318056 0.789844 0.320833 0.789844 0.329167 0.796875 0.329167 0.798438 0.330556 0.800000 0.331944 0.799219 0.319444 0.800000 0.316667 0.800781 0.315278 0.802344 0.313889 0.806250 0.312500 0.810156 0.315278 0.809375 0.318056 0.807813 0.322222 0.807813 0.325000 0.807031 0.326389 0.806250 0.329167 0.807813 0.327778 0.808594 0.325000 0.809375 0.318056 0.810156 0.320833 0.810937 0.238889 0.809375 0.237500 0.806250 0.241667 0.803906 0.238889 0.801562 0.237500 0.799219 0.233333 0.798438 0.227778
25 0.806250 0.223611 0.804688 0.223611 0.798438 0.222222 0.800000 0.225000 0.801562 0.227778 0.803125 0.229167 0.805469 0.229167 0.806250 0.227778 0.810156 0.229167 0.810156 0.231944 0.810156 0.227778 0.809375 0.226389 0.809375 0.218056 0.807813 0.212500 0.806250 0.223611
25 0.908594 0.208333 0.906250 0.209722 0.904687 0.212500 0.903125 0.213889 0.904687 0.212500 0.907031 0.211111 0.911719 0.211111 0.914844 0.212500 0.915625 0.213889 0.917188 0.213889 0.914844 0.209722 0.913281 0.208333 0.908594 0.208333
25 0.189844 0.205556 0.189062 0.206944 0.189062 0.213889 0.187500 0.216667 0.189844 0.215278 0.190625 0.200000 0.189844 0.205556
25 0.941406 0.161111 0.939844 0.163889 0.937500 0.162500 0.935937 0.165278 0.935156 0.169444 0.934375 0.175000 0.933594 0.180556 0.932813 0.188889 0.932813 0.201389 0.932813 0.195833 0.933594 0.194444 0.933594 0.187500 0.934375 0.181944 0.935156 0.177778 0.935937 0.173611 0.936719 0.170833 0.938281 0.166667 0.941406 0.161111
25 0.956250 0.143056 0.954688 0.145833 0.953906 0.148611 0.957031 0.147222 0.959375 0.148611 0.961719 0.151389 0.960938 0.148611 0.960156 0.144444 0.957812 0.143056 0.956250 0.143056
25 0.173437 0.056944 0.174219 0.059722 0.174219 0.062500 0.175781 0.066667 0.178906 0.072222 0.181250 0.075000 0.183594 0.076389 0.185156 0.079167 0.186719 0.080556 0.186719 0.077778 0.185938 0.075000 0.182812 0.069444 0.180469 0.068056 0.179688 0.065278 0.179688 0.062500 0.178906 0.059722 0.175781 0.058333 0.175000 0.056944 0.173437 0.056944
25 0.117969 0.034722 0.121094 0.036111 0.122656 0.037500 0.123438 0.040278 0.125000 0.041667 0.128906 0.040278 0.127344 0.038889 0.126562 0.037500 0.123438 0.037500 0.122656 0.036111 0.119531 0.036111 0.117969 0.034722
25 0.993750 0.016667 0.995313 0.018056 0.999219 0.016667 0.993750 0.016667
25 0.042188 0.013889 0.039844 0.016667 0.034375 0.016667 0.032813 0.019444 0.035156 0.020833 0.035937 0.019444 0.038281 0.019444 0.039062 0.020833 0.040625 0.022222 0.039062 0.025000 0.037500 0.026389 0.035156 0.027778 0.032031 0.027778 0.029687 0.029167 0.028125 0.030556 0.023438 0.029167 0.016406 0.030556 0.013281 0.025000 0.011719 0.025000 0.010937 0.026389 0.007812 0.025000 0.007031 0.023611 0.006250 0.022222 0.000000 0.018056 0.000781 0.348611 0.003906 0.348611 0.005469 0.348611 0.006250 0.351389 0.008594 0.354167 0.006250 0.356944 0.007031 0.354167 0.010156 0.351389 0.014063 0.354167 0.014844 0.362500 0.024219 0.362500 0.025000 0.365278 0.028906 0.362500 0.030469 0.363889 0.032813 0.369444 0.034375 0.370833 0.037500 0.370833 0.039844 0.366667 0.044531 0.368056 0.046094 0.363889 0.046875 0.361111 0.047656 0.355556 0.049219 0.351389 0.051562 0.347222 0.052344 0.344444 0.053125 0.340278 0.052344 0.320833 0.049219 0.319444 0.046875 0.319444 0.044531 0.316667 0.042188 0.319444 0.038281 0.318056 0.037500 0.315278 0.039062 0.309722 0.039844 0.309722 0.041406 0.308333 0.038281 0.305556 0.039062 0.302778 0.039844 0.300000 0.043750 0.293056 0.044531 0.287500 0.046094 0.284722 0.046875 0.281944 0.046875 0.277778 0.050781 0.279167 0.053125 0.276389 0.055469 0.275000 0.057031 0.276389 0.058594 0.273611 0.060156 0.273611 0.062500 0.273611 0.064844 0.275000 0.066406 0.276389 0.067969 0.277778 0.071875 0.284722 0.073438 0.286111 0.078125 0.287500 0.080469 0.288889 0.082031 0.291667 0.083594 0.293056 0.085938 0.294444 0.091406 0.295833 0.093750 0.294444 0.097656 0.297222 0.100000 0.297222 0.100781 0.295833 0.104688 0.297222 0.103906 0.301389 0.105469 0.301389 0.110937 0.304167 0.112500 0.306944 0.116406 0.308333 0.116406 0.305556 0.119531 0.301389 0.121875 0.304167 0.126562 0.301389 0.131250 0.301389 0.133594 0.300000 0.137500 0.293056 0.139063 0.291667 0.142187 0.288889 0.142969 0.286111 0.145313 0.286111 0.146094 0.287500 0.146875 0.288889 0.149219 0.290278 0.153906 0.290278 0.154688 0.288889 0.157031 0.288889 0.158594 0.284722 0.161719 0.286111 0.163281 0.281944 0.164844 0.280556 0.167969 0.280556 0.167969 0.276389 0.169531 0.277778 0.171094 0.273611 0.175000 0.273611 0.174219 0.270833 0.174219 0.266667 0.175000 0.265278 0.175000 0.262500 0.174219 0.259722 0.172656 0.256944 0.171875 0.254167 0.171094 0.250000 0.171094 0.234722 0.171875 0.229167 0.175000 0.218056 0.178125 0.211111 0.180469 0.211111 0.178906 0.202778 0.179688 0.200000 0.178125 0.193056 0.179688 0.188889 0.178906 0.184722 0.181250 0.183333 0.178906 0.183333 0.178125 0.181944 0.177344 0.179167 0.177344 0.176389 0.178125 0.172222 0.175781 0.168056 0.176563 0.163889 0.175781 0.159722 0.176563 0.151389 0.177344 0.148611 0.180469 0.143056 0.185156 0.141667 0.186719 0.141667 0.185938 0.138889 0.186719 0.134722 0.188281 0.131944 0.187500 0.120833 0.187500 0.118056 0.188281 0.113889 0.189062 0.111111 0.191406 0.106944 0.191406 0.104167 0.192969 0.100000 0.185156 0.087500 0.180469 0.081944 0.177344 0.075000 0.176563 0.073611 0.173437 0.069444 0.171094 0.068056 0.169531 0.066667 0.168750 0.062500 0.167969 0.059722 0.167187 0.058333 0.165625 0.056944 0.160938 0.055556 0.156250 0.055556 0.151562 0.052778 0.144531 0.052778 0.141406 0.050000 0.134375 0.052778 0.124219 0.054167 0.121875 0.054167 0.120313 0.052778 0.118750 0.051389 0.115625 0.044444 0.114844 0.043056 0.113281 0.041667 0.110937 0.040278 0.108594 0.036111 0.104688 0.033333 0.100000 0.031944 0.096875 0.027778 0.092188 0.018056 0.086719 0.016667 0.085156 0.019444 0.083594 0.020833 0.081250 0.018056 0.080469 0.019444 0.078906 0.019444 0.074219 0.019444 0.071875 0.019444 0.070312 0.019444 0.065625 0.025000 0.064062 0.025000 0.060937 0.018056 0.053906 0.015278 0.052344 0.015278 0.050000 0.016667 0.044531 0.019444 0.042188 0.019444 0.042969 0.016667 0.042188 0.013889
25 0.003906 0.013889 0.003906 0.016667 0.005469 0.016667 0.003906 0.013889
25 0.968750 0.002778 0.967969 0.004167 0.963281 0.005556 0.957812 0.005556 0.963281 0.005556 0.968750 0.006944 0.971094 0.008333 0.973437 0.009722 0.975000 0.012500 0.976562 0.013889 0.978906 0.015278 0.990625 0.013889 0.984375 0.013889 0.977344 0.009722 0.975781 0.008333 0.974219 0.006944 0.971875 0.002778 0.968750 0.002778
25 0.090625 0.002778 0.087500 0.005556 0.090625 0.009722 0.098437 0.011111 0.101562 0.018056 0.103125 0.019444 0.104688 0.019444 0.106250 0.020833 0.109375 0.019444 0.111719 0.020833 0.116406 0.023611 0.114844 0.022222 0.113281 0.020833 0.109375 0.018056 0.104688 0.016667 0.103125 0.013889 0.102344 0.012500 0.101562 0.008333 0.100000 0.005556 0.097656 0.006944 0.093750 0.005556 0.092188 0.005556 0.090625 0.002778
25 0.842969 0.000000 0.842969 0.002778 0.845313 0.006944 0.846094 0.009722 0.843750 0.013889 0.841406 0.025000 0.841406 0.034722 0.841406 0.037500 0.843750 0.043056 0.845313 0.052778 0.845313 0.058333 0.846875 0.062500 0.846875 0.066667 0.849219 0.073611 0.847656 0.079167 0.849219 0.079167 0.850000 0.080556 0.853125 0.080556 0.856250 0.084722 0.858594 0.093056 0.857031 0.097222 0.857031 0.101389 0.856250 0.102778 0.856250 0.105556 0.857812 0.108333 0.858594 0.111111 0.859375 0.116667 0.861719 0.116667 0.862500 0.116667 0.863281 0.122222 0.861719 0.125000 0.859375 0.125000 0.858594 0.127778 0.856250 0.138889 0.858594 0.141667 0.857031 0.144444 0.853125 0.147222 0.850000 0.151389 0.847656 0.155556 0.847656 0.163889 0.846094 0.168056 0.845313 0.177778 0.843750 0.181944 0.843750 0.184722 0.842969 0.187500 0.846875 0.195833 0.849219 0.195833 0.853125 0.188889 0.855469 0.184722 0.855469 0.180556 0.854688 0.177778 0.853906 0.175000 0.852344 0.172222 0.850781 0.166667 0.850781 0.163889 0.851562 0.162500 0.851562 0.158333 0.853125 0.155556 0.854688 0.154167 0.857812 0.154167 0.859375 0.152778 0.861719 0.148611 0.862500 0.144444 0.864844 0.140278 0.865625 0.137500 0.865625 0.129167 0.866406 0.123611 0.868750 0.113889 0.868750 0.108333 0.867969 0.102778 0.866406 0.097222 0.863281 0.087500 0.862500 0.083333 0.859375 0.081944 0.857031 0.081944 0.852344 0.077778 0.850781 0.075000 0.850781 0.072222 0.848437 0.068056 0.847656 0.065278 0.846875 0.062500 0.846875 0.054167 0.848437 0.045833 0.850000 0.048611 0.850781 0.052778 0.849219 0.055556 0.849219 0.059722 0.852344 0.065278 0.853125 0.066667 0.854688 0.068056 0.857031 0.069444 0.860938 0.069444 0.862500 0.070833 0.864062 0.072222 0.867969 0.077778 0.871875 0.080556 0.874219 0.084722 0.875000 0.087500 0.875781 0.091667 0.875781 0.098611 0.875781 0.109722 0.875000 0.118056 0.874219 0.125000 0.874219 0.134722 0.873437 0.137500 0.871875 0.140278 0.871875 0.147222 0.868750 0.152778 0.866406 0.154167 0.865625 0.161111 0.864062 0.163889 0.862500 0.163889 0.860156 0.161111 0.857031 0.159722 0.856250 0.163889 0.857031 0.169444 0.859375 0.170833 0.860938 0.173611 0.864844 0.175000 0.865625 0.183333 0.867969 0.188889 0.869531 0.193056 0.868750 0.195833 0.890625 0.195833 0.894531 0.197222 0.895312 0.198611 0.897656 0.198611 0.903906 0.195833 0.911719 0.194444 0.915625 0.195833 0.917188 0.193056 0.918750 0.194444 0.921094 0.193056 0.921875 0.190278 0.922656 0.186111 0.923438 0.175000 0.924219 0.179167 0.924219 0.169444 0.925781 0.162500 0.926562 0.159722 0.928125 0.155556 0.937500 0.138889 0.940625 0.134722 0.942969 0.131944 0.946094 0.130556 0.947656 0.127778 0.949219 0.126389 0.955469 0.122222 0.959375 0.123611 0.961719 0.127778 0.967187 0.127778 0.969531 0.130556 0.972656 0.136111 0.974219 0.140278 0.974219 0.152778 0.973437 0.179167 0.974219 0.180556 0.974219 0.190278 0.975781 0.191667 0.978125 0.193056 0.988281 0.193056 0.993750 0.190278 0.999219 0.191667 0.999219 0.031944 0.992969 0.030556 0.992188 0.026389 0.990625 0.023611 0.985938 0.023611 0.982031 0.027778 0.974219 0.027778 0.971875 0.023611 0.970313 0.022222 0.968750 0.027778 0.964063 0.029167 0.962500 0.030556 0.958594 0.033333 0.957812 0.038889 0.955469 0.041667 0.953125 0.043056 0.949219 0.043056 0.946875 0.040278 0.942969 0.033333 0.942187 0.030556 0.941406 0.027778 0.940625 0.022222 0.941406 0.018056 0.939844 0.009722 0.939844 0.000000 0.860938 0.000000 0.860938 0.009722 0.857031 0.016667 0.853906 0.019444 0.852344 0.022222 0.848437 0.030556 0.846875 0.026389 0.847656 0.026389 0.849219 0.020833 0.849219 0.015278 0.851562 0.005556 0.850000 0.002778 0.848437 0.000000 0.842969 0.000000
25 0.060937 0.000000 0.057813 0.004167 0.057813 0.008333 0.060156 0.008333 0.060937 0.009722 0.064062 0.011111 0.064062 0.008333 0.067187 0.004167 0.073438 0.006944 0.078125 0.004167 0.078125 0.002778 0.078906 0.000000 0.076563 0.000000 0.075000 0.002778 0.071094 0.002778 0.070312 0.004167 0.067187 0.004167 0.065625 0.000000 0.060937 0.000000
27 0.478125 0.513889 0.476562 0.513889 0.478906 0.518056 0.479687 0.512500 0.478125 0.513889
27 0.506250 0.511111 0.506250 0.513889 0.505469 0.516667 0.506250 0.511111
27 0.511719 0.501389 0.510156 0.502778 0.514062 0.501389 0.511719 0.501389
27 0.464062 0.500000 0.464844 0.506944 0.464062 0.504167 0.464062 0.500000
27 0.456250 0.488889 0.455469 0.491667 0.455469 0.494444 0.457031 0.495833 0.459375 0.497222 0.457813 0.495833 0.457031 0.494444 0.456250 0.488889
27 0.441406 0.468056 0.442969 0.470833 0.443750 0.470833 0.445312 0.473611 0.446875 0.475000 0.449219 0.477778 0.449219 0.475000 0.447656 0.473611 0.446094 0.473611 0.444531 0.472222 0.442969 0.469444 0.441406 0.468056
27 0.523438 0.462500 0.526563 0.461111 0.527344 0.458333 0.523438 0.462500
27 0.436719 0.456944 0.435937 0.461111 0.434375 0.462500 0.435156 0.465278 0.438281 0.465278 0.436719 0.463889 0.436719 0.456944
27 0.545312 0.448611 0.543750 0.452778 0.543750 0.454167 0.542188 0.456944 0.538281 0.462500 0.536719 0.463889 0.538281 0.463889 0.540625 0.463889 0.542969 0.461111 0.543750 0.458333 0.542969 0.455556 0.543750 0.452778 0.545312 0.448611
27 0.546875 0.429167 0.547656 0.436111 0.546094 0.444444 0.546875 0.438889 0.547656 0.437500 0.546875 0.429167
27 0.372656 0.427778 0.373437 0.434722 0.374219 0.429167 0.372656 0.427778
27 0.342187 0.411111 0.339062 0.413889 0.338281 0.418056 0.337500 0.422222 0.337500 0.440278 0.339062 0.440278 0.338281 0.422222 0.339062 0.416667 0.340625 0.413889 0.343750 0.411111 0.342187 0.411111
27 0.578125 0.340278 0.578125 0.344444 0.579688 0.343056 0.578125 0.340278
27 0.753125 0.323611 0.765625 0.322222 0.763281 0.323611 0.761719 0.322222 0.754687 0.323611 0.753125 0.323611
27 0.683594 0.316667 0.685937 0.322222 0.687500 0.322222 0.687500 0.325000 0.689063 0.326389 0.703906 0.326389 0.703906 0.319444 0.704688 0.316667 0.703125 0.319444 0.702344 0.322222 0.700000 0.325000 0.689844 0.326389 0.687500 0.322222 0.687500 0.320833 0.685937 0.318056 0.685156 0.318056 0.683594 0.316667
27 0.806250 0.313889 0.802344 0.315278 0.800781 0.316667 0.800000 0.319444 0.800000 0.322222 0.801562 0.325000 0.807031 0.325000 0.807031 0.322222 0.807813 0.320833 0.807813 0.315278 0.806250 0.313889
27 0.767188 0.302778 0.768750 0.305556 0.769531 0.309722 0.771875 0.313889 0.767969 0.320833 0.770312 0.320833 0.771094 0.322222 0.777344 0.323611 0.786719 0.323611 0.788281 0.322222 0.788281 0.318056 0.785156 0.311111 0.782813 0.311111 0.778906 0.308333 0.775000 0.308333 0.773438 0.306944 0.771875 0.304167 0.767188 0.302778
27 0.672656 0.298611 0.675000 0.302778 0.675781 0.302778 0.677344 0.305556 0.677344 0.306944 0.679688 0.308333 0.681250 0.311111 0.680469 0.308333 0.680469 0.305556 0.678125 0.302778 0.676562 0.302778 0.674219 0.298611 0.672656 0.298611
27 0.210156 0.201389 0.211719 0.204167 0.213281 0.205556 0.215625 0.205556 0.217188 0.208333 0.217188 0.216667 0.219531 0.219444 0.217969 0.216667 0.217969 0.212500 0.217188 0.208333 0.214844 0.204167 0.212500 0.202778 0.210156 0.201389
27 0.834375 0.180556 0.835156 0.193056 0.836719 0.193056 0.835156 0.190278 0.835156 0.183333 0.834375 0.180556
27 0.845313 0.041667 0.848437 0.047222 0.848437 0.052778 0.847656 0.062500 0.848437 0.065278 0.849219 0.068056 0.851562 0.072222 0.852344 0.076389 0.853906 0.077778 0.857031 0.080556 0.862500 0.081944 0.864062 0.084722 0.864844 0.088889 0.868750 0.102778 0.869531 0.108333 0.869531 0.113889 0.867188 0.123611 0.866406 0.129167 0.866406 0.137500 0.865625 0.140278 0.863281 0.144444 0.862500 0.148611 0.859375 0.154167 0.857812 0.155556 0.854688 0.155556 0.853125 0.156944 0.852344 0.162500 0.851562 0.163889 0.851562 0.166667 0.852344 0.169444 0.853125 0.172222 0.854688 0.175000 0.855469 0.177778 0.856250 0.180556 0.856250 0.184722 0.853125 0.190278 0.852344 0.190278 0.850000 0.195833 0.844531 0.197222 0.842969 0.194444 0.842969 0.198611 0.858594 0.197222 0.867188 0.195833 0.868750 0.194444 0.867188 0.190278 0.864844 0.183333 0.864062 0.179167 0.864062 0.175000 0.860938 0.175000 0.857031 0.170833 0.856250 0.161111 0.857031 0.158333 0.860156 0.159722 0.862500 0.162500 0.864844 0.161111 0.864844 0.155556 0.866406 0.152778 0.868750 0.151389 0.871094 0.147222 0.871094 0.140278 0.872656 0.137500 0.873437 0.133333 0.872656 0.120833 0.874219 0.118056 0.875000 0.109722 0.875000 0.098611 0.875000 0.091667 0.874219 0.087500 0.873437 0.084722 0.871875 0.081944 0.867969 0.079167 0.864062 0.073611 0.862500 0.072222 0.860938 0.070833 0.857031 0.070833 0.854688 0.069444 0.853125 0.068056 0.851562 0.065278 0.851562 0.063889 0.850000 0.061111 0.849219 0.061111 0.848437 0.055556 0.850000 0.051389 0.849219 0.048611 0.845313 0.041667
27 0.999219 0.000000 0.999219 0.015278 0.992969 0.016667 0.991406 0.013889 0.984375 0.012500 0.977344 0.008333 0.975781 0.006944 0.974219 0.005556 0.971875 0.001389 0.968750 0.001389 0.967969 0.002778 0.963281 0.004167 0.957031 0.005556 0.963281 0.006944 0.968750 0.008333 0.971094 0.009722 0.973437 0.011111 0.975000 0.013889 0.976562 0.015278 0.978906 0.016667 0.991406 0.013889 0.992969 0.016667 0.994531 0.018056 0.995313 0.019444 0.999219 0.019444 0.999219 0.030556 0.993750 0.030556 0.992969 0.026389 0.990625 0.022222 0.985938 0.022222 0.982031 0.026389 0.974219 0.026389 0.971875 0.022222 0.970313 0.020833 0.968750 0.023611 0.967969 0.027778 0.964063 0.027778 0.962500 0.029167 0.961719 0.030556 0.961719 0.031944 0.957812 0.037500 0.956250 0.036111 0.955469 0.040278 0.953906 0.040278 0.953125 0.041667 0.949219 0.041667 0.946875 0.038889 0.943750 0.033333 0.942969 0.030556 0.942187 0.027778 0.941406 0.022222 0.942187 0.018056 0.940625 0.009722 0.940625 0.000000 0.999219 0.000000
27 0.849219 0.001389 0.852344 0.006944 0.850000 0.015278 0.850000 0.020833 0.849219 0.025000 0.846875 0.027778 0.846094 0.030556 0.848437 0.029167 0.851562 0.023611 0.851562 0.022222 0.853906 0.018056 0.857031 0.015278 0.860156 0.009722 0.860156 0.000000 0.849219 0.001389
27 0.066406 0.000000 0.067187 0.002778 0.070312 0.002778 0.071094 0.001389 0.075781 0.000000 0.066406 0.000000
27 0.042188 0.001389 0.060156 0.000000 0.058594 0.002778 0.057813 0.002778 0.057031 0.008333 0.060937 0.011111 0.064062 0.012500 0.064844 0.008333 0.066406 0.005556 0.072656 0.008333 0.077344 0.006944 0.078906 0.004167 0.079687 0.000000 0.842187 0.000000 0.842187 0.002778 0.844531 0.006944 0.845313 0.009722 0.842969 0.013889 0.842187 0.019444 0.841406 0.020833 0.840625 0.023611 0.840625 0.034722 0.840625 0.037500 0.842969 0.043056 0.844531 0.052778 0.844531 0.058333 0.846094 0.062500 0.846094 0.066667 0.848437 0.072222 0.846875 0.077778 0.850000 0.081944 0.853125 0.081944 0.856250 0.086111 0.857812 0.093056 0.856250 0.097222 0.856250 0.101389 0.855469 0.102778 0.855469 0.105556 0.857031 0.108333 0.857812 0.111111 0.857812 0.113889 0.858594 0.115278 0.859375 0.118056 0.860938 0.116667 0.862500 0.118056 0.862500 0.122222 0.858594 0.125000 0.857812 0.127778 0.857812 0.130556 0.856250 0.134722 0.855469 0.137500 0.857812 0.141667 0.855469 0.144444 0.853125 0.145833 0.850000 0.150000 0.846875 0.155556 0.846875 0.163889 0.845313 0.168056 0.844531 0.177778 0.842969 0.184722 0.841406 0.184722 0.838281 0.181944 0.834375 0.176389 0.825781 0.177778 0.816406 0.176389 0.814063 0.180556 0.811719 0.188889 0.810937 0.191667 0.810156 0.208333 0.810156 0.226389 0.809375 0.195833 0.808594 0.198611 0.807813 0.200000 0.807813 0.211111 0.806250 0.212500 0.806250 0.222222 0.804688 0.222222 0.797656 0.222222 0.800781 0.227778 0.801562 0.229167 0.803125 0.230556 0.805469 0.230556 0.809375 0.229167 0.809375 0.231944 0.810156 0.233333 0.810156 0.236111 0.806250 0.240278 0.805469 0.237500 0.801562 0.236111 0.800000 0.233333 0.800000 0.230556 0.799219 0.229167 0.798438 0.226389 0.795312 0.230556 0.790625 0.230556 0.787500 0.236111 0.784375 0.237500 0.781250 0.237500 0.783594 0.236111 0.786719 0.231944 0.782813 0.230556 0.778906 0.234722 0.776563 0.237500 0.771875 0.244444 0.771094 0.245833 0.770312 0.248611 0.771875 0.250000 0.769531 0.252778 0.770312 0.255556 0.771094 0.259722 0.768750 0.261111 0.767188 0.263889 0.767188 0.258333 0.766406 0.255556 0.764062 0.255556 0.763281 0.255556 0.762500 0.256944 0.761719 0.259722 0.760938 0.266667 0.757812 0.272222 0.757812 0.275000 0.760156 0.279167 0.760156 0.281944 0.758594 0.286111 0.755469 0.288889 0.757031 0.290278 0.757812 0.291667 0.759375 0.291667 0.760156 0.294444 0.760938 0.304167 0.760938 0.315278 0.756250 0.315278 0.749219 0.315278 0.743750 0.316667 0.742188 0.319444 0.736719 0.320833 0.743750 0.323611 0.734375 0.322222 0.733594 0.320833 0.730469 0.320833 0.729688 0.316667 0.728125 0.322222 0.728125 0.326389 0.726562 0.316667 0.727344 0.315278 0.725000 0.312500 0.704688 0.312500 0.700781 0.316667 0.689063 0.316667 0.687500 0.315278 0.685156 0.309722 0.682813 0.308333 0.684375 0.306944 0.685937 0.304167 0.682031 0.295833 0.680469 0.294444 0.677344 0.293056 0.672656 0.291667 0.671875 0.287500 0.668750 0.281944 0.665625 0.281944 0.664062 0.279167 0.662500 0.277778 0.661719 0.281944 0.660156 0.276389 0.658594 0.275000 0.655469 0.273611 0.649219 0.266667 0.646875 0.265278 0.642969 0.263889 0.641406 0.265278 0.636719 0.268056 0.633594 0.266667 0.630469 0.270833 0.630469 0.273611 0.625781 0.277778 0.622656 0.279167 0.615625 0.280556 0.611719 0.283333 0.609375 0.284722 0.596875 0.284722 0.596875 0.286111 0.594531 0.287500 0.596094 0.286111 0.597656 0.283333 0.593750 0.281944 0.592969 0.283333 0.589063 0.283333 0.587500 0.286111 0.586719 0.286111 0.585938 0.287500 0.585156 0.290278 0.585156 0.298611 0.585938 0.302778 0.587500 0.308333 0.588281 0.305556 0.589063 0.304167 0.589063 0.301389 0.589063 0.308333 0.587500 0.311111 0.586719 0.315278 0.588281 0.318056 0.588281 0.322222 0.586719 0.325000 0.586719 0.329167 0.584375 0.326389 0.582812 0.327778 0.582812 0.329167 0.581250 0.333333 0.575781 0.333333 0.574219 0.334722 0.572656 0.336111 0.571875 0.337500 0.571094 0.340278 0.571875 0.344444 0.563281 0.345833 0.562500 0.344444 0.558594 0.343056 0.557813 0.344444 0.556250 0.345833 0.558594 0.347222 0.559375 0.345833 0.562500 0.344444 0.563281 0.345833 0.557031 0.347222 0.554688 0.351389 0.555469 0.355556 0.554688 0.359722 0.554688 0.362500 0.552344 0.370833 0.552344 0.375000 0.551562 0.376389 0.550000 0.380556 0.550781 0.384722 0.551562 0.387500 0.553906 0.391667 0.553906 0.418056 0.553125 0.419444 0.552344 0.422222 0.553125 0.419444 0.553125 0.393056 0.552344 0.391667 0.551562 0.388889 0.550781 0.391667 0.550000 0.393056 0.549219 0.400000 0.549219 0.412500 0.550781 0.413889 0.549219 0.416667 0.547656 0.415278 0.545312 0.416667 0.540625 0.413889 0.537500 0.411111 0.532813 0.411111 0.532031 0.415278 0.536719 0.416667 0.540625 0.413889 0.545312 0.416667 0.546875 0.420833 0.544531 0.425000 0.544531 0.434722 0.543750 0.438889 0.541406 0.443056 0.539844 0.443056 0.537500 0.447222 0.536719 0.451389 0.528125 0.451389 0.525781 0.452778 0.522656 0.456944 0.520312 0.458333 0.517969 0.458333 0.514844 0.461111 0.518750 0.461111 0.520312 0.463889 0.521875 0.463889 0.519531 0.466667 0.519531 0.470833 0.515625 0.462500 0.512500 0.470833 0.511719 0.480556 0.512500 0.483333 0.511719 0.487500 0.510156 0.490278 0.510156 0.491667 0.509375 0.493056 0.507812 0.494444 0.507031 0.494444 0.505469 0.495833 0.504687 0.505556 0.503906 0.506944 0.503125 0.513889 0.502344 0.509722 0.500000 0.513889 0.496094 0.512500 0.494531 0.513889 0.493750 0.509722 0.492188 0.509722 0.490625 0.512500 0.492188 0.513889 0.491406 0.516667 0.489844 0.518056 0.489063 0.509722 0.487500 0.513889 0.486719 0.511111 0.486719 0.509722 0.484375 0.509722 0.483594 0.506944 0.482031 0.504167 0.480469 0.504167 0.478125 0.506944 0.476562 0.508333 0.475000 0.504167 0.471875 0.505556 0.471875 0.502778 0.469531 0.502778 0.467969 0.502778 0.467969 0.498611 0.466406 0.495833 0.464844 0.495833 0.462500 0.493056 0.461719 0.490278 0.460156 0.490278 0.460156 0.487500 0.457031 0.480556 0.456250 0.479167 0.452344 0.472222 0.450000 0.469444 0.447656 0.469444 0.445312 0.466667 0.446875 0.465278 0.444531 0.461111 0.442188 0.458333 0.439844 0.456944 0.438281 0.454167 0.437500 0.451389 0.436719 0.450000 0.435937 0.448611 0.434375 0.447222 0.429688 0.448611 0.429688 0.445833 0.428125 0.447222 0.427344 0.443056 0.422656 0.443056 0.421094 0.444444 0.422656 0.443056 0.419531 0.440278 0.400781 0.441667 0.399219 0.433333 0.400781 0.434722 0.399219 0.438889 0.403125 0.438889 0.401562 0.437500 0.400781 0.434722 0.399219 0.433333 0.397656 0.430556 0.396875 0.429167 0.396094 0.427778 0.394531 0.426389 0.390625 0.427778 0.389844 0.429167 0.387500 0.429167 0.390625 0.427778 0.386719 0.425000 0.383594 0.425000 0.382812 0.426389 0.378125 0.426389 0.379688 0.425000 0.375000 0.422222 0.374219 0.425000 0.371094 0.426389 0.369531 0.423611 0.367188 0.427778 0.367969 0.441667 0.365625 0.441667 0.367969 0.436111 0.367969 0.431944 0.364063 0.429167 0.362500 0.430556 0.362500 0.431944 0.356250 0.436111 0.359375 0.437500 0.353906 0.437500 0.350000 0.434722 0.347656 0.433333 0.344531 0.429167 0.343750 0.427778 0.343750 0.426389 0.342187 0.423611 0.341406 0.419444 0.344531 0.418056 0.346094 0.416667 0.346875 0.415278 0.348438 0.411111 0.346875 0.408333 0.346094 0.404167 0.345313 0.387500 0.344531 0.408333 0.344531 0.383333 0.346094 0.383333 0.346094 0.380556 0.347656 0.380556 0.348438 0.370833 0.348438 0.368056 0.346875 0.365278 0.346875 0.355556 0.348438 0.354167 0.347656 0.341667 0.348438 0.333333 0.350000 0.327778 0.350781 0.322222 0.350781 0.315278 0.350000 0.311111 0.348438 0.309722 0.347656 0.306944 0.346094 0.323611 0.346875 0.344444 0.346875 0.347222 0.345313 0.352778 0.345313 0.368056 0.345313 0.351389 0.346094 0.350000 0.346094 0.290278 0.346875 0.288889 0.346875 0.263889 0.346875 0.283333 0.347656 0.291667 0.350000 0.288889 0.348438 0.280556 0.349219 0.265278 0.348438 0.262500 0.346875 0.258333 0.343750 0.252778 0.342187 0.255556 0.340625 0.254167 0.339062 0.254167 0.335156 0.250000 0.336719 0.247222 0.334375 0.243056 0.332813 0.241667 0.330469 0.240278 0.326562 0.240278 0.325000 0.238889 0.326562 0.236111 0.321875 0.233333 0.319531 0.231944 0.316406 0.226389 0.314844 0.225000 0.313281 0.223611 0.310156 0.223611 0.307031 0.220833 0.303906 0.219444 0.299219 0.218056 0.285156 0.218056 0.286719 0.216667 0.281250 0.213889 0.280469 0.216667 0.278906 0.213889 0.277344 0.212500 0.276562 0.216667 0.278906 0.220833 0.287500 0.220833 0.275781 0.220833 0.276562 0.218056 0.275781 0.212500 0.273438 0.211111 0.270313 0.213889 0.267188 0.213889 0.265625 0.218056 0.261719 0.219444 0.270313 0.220833 0.272656 0.218056 0.272656 0.220833 0.261719 0.219444 0.256250 0.219444 0.255469 0.222222 0.237500 0.222222 0.228906 0.220833 0.227344 0.219444 0.225781 0.218056 0.225000 0.216667 0.222656 0.211111 0.220312 0.209722 0.219531 0.208333 0.216406 0.201389 0.212500 0.197222 0.210938 0.197222 0.209375 0.198611 0.208594 0.198611 0.204687 0.195833 0.196875 0.195833 0.192969 0.197222 0.189844 0.198611 0.189062 0.205556 0.188281 0.208333 0.186719 0.209722 0.183594 0.209722 0.182812 0.211111 0.180469 0.212500 0.179688 0.202778 0.180469 0.200000 0.178906 0.193056 0.180469 0.190278 0.178906 0.187500 0.181250 0.184722 0.178906 0.181944 0.178125 0.179167 0.178125 0.176389 0.178906 0.172222 0.176563 0.168056 0.177344 0.163889 0.176563 0.159722 0.177344 0.151389 0.178125 0.148611 0.180469 0.144444 0.182031 0.143056 0.185156 0.143056 0.187500 0.141667 0.187500 0.137500 0.187500 0.134722 0.189062 0.131944 0.188281 0.120833 0.188281 0.118056 0.189062 0.113889 0.189844 0.111111 0.192188 0.106944 0.192188 0.104167 0.193750 0.100000 0.192188 0.097222 0.185156 0.086111 0.181250 0.080556 0.180469 0.080556 0.178125 0.075000 0.178906 0.073611 0.181250 0.076389 0.183594 0.077778 0.185156 0.080556 0.186719 0.081944 0.187500 0.077778 0.186719 0.075000 0.182812 0.068056 0.181250 0.068056 0.180469 0.065278 0.180469 0.062500 0.179688 0.059722 0.178125 0.056944 0.175781 0.056944 0.175000 0.055556 0.173437 0.055556 0.173437 0.059722 0.173437 0.062500 0.175000 0.066667 0.178906 0.073611 0.178125 0.075000 0.176563 0.072222 0.175781 0.072222 0.173437 0.068056 0.170313 0.065278 0.168750 0.059722 0.167187 0.056944 0.165625 0.055556 0.160938 0.054167 0.156250 0.054167 0.151562 0.051389 0.144531 0.051389 0.142187 0.048611 0.134375 0.051389 0.124219 0.052778 0.121875 0.052778 0.120313 0.051389 0.118750 0.050000 0.116406 0.045833 0.116406 0.044444 0.118750 0.037500 0.121094 0.037500 0.122656 0.038889 0.123438 0.041667 0.125000 0.043056 0.128125 0.043056 0.129688 0.040278 0.128125 0.037500 0.126562 0.036111 0.118750 0.033333 0.117188 0.034722 0.118750 0.037500 0.116406 0.044444 0.114844 0.041667 0.110937 0.038889 0.108594 0.034722 0.104688 0.031944 0.100000 0.030556 0.096875 0.026389 0.092969 0.018056 0.091406 0.015278 0.090625 0.011111 0.097656 0.011111 0.101562 0.019444 0.103125 0.020833 0.104688 0.020833 0.109375 0.020833 0.111719 0.022222 0.114062 0.026389 0.115625 0.025000 0.117188 0.023611 0.113281 0.019444 0.109375 0.016667 0.105469 0.016667 0.103125 0.012500 0.102344 0.008333 0.100000 0.004167 0.097656 0.005556 0.095312 0.002778 0.093750 0.004167 0.092188 0.004167 0.090625 0.001389 0.087500 0.002778 0.087500 0.006944 0.090625 0.011111 0.091406 0.015278 0.086719 0.015278 0.085156 0.018056 0.083594 0.019444 0.082812 0.016667 0.081250 0.016667 0.080469 0.018056 0.078906 0.018056 0.074219 0.018056 0.071875 0.018056 0.070312 0.018056 0.065625 0.023611 0.064062 0.023611 0.061719 0.019444 0.061719 0.018056 0.060156 0.015278 0.053906 0.013889 0.052344 0.013889 0.049219 0.016667 0.046875 0.016667 0.044531 0.018056 0.042969 0.019444 0.041406 0.020833 0.042969 0.019444 0.043750 0.016667 0.042188 0.012500 0.039844 0.015278 0.034375 0.015278 0.032031 0.019444 0.033594 0.022222 0.035156 0.022222 0.035937 0.020833 0.038281 0.020833 0.039844 0.022222 0.038281 0.023611 0.037500 0.025000 0.035156 0.026389 0.032031 0.026389 0.029687 0.027778 0.023438 0.027778 0.016406 0.029167 0.013281 0.023611 0.011719 0.023611 0.008594 0.025000 0.006250 0.020833 0.001563 0.018056 0.003125 0.016667 0.006250 0.016667 0.003906 0.012500 0.003125 0.016667 0.001563 0.018056 0.000000 0.016667 0.001563 0.008333 0.000000 0.000000 0.042188 0.001389
2 0.986719 0.656944 0.981250 0.658333 0.976562 0.659722 0.971875 0.661111 0.967969 0.662500 0.965625 0.663889 0.963281 0.665278 0.951562 0.673611 0.946875 0.677778 0.940625 0.684722 0.939063 0.684722 0.935156 0.691667 0.933594 0.693056 0.931250 0.694444 0.928125 0.695833 0.917969 0.695833 0.914062 0.697222 0.910156 0.705556 0.907813 0.709722 0.905469 0.711111 0.897656 0.711111 0.894531 0.712500 0.891406 0.715278 0.884375 0.715278 0.881250 0.718056 0.879687 0.720833 0.878906 0.726389 0.871094 0.738889 0.869531 0.744444 0.867188 0.751389 0.864844 0.763889 0.863281 0.766667 0.864062 0.773611 0.863281 0.781944 0.864844 0.794444 0.866406 0.800000 0.866406 0.809722 0.867188 0.813889 0.867969 0.816667 0.870313 0.822222 0.871094 0.826389 0.871875 0.834722 0.872656 0.837500 0.875781 0.844444 0.876563 0.850000 0.878125 0.851389 0.880469 0.852778 0.889062 0.852778 0.893750 0.851389 0.896094 0.850000 0.897656 0.848611 0.903906 0.841667 0.907813 0.845833 0.911719 0.843056 0.914062 0.845833 0.919531 0.845833 0.922656 0.847222 0.925781 0.850000 0.928906 0.850000 0.932031 0.852778 0.935937 0.852778 0.937500 0.854167 0.939063 0.856944 0.942969 0.856944 0.948438 0.859722 0.950781 0.862500 0.954688 0.861111 0.958594 0.863889 0.963281 0.866667 0.967187 0.870833 0.969531 0.872222 0.975781 0.873611 0.978906 0.875000 0.981250 0.877778 0.986719 0.877778 0.990625 0.879167 0.993750 0.883333 0.999219 0.881944 0.999219 0.656944 0.986719 0.656944
2 0.059375 0.613889 0.060156 0.618056 0.060937 0.612500 0.059375 0.613889
2 0.567969 0.584722 0.564063 0.586111 0.559375 0.594444 0.557031 0.591667 0.553125 0.591667 0.546875 0.593056 0.546094 0.591667 0.540625 0.593056 0.538281 0.593056 0.534375 0.590278 0.532031 0.590278 0.529687 0.591667 0.526563 0.597222 0.525781 0.601389 0.525000 0.606944 0.525000 0.615278 0.525781 0.618056 0.527344 0.620833 0.528906 0.622222 0.535156 0.622222 0.536719 0.625000 0.539062 0.626389 0.544531 0.627778 0.546094 0.627778 0.552344 0.626389 0.554688 0.623611 0.556250 0.629167 0.558594 0.629167 0.559375 0.630556 0.561719 0.629167 0.562500 0.634722 0.564063 0.638889 0.565625 0.641667 0.567187 0.643056 0.570312 0.644444 0.577344 0.645833 0.587500 0.647222 0.589844 0.647222 0.590625 0.645833 0.592187 0.645833 0.596094 0.647222 0.600000 0.645833 0.601562 0.644444 0.602344 0.641667 0.603125 0.633333 0.603125 0.625000 0.602344 0.616667 0.601562 0.612500 0.600781 0.608333 0.599219 0.604167 0.596875 0.600000 0.594531 0.597222 0.591406 0.593056 0.589063 0.591667 0.585156 0.590278 0.578125 0.590278 0.575000 0.587500 0.571094 0.586111 0.567969 0.584722
2 0.503125 0.580556 0.501563 0.581944 0.499219 0.586111 0.499219 0.594444 0.499219 0.597222 0.500000 0.600000 0.501563 0.601389 0.503906 0.602778 0.507031 0.602778 0.509375 0.605556 0.510938 0.604167 0.512500 0.601389 0.514844 0.593056 0.514844 0.586111 0.512500 0.581944 0.510938 0.580556 0.503125 0.580556
2 0.660156 0.559722 0.653125 0.561111 0.646875 0.566667 0.640625 0.565278 0.638281 0.565278 0.635156 0.569444 0.633594 0.570833 0.631250 0.572222 0.626563 0.572222 0.622656 0.575000 0.620313 0.579167 0.619531 0.581944 0.618750 0.584722 0.617188 0.595833 0.614844 0.602778 0.614062 0.606944 0.614062 0.613889 0.613281 0.618056 0.611719 0.622222 0.608594 0.627778 0.609375 0.634722 0.607812 0.637500 0.607031 0.637500 0.606250 0.638889 0.606250 0.640278 0.605469 0.643056 0.606250 0.652778 0.607812 0.662500 0.609375 0.663889 0.614062 0.668056 0.617969 0.669444 0.619531 0.670833 0.622656 0.676389 0.624219 0.673611 0.626563 0.670833 0.630469 0.670833 0.634375 0.668056 0.638281 0.670833 0.660156 0.669444 0.667188 0.672222 0.676562 0.672222 0.678125 0.670833 0.678906 0.669444 0.679688 0.665278 0.681250 0.661111 0.680469 0.650000 0.678906 0.641667 0.680469 0.634722 0.680469 0.630556 0.679688 0.612500 0.678125 0.604167 0.677344 0.594444 0.677344 0.583333 0.676562 0.580556 0.675000 0.577778 0.675000 0.576389 0.674219 0.575000 0.673438 0.575000 0.671875 0.572222 0.671094 0.568056 0.670312 0.565278 0.667188 0.562500 0.664844 0.561111 0.662500 0.561111 0.661719 0.559722 0.660156 0.559722
2 0.100000 0.541667 0.104688 0.543056 0.105469 0.541667 0.109375 0.541667 0.148438 0.543056 0.162500 0.544444 0.167187 0.548611 0.172656 0.551389 0.178125 0.551389 0.198437 0.550000 0.216406 0.551389 0.222656 0.552778 0.225781 0.554167 0.228906 0.556944 0.229687 0.559722 0.229687 0.561111 0.232031 0.566667 0.233594 0.575000 0.236719 0.568056 0.240625 0.565278 0.242969 0.561111 0.245312 0.559722 0.247656 0.558333 0.257031 0.559722 0.300781 0.558333 0.308594 0.559722 0.315625 0.561111 0.317969 0.562500 0.319531 0.563889 0.321875 0.566667 0.324219 0.570833 0.325781 0.575000 0.327344 0.579167 0.329688 0.587500 0.330469 0.597222 0.331250 0.600000 0.333594 0.604167 0.335156 0.597222 0.335156 0.591667 0.335938 0.586111 0.338281 0.580556 0.341406 0.577778 0.352344 0.577778 0.360938 0.575000 0.365625 0.576389 0.368750 0.577778 0.372656 0.579167 0.376563 0.584722 0.377344 0.586111 0.379688 0.591667 0.384375 0.598611 0.385156 0.601389 0.385937 0.605556 0.386719 0.618056 0.386719 0.641667 0.385937 0.647222 0.384375 0.650000 0.374219 0.655556 0.364844 0.655556 0.362500 0.652778 0.357031 0.654167 0.353906 0.652778 0.349219 0.655556 0.345313 0.652778 0.339844 0.654167 0.338281 0.652778 0.337500 0.651389 0.336719 0.648611 0.336719 0.666667 0.336719 0.676389 0.335938 0.698611 0.335156 0.704167 0.331250 0.711111 0.329688 0.712500 0.321094 0.712500 0.317969 0.709722 0.314063 0.716667 0.312500 0.720833 0.311719 0.723611 0.310937 0.731944 0.310156 0.734722 0.309375 0.736111 0.307812 0.737500 0.306250 0.738889 0.297656 0.738889 0.293750 0.731944 0.292969 0.726389 0.290625 0.722222 0.289062 0.720833 0.285156 0.720833 0.282031 0.722222 0.278125 0.726389 0.274219 0.731944 0.271875 0.733333 0.266406 0.733333 0.258594 0.731944 0.256250 0.727778 0.254688 0.726389 0.252344 0.725000 0.252344 0.725000 0.254688 0.723611 0.256250 0.720833 0.260937 0.718056 0.256250 0.716667 0.253125 0.713889 0.251563 0.712500 0.248438 0.716667 0.247656 0.720833 0.250000 0.725000 0.252344 0.725000 0.252344 0.725000 0.244531 0.726389 0.242969 0.725000 0.241406 0.725000 0.244531 0.723611 0.246094 0.720833 0.246875 0.718056 0.236719 0.715278 0.229687 0.716667 0.221875 0.713889 0.219531 0.715278 0.218750 0.718056 0.217188 0.727778 0.216406 0.730556 0.213281 0.736111 0.209375 0.741667 0.206250 0.743056 0.200781 0.743056 0.196875 0.729167 0.196094 0.725000 0.195312 0.719444 0.194531 0.712500 0.194531 0.680556 0.195312 0.668056 0.196094 0.663889 0.196875 0.659722 0.200000 0.652778 0.200781 0.650000 0.201563 0.647222 0.200781 0.641667 0.199219 0.644444 0.198437 0.648611 0.196875 0.651389 0.193750 0.654167 0.191406 0.654167 0.189062 0.652778 0.187500 0.651389 0.185938 0.648611 0.185156 0.645833 0.182812 0.648611 0.182031 0.650000 0.173437 0.650000 0.166406 0.662500 0.161719 0.666667 0.160156 0.666667 0.157812 0.665278 0.153125 0.656944 0.142969 0.658333 0.140625 0.658333 0.134375 0.656944 0.130469 0.659722 0.126562 0.659722 0.125000 0.662500 0.123438 0.666667 0.122656 0.670833 0.121094 0.672222 0.116406 0.676389 0.103906 0.676389 0.101562 0.672222 0.100000 0.670833 0.098437 0.670833 0.093750 0.665278 0.091406 0.662500 0.087500 0.662500 0.085156 0.659722 0.079687 0.661111 0.078906 0.655556 0.076563 0.651389 0.075781 0.647222 0.074219 0.645833 0.071875 0.644444 0.070312 0.641667 0.070312 0.634722 0.073438 0.623611 0.074219 0.618056 0.074219 0.612500 0.072656 0.606944 0.073438 0.595833 0.073438 0.588889 0.072656 0.586111 0.069531 0.583333 0.066406 0.583333 0.062500 0.586111 0.061719 0.588889 0.060156 0.594444 0.060156 0.600000 0.060156 0.593056 0.059375 0.590278 0.057031 0.586111 0.060156 0.583333 0.061719 0.580556 0.063281 0.573611 0.063281 0.555556 0.064062 0.554167 0.064062 0.551389 0.066406 0.551389 0.070312 0.548611 0.079687 0.547222 0.082812 0.544444 0.092969 0.544444 0.098437 0.541667 0.100000 0.541667
4 0.396094 0.533333 0.384375 0.534722 0.382031 0.536111 0.380469 0.537500 0.378125 0.541667 0.376563 0.545833 0.376563 0.552778 0.375000 0.558333 0.375000 0.579167 0.377344 0.583333 0.382812 0.591667 0.384375 0.595833 0.385156 0.598611 0.385937 0.601389 0.386719 0.608333 0.388281 0.612500 0.389844 0.613889 0.389844 0.618056 0.390625 0.620833 0.392188 0.623611 0.393750 0.623611 0.394531 0.622222 0.400781 0.620833 0.403125 0.618056 0.412500 0.618056 0.414062 0.616667 0.415625 0.615278 0.417187 0.609722 0.418750 0.600000 0.419531 0.591667 0.418750 0.586111 0.420312 0.583333 0.419531 0.573611 0.419531 0.570833 0.420312 0.558333 0.418750 0.551389 0.416406 0.544444 0.415625 0.543056 0.410938 0.536111 0.407031 0.533333 0.402344 0.534722 0.396094 0.533333
