22 0.831250 0.630556 0.827344 0.633333 0.827344 0.640278 0.826562 0.641667 0.826562 0.647222 0.827344 0.652778 0.829688 0.656944 0.832031 0.656944 0.833594 0.655556 0.835938 0.651389 0.838281 0.648611 0.840625 0.647222 0.847656 0.645833 0.850000 0.647222 0.855469 0.645833 0.857031 0.643056 0.856250 0.640278 0.854688 0.637500 0.852344 0.636111 0.846875 0.633333 0.841406 0.631944 0.833594 0.630556 0.831250 0.630556
22 0.925000 0.581944 0.927344 0.581944 0.928906 0.580556 0.925000 0.581944
23 0.572656 0.619444 0.571094 0.622222 0.571094 0.626389 0.573438 0.622222 0.574219 0.619444 0.572656 0.619444
23 0.687500 0.611111 0.686719 0.612500 0.684375 0.612500 0.682813 0.615278 0.686719 0.616667 0.688281 0.615278 0.689063 0.611111 0.687500 0.611111
23 0.217969 0.577778 0.218750 0.580556 0.221094 0.579167 0.219531 0.577778 0.217969 0.577778
23 0.202344 0.556944 0.201563 0.558333 0.199219 0.558333 0.199219 0.561111 0.203125 0.561111 0.204687 0.563889 0.199219 0.566667 0.202344 0.566667 0.206250 0.568056 0.206250 0.565278 0.207813 0.563889 0.206250 0.559722 0.206250 0.556944 0.202344 0.556944
23 0.212500 0.554167 0.211719 0.555556 0.207813 0.555556 0.212500 0.556944 0.213281 0.569444 0.217188 0.570833 0.218750 0.573611 0.220312 0.573611 0.222656 0.576389 0.225000 0.580556 0.226562 0.581944 0.231250 0.581944 0.232031 0.580556 0.233594 0.580556 0.232813 0.577778 0.232813 0.573611 0.230469 0.572222 0.226562 0.568056 0.225000 0.565278 0.224219 0.562500 0.224219 0.559722 0.223438 0.556944 0.219531 0.554167 0.215625 0.554167 0.212500 0.554167
23 0.312500 0.550000 0.312500 0.555556 0.314063 0.556944 0.317188 0.556944 0.317969 0.552778 0.322656 0.552778 0.321094 0.550000 0.318750 0.551389 0.312500 0.550000
23 0.662500 0.529167 0.662500 0.536111 0.664844 0.537500 0.667969 0.537500 0.673438 0.537500 0.673438 0.530556 0.671094 0.530556 0.670312 0.529167 0.662500 0.529167
23 0.540625 0.527778 0.540625 0.530556 0.539062 0.530556 0.539062 0.533333 0.537500 0.536111 0.536719 0.538889 0.535937 0.543056 0.535937 0.548611 0.536719 0.552778 0.538281 0.559722 0.540625 0.563889 0.543750 0.563889 0.546094 0.562500 0.548438 0.558333 0.550781 0.556944 0.553125 0.555556 0.555469 0.551389 0.554688 0.545833 0.557031 0.541667 0.559375 0.540278 0.564063 0.537500 0.568750 0.534722 0.571094 0.534722 0.571094 0.537500 0.578125 0.540278 0.587500 0.541667 0.600000 0.538889 0.603125 0.538889 0.606250 0.541667 0.608594 0.540278 0.607031 0.534722 0.608594 0.533333 0.609375 0.530556 0.610938 0.537500 0.614844 0.538889 0.618750 0.541667 0.631250 0.541667 0.643750 0.544444 0.650000 0.544444 0.663281 0.543056 0.667969 0.545833 0.675000 0.543056 0.677344 0.545833 0.692969 0.545833 0.700000 0.548611 0.709375 0.548611 0.711719 0.552778 0.712500 0.558333 0.710938 0.562500 0.712500 0.566667 0.711719 0.568056 0.713281 0.572222 0.715625 0.570833 0.715625 0.587500 0.712500 0.587500 0.710938 0.590278 0.709375 0.590278 0.705469 0.595833 0.703125 0.597222 0.700000 0.598611 0.694531 0.598611 0.692969 0.601389 0.686719 0.601389 0.682813 0.601389 0.673438 0.598611 0.669531 0.601389 0.667969 0.598611 0.671094 0.595833 0.667188 0.594444 0.664844 0.591667 0.659375 0.590278 0.653125 0.588889 0.636719 0.587500 0.630469 0.590278 0.628906 0.590278 0.618750 0.588889 0.614062 0.587500 0.610938 0.584722 0.603906 0.584722 0.602344 0.584722 0.600000 0.587500 0.598437 0.587500 0.596875 0.584722 0.589844 0.584722 0.586719 0.586111 0.585156 0.587500 0.583594 0.588889 0.581250 0.594444 0.577344 0.586111 0.575000 0.587500 0.572656 0.590278 0.569531 0.590278 0.572656 0.593056 0.573438 0.600000 0.571875 0.602778 0.571875 0.608333 0.568750 0.615278 0.567969 0.616667 0.565625 0.618056 0.564844 0.623611 0.567969 0.625000 0.568750 0.627778 0.565625 0.629167 0.565625 0.626389 0.564063 0.623611 0.562500 0.629167 0.559375 0.629167 0.557813 0.626389 0.552344 0.626389 0.550781 0.625000 0.555469 0.625000 0.553906 0.623611 0.550781 0.625000 0.552344 0.626389 0.549219 0.631944 0.550781 0.629167 0.549219 0.626389 0.545312 0.630556 0.543750 0.630556 0.538281 0.627778 0.535937 0.623611 0.532813 0.622222 0.528906 0.623611 0.531250 0.626389 0.529687 0.626389 0.528125 0.626389 0.528906 0.623611 0.525000 0.622222 0.521094 0.618056 0.517969 0.616667 0.515625 0.616667 0.512500 0.615278 0.510938 0.613889 0.511719 0.606944 0.504687 0.602778 0.501563 0.598611 0.496094 0.600000 0.489844 0.594444 0.486719 0.591667 0.484375 0.593056 0.482031 0.600000 0.478125 0.595833 0.477344 0.593056 0.477344 0.590278 0.475781 0.588889 0.474219 0.579167 0.471875 0.570833 0.468750 0.561111 0.467187 0.558333 0.469531 0.559722 0.469531 0.562500 0.471875 0.554167 0.475000 0.551389 0.478906 0.551389 0.475000 0.554167 0.478125 0.556944 0.484375 0.554167 0.482812 0.552778 0.482031 0.551389 0.480469 0.551389 0.479687 0.548611 0.482031 0.545833 0.483594 0.544444 0.487500 0.543056 0.489063 0.541667 0.488281 0.544444 0.486719 0.547222 0.485938 0.552778 0.489844 0.554167 0.491406 0.552778 0.492969 0.545833 0.491406 0.543056 0.490625 0.540278 0.492969 0.538889 0.494531 0.540278 0.497656 0.538889 0.500781 0.537500 0.500781 0.537500 0.495312 0.538889 0.493750 0.540278 0.492188 0.543056 0.496094 0.541667 0.501563 0.541667 0.503125 0.538889 0.500781 0.537500 0.500781 0.537500 0.503125 0.534722 0.506250 0.536111 0.512500 0.533333 0.514062 0.533333 0.514844 0.534722 0.517969 0.534722 0.510156 0.536111 0.524219 0.536111 0.521875 0.534722 0.527344 0.534722 0.525000 0.536111 0.528125 0.537500 0.526563 0.540278 0.523438 0.540278 0.521094 0.544444 0.518750 0.545833 0.517969 0.540278 0.515625 0.543056 0.518750 0.545833 0.521094 0.544444 0.521875 0.552778 0.522656 0.548611 0.525781 0.548611 0.526563 0.547222 0.533594 0.547222 0.534375 0.543056 0.531250 0.538889 0.530469 0.536111 0.530469 0.533333 0.532813 0.531944 0.533594 0.534722 0.535937 0.534722 0.540625 0.527778
23 0.550000 0.525000 0.550781 0.533333 0.553125 0.531944 0.552344 0.527778 0.551562 0.525000 0.550000 0.525000
23 0.571094 0.523611 0.572656 0.527778 0.573438 0.525000 0.571094 0.523611
23 0.949219 0.506944 0.946094 0.508333 0.943750 0.511111 0.941406 0.512500 0.936719 0.513889 0.934375 0.513889 0.933594 0.512500 0.931250 0.512500 0.929688 0.512500 0.925781 0.513889 0.922656 0.519444 0.921875 0.522222 0.923438 0.525000 0.925000 0.526389 0.931250 0.526389 0.937500 0.527778 0.939844 0.529167 0.941406 0.531944 0.941406 0.534722 0.940625 0.547222 0.941406 0.551389 0.942187 0.554167 0.944531 0.558333 0.950000 0.559722 0.963281 0.558333 0.964844 0.554167 0.967187 0.544444 0.967969 0.540278 0.967969 0.537500 0.967187 0.536111 0.967969 0.530556 0.968750 0.531944 0.971094 0.527778 0.976562 0.527778 0.978125 0.527778 0.980469 0.525000 0.983594 0.526389 0.982031 0.525000 0.978906 0.525000 0.975000 0.523611 0.972656 0.522222 0.968750 0.518056 0.967969 0.516667 0.967187 0.515278 0.966406 0.512500 0.961719 0.511111 0.957812 0.508333 0.953906 0.506944 0.949219 0.506944
23 0.846094 0.500000 0.843750 0.505556 0.843750 0.508333 0.839844 0.520833 0.838281 0.523611 0.836719 0.525000 0.834375 0.522222 0.834375 0.527778 0.835156 0.529167 0.835156 0.541667 0.837500 0.538889 0.839063 0.538889 0.841406 0.541667 0.846094 0.543056 0.855469 0.543056 0.857031 0.543056 0.857031 0.529167 0.858594 0.526389 0.859375 0.523611 0.859375 0.518056 0.853906 0.508333 0.854688 0.500000 0.846094 0.500000
24 0.681250 0.719444 0.681250 0.725000 0.682813 0.722222 0.681250 0.719444
24 0.678906 0.711111 0.679688 0.713889 0.681250 0.715278 0.683594 0.715278 0.685156 0.715278 0.686719 0.713889 0.682813 0.713889 0.681250 0.711111 0.678906 0.711111
24 0.676562 0.705556 0.675000 0.709722 0.677344 0.709722 0.678125 0.705556 0.676562 0.705556
24 0.886719 0.583333 0.885938 0.587500 0.884375 0.588889 0.882812 0.587500 0.882031 0.584722 0.879687 0.586111 0.878125 0.593056 0.880469 0.602778 0.889062 0.602778 0.889844 0.593056 0.889062 0.587500 0.888281 0.586111 0.888281 0.583333 0.886719 0.583333
24 0.883594 0.579167 0.884375 0.581944 0.885938 0.580556 0.885156 0.576389 0.883594 0.579167
24 0.882812 0.559722 0.883594 0.562500 0.885156 0.563889 0.885938 0.559722 0.882812 0.559722
24 0.000000 0.558333 0.000000 0.568056 0.010156 0.568056 0.010937 0.566667 0.014063 0.566667 0.012500 0.566667 0.009375 0.561111 0.007812 0.559722 0.005469 0.558333 0.000000 0.558333
24 0.000000 0.531944 0.000000 0.540278 0.007031 0.538889 0.003906 0.536111 0.001563 0.531944 0.000000 0.531944
24 0.529687 0.529167 0.525781 0.530556 0.529687 0.536111 0.529687 0.540278 0.528125 0.545833 0.527344 0.541667 0.525781 0.541667 0.525781 0.547222 0.533594 0.545833 0.533594 0.543056 0.532031 0.540278 0.531250 0.540278 0.530469 0.538889 0.529687 0.536111 0.529687 0.529167
24 0.528125 0.515278 0.526563 0.515278 0.529687 0.520833 0.529687 0.513889 0.528125 0.515278
24 0.466406 0.490278 0.465625 0.500000 0.467187 0.501389 0.467187 0.493056 0.466406 0.490278
24 0.728125 0.511111 0.726562 0.513889 0.725000 0.513889 0.725000 0.523611 0.732031 0.513889 0.729688 0.511111 0.728906 0.509722 0.728125 0.487500 0.728906 0.484722 0.728125 0.477778 0.728125 0.511111
24 0.531250 0.472222 0.531250 0.501389 0.534375 0.506944 0.535156 0.504167 0.535156 0.498611 0.533594 0.493056 0.534375 0.486111 0.532813 0.483333 0.531250 0.472222
24 0.431250 0.468056 0.431250 0.470833 0.433594 0.472222 0.435156 0.476389 0.435156 0.479167 0.436719 0.481944 0.436719 0.484722 0.438281 0.487500 0.439063 0.498611 0.440625 0.502778 0.439063 0.501389 0.432031 0.501389 0.434375 0.501389 0.435937 0.498611 0.435937 0.495833 0.434375 0.493056 0.434375 0.501389 0.432031 0.501389 0.431250 0.500000 0.425781 0.500000 0.425781 0.497222 0.425000 0.495833 0.425000 0.491667 0.426563 0.477778 0.428125 0.476389 0.428125 0.472222 0.430469 0.468056 0.431250 0.465278 0.431250 0.468056
24 0.467969 0.462500 0.466406 0.468056 0.464062 0.469444 0.462500 0.472222 0.460938 0.473611 0.457813 0.475000 0.459375 0.476389 0.461719 0.477778 0.460938 0.488889 0.459375 0.494444 0.459375 0.500000 0.457031 0.504167 0.462500 0.504167 0.464062 0.502778 0.464062 0.498611 0.464844 0.497222 0.464844 0.488889 0.466406 0.486111 0.468750 0.475000 0.468750 0.455556 0.467969 0.462500
24 0.787500 0.450000 0.786719 0.491667 0.792188 0.491667 0.794531 0.490278 0.792969 0.487500 0.792188 0.475000 0.792188 0.463889 0.790625 0.455556 0.789844 0.451389 0.789062 0.448611 0.787500 0.450000
24 0.722656 0.438889 0.721094 0.440278 0.720313 0.443056 0.723437 0.443056 0.725000 0.438889 0.722656 0.438889
24 0.186719 0.426389 0.192969 0.427778 0.192969 0.430556 0.191406 0.429167 0.190625 0.427778 0.189062 0.427778 0.188281 0.429167 0.186719 0.430556 0.192969 0.430556 0.192969 0.427778 0.194531 0.429167 0.193750 0.433333 0.192188 0.434722 0.188281 0.436111 0.185938 0.441667 0.184375 0.437500 0.182812 0.455556 0.182812 0.465278 0.183594 0.466667 0.182812 0.477778 0.185156 0.479167 0.185156 0.481944 0.183594 0.483333 0.178125 0.481944 0.177344 0.484722 0.177344 0.480556 0.175781 0.477778 0.173437 0.479167 0.174219 0.454167 0.171094 0.450000 0.169531 0.447222 0.171875 0.448611 0.171094 0.444444 0.171094 0.441667 0.169531 0.438889 0.167969 0.438889 0.166406 0.437500 0.165625 0.433333 0.171094 0.433333 0.173437 0.427778 0.175000 0.429167 0.178125 0.426389 0.186719 0.426389
24 0.493750 0.408333 0.495312 0.409722 0.496875 0.409722 0.499219 0.409722 0.493750 0.408333
24 0.485938 0.406944 0.486719 0.408333 0.489063 0.408333 0.488281 0.412500 0.490625 0.416667 0.493750 0.416667 0.496094 0.413889 0.498437 0.415278 0.496875 0.415278 0.496094 0.419444 0.494531 0.415278 0.493750 0.422222 0.492188 0.426389 0.491406 0.431944 0.487500 0.431944 0.486719 0.430556 0.485938 0.427778 0.484375 0.430556 0.484375 0.436111 0.486719 0.437500 0.487500 0.431944 0.491406 0.431944 0.491406 0.437500 0.494531 0.444444 0.493750 0.451389 0.495312 0.458333 0.496094 0.444444 0.499219 0.445833 0.499219 0.447222 0.501563 0.447222 0.500000 0.444444 0.499219 0.447222 0.499219 0.445833 0.500781 0.440278 0.502344 0.438889 0.503125 0.440278 0.501563 0.443056 0.503125 0.445833 0.505469 0.443056 0.503125 0.440278 0.502344 0.438889 0.503906 0.438889 0.507031 0.440278 0.510156 0.438889 0.513281 0.436111 0.515625 0.436111 0.515625 0.445833 0.514062 0.445833 0.512500 0.451389 0.512500 0.486111 0.509375 0.488889 0.505469 0.488889 0.503906 0.491667 0.503125 0.501389 0.502344 0.504167 0.501563 0.505556 0.500000 0.506944 0.501563 0.508333 0.499219 0.509722 0.500781 0.475000 0.501563 0.476389 0.503906 0.476389 0.504687 0.473611 0.502344 0.472222 0.501563 0.476389 0.500781 0.475000 0.500781 0.472222 0.499219 0.469444 0.497656 0.494444 0.497656 0.519444 0.496875 0.527778 0.496094 0.531944 0.495312 0.536111 0.493750 0.538889 0.492188 0.536111 0.489844 0.540278 0.490625 0.543056 0.493750 0.541667 0.492188 0.544444 0.491406 0.547222 0.491406 0.551389 0.489844 0.552778 0.486719 0.552778 0.487500 0.547222 0.489063 0.544444 0.489844 0.541667 0.487500 0.537500 0.486719 0.536111 0.490625 0.536111 0.489063 0.534722 0.488281 0.531944 0.488281 0.530556 0.489844 0.529167 0.491406 0.526389 0.492188 0.523611 0.492188 0.516667 0.489844 0.516667 0.488281 0.516667 0.487500 0.513889 0.488281 0.511111 0.489063 0.509722 0.489063 0.505556 0.488281 0.456944 0.486719 0.454167 0.485938 0.458333 0.486719 0.468056 0.486719 0.486111 0.485938 0.494444 0.487500 0.513889 0.488281 0.516667 0.486719 0.519444 0.489063 0.522222 0.486719 0.525000 0.486719 0.527778 0.488281 0.530556 0.488281 0.531944 0.485938 0.531944 0.485938 0.527778 0.484375 0.534722 0.485938 0.531944 0.488281 0.531944 0.486719 0.536111 0.487500 0.537500 0.485938 0.538889 0.485156 0.541667 0.482031 0.543056 0.482031 0.538889 0.480469 0.536111 0.478906 0.545833 0.478906 0.548611 0.479687 0.551389 0.483594 0.554167 0.478125 0.552778 0.479687 0.551389 0.475000 0.550000 0.473438 0.551389 0.471094 0.555556 0.467187 0.554167 0.464062 0.552778 0.462500 0.550000 0.462500 0.545833 0.460938 0.541667 0.464062 0.540278 0.464844 0.538889 0.466406 0.538889 0.467969 0.540278 0.467969 0.548611 0.470313 0.552778 0.471875 0.552778 0.473438 0.550000 0.473438 0.538889 0.476562 0.536111 0.478906 0.536111 0.481250 0.534722 0.482812 0.527778 0.482031 0.518056 0.481250 0.516667 0.481250 0.509722 0.479687 0.504167 0.474219 0.506944 0.472656 0.494444 0.472656 0.476389 0.473438 0.475000 0.472656 0.456944 0.472656 0.450000 0.474219 0.436111 0.473438 0.427778 0.471094 0.433333 0.471875 0.500000 0.469531 0.498611 0.469531 0.488889 0.471094 0.465278 0.470313 0.431944 0.470313 0.429167 0.472656 0.427778 0.467969 0.427778 0.467187 0.430556 0.468750 0.433333 0.468750 0.447222 0.467969 0.450000 0.465625 0.444444 0.467187 0.443056 0.465625 0.440278 0.463281 0.438889 0.462500 0.436111 0.459375 0.434722 0.458594 0.430556 0.464062 0.430556 0.467187 0.427778 0.464844 0.426389 0.464062 0.425000 0.462500 0.425000 0.457031 0.426389 0.460156 0.426389 0.462500 0.422222 0.467187 0.420833 0.470313 0.416667 0.475000 0.416667 0.473438 0.413889 0.472656 0.413889 0.473438 0.412500 0.478125 0.411111 0.471094 0.409722 0.470313 0.411111 0.468750 0.412500 0.472656 0.413889 0.473438 0.413889 0.471094 0.413889 0.470313 0.416667 0.467187 0.420833 0.465625 0.418056 0.462500 0.419444 0.465625 0.416667 0.464062 0.413889 0.464844 0.411111 0.464844 0.409722 0.482812 0.406944 0.482031 0.411111 0.479687 0.411111 0.481250 0.416667 0.482031 0.411111 0.482812 0.406944 0.485938 0.406944
24 0.995313 0.404167 0.992969 0.405556 0.989844 0.409722 0.994531 0.409722 0.995313 0.406944 0.998437 0.404167 0.995313 0.404167
24 0.135156 0.400000 0.133594 0.401389 0.133594 0.411111 0.135937 0.413889 0.135937 0.406944 0.134375 0.404167 0.136719 0.401389 0.137500 0.406944 0.150781 0.405556 0.153906 0.408333 0.158594 0.408333 0.160156 0.405556 0.158594 0.404167 0.157812 0.402778 0.155469 0.401389 0.140625 0.400000 0.135156 0.400000
24 0.175781 0.384722 0.175781 0.387500 0.177344 0.387500 0.175781 0.384722
24 0.067187 0.383333 0.074219 0.383333 0.075000 0.386111 0.080469 0.386111 0.081250 0.383333 0.089063 0.383333 0.092188 0.384722 0.094531 0.388889 0.096875 0.388889 0.098437 0.390278 0.099219 0.391667 0.100781 0.395833 0.102344 0.398611 0.102344 0.398611 0.099219 0.400000 0.101562 0.401389 0.103125 0.404167 0.102344 0.398611 0.102344 0.398611 0.103125 0.398611 0.105469 0.402778 0.105469 0.406944 0.103906 0.409722 0.099219 0.409722 0.093750 0.408333 0.089844 0.406944 0.087500 0.405556 0.085156 0.402778 0.081250 0.397222 0.079687 0.395833 0.078125 0.394444 0.076563 0.394444 0.077344 0.388889 0.075000 0.387500 0.074219 0.388889 0.072656 0.390278 0.075000 0.391667 0.071094 0.393056 0.070312 0.391667 0.064844 0.390278 0.064844 0.388889 0.063281 0.387500 0.065625 0.383333 0.067187 0.383333
24 0.060156 0.361111 0.062500 0.359722 0.064844 0.362500 0.062500 0.365278 0.063281 0.368056 0.066406 0.369444 0.067969 0.372222 0.070312 0.369444 0.068750 0.372222 0.069531 0.373611 0.069531 0.377778 0.067969 0.379167 0.065625 0.377778 0.063281 0.373611 0.060156 0.372222 0.057813 0.368056 0.049219 0.369444 0.055469 0.370833 0.049219 0.372222 0.048438 0.380556 0.046875 0.388889 0.047656 0.398611 0.046875 0.401389 0.046875 0.409722 0.046094 0.413889 0.043750 0.412500 0.042188 0.411111 0.042969 0.400000 0.044531 0.391667 0.044531 0.388889 0.042969 0.379167 0.042188 0.376389 0.041406 0.373611 0.039844 0.370833 0.039062 0.366667 0.042969 0.366667 0.042969 0.366667 0.044531 0.368056 0.045312 0.369444 0.046875 0.369444 0.048438 0.366667 0.042969 0.366667 0.042969 0.366667 0.042188 0.362500 0.049219 0.362500 0.050000 0.365278 0.051562 0.363889 0.053125 0.366667 0.055469 0.366667 0.058594 0.361111 0.041406 0.359722 0.060156 0.361111
24 0.028906 0.359722 0.028906 0.363889 0.031250 0.365278 0.034375 0.365278 0.032031 0.361111 0.033594 0.359722 0.028906 0.359722
24 0.706250 0.333333 0.700000 0.334722 0.696875 0.336111 0.695312 0.337500 0.700000 0.337500 0.702344 0.341667 0.708594 0.340278 0.725000 0.343056 0.726562 0.341667 0.727344 0.390278 0.728906 0.388889 0.729688 0.386111 0.730469 0.380556 0.730469 0.377778 0.730469 0.343056 0.732812 0.341667 0.734375 0.341667 0.735156 0.343056 0.736719 0.343056 0.740625 0.341667 0.757031 0.344444 0.757812 0.347222 0.758594 0.361111 0.760156 0.358333 0.760156 0.347222 0.761719 0.344444 0.763281 0.343056 0.782813 0.344444 0.785937 0.345833 0.789062 0.351389 0.789062 0.358333 0.788281 0.365278 0.786719 0.370833 0.786719 0.373611 0.787500 0.376389 0.785937 0.411111 0.785937 0.413889 0.787500 0.419444 0.789062 0.418056 0.790625 0.420833 0.789844 0.425000 0.787500 0.433333 0.787500 0.437500 0.788281 0.440278 0.789062 0.443056 0.790625 0.444444 0.792969 0.440278 0.793750 0.425000 0.793750 0.422222 0.793750 0.413889 0.792969 0.408333 0.791406 0.404167 0.792188 0.387500 0.791406 0.379167 0.791406 0.373611 0.792969 0.365278 0.791406 0.356944 0.790625 0.352778 0.789062 0.350000 0.789062 0.347222 0.789844 0.345833 0.789844 0.343056 0.787500 0.340278 0.765625 0.338889 0.782813 0.337500 0.765625 0.337500 0.764844 0.336111 0.735938 0.336111 0.733594 0.333333 0.730469 0.334722 0.728906 0.334722 0.727344 0.333333 0.725781 0.334722 0.706250 0.333333
24 0.557031 0.330556 0.562500 0.331944 0.563281 0.333333 0.564844 0.333333 0.563281 0.334722 0.564844 0.336111 0.562500 0.336111 0.561719 0.340278 0.550000 0.340278 0.548438 0.343056 0.548438 0.351389 0.549219 0.372222 0.548438 0.419444 0.551562 0.420833 0.552344 0.423611 0.553906 0.423611 0.559375 0.422222 0.560156 0.429167 0.553125 0.429167 0.552344 0.433333 0.550000 0.437500 0.549219 0.445833 0.549219 0.501389 0.550781 0.504167 0.551562 0.508333 0.550781 0.509722 0.552344 0.515278 0.551562 0.522222 0.549219 0.525000 0.550000 0.533333 0.550781 0.537500 0.552344 0.540278 0.555469 0.543056 0.553906 0.545833 0.554688 0.548611 0.554688 0.551389 0.553125 0.554167 0.550781 0.555556 0.547656 0.556944 0.546094 0.561111 0.543750 0.562500 0.540625 0.562500 0.539062 0.559722 0.537500 0.552778 0.536719 0.548611 0.536719 0.543056 0.537500 0.538889 0.538281 0.536111 0.539844 0.533333 0.540625 0.531944 0.540625 0.515278 0.539844 0.522222 0.537500 0.518056 0.535937 0.513889 0.535937 0.511111 0.539062 0.506944 0.540625 0.506944 0.542188 0.504167 0.542188 0.463889 0.539844 0.462500 0.541406 0.461111 0.541406 0.440278 0.542969 0.395833 0.542969 0.376389 0.540625 0.373611 0.542188 0.372222 0.542188 0.366667 0.540625 0.362500 0.539844 0.363889 0.539062 0.362500 0.539844 0.366667 0.539062 0.369444 0.539062 0.372222 0.537500 0.373611 0.538281 0.369444 0.521875 0.368056 0.522656 0.370833 0.523438 0.376389 0.522656 0.409722 0.521875 0.384722 0.521094 0.420833 0.521094 0.420833 0.520312 0.418056 0.520312 0.380556 0.520312 0.370833 0.522656 0.365278 0.519531 0.365278 0.518750 0.368056 0.519531 0.466667 0.521094 0.420833 0.521094 0.420833 0.522656 0.444444 0.523438 0.444444 0.525781 0.447222 0.527344 0.450000 0.528125 0.458333 0.526563 0.465278 0.526563 0.468056 0.526563 0.476389 0.525000 0.479167 0.524219 0.483333 0.524219 0.487500 0.523438 0.491667 0.521875 0.488889 0.513281 0.488889 0.514062 0.461111 0.515625 0.487500 0.517188 0.476389 0.517969 0.443056 0.517188 0.426389 0.517188 0.422222 0.517188 0.365278 0.517969 0.361111 0.514844 0.361111 0.516406 0.368056 0.516406 0.409722 0.515625 0.411111 0.515625 0.427778 0.515625 0.419444 0.514062 0.411111 0.513281 0.420833 0.513281 0.413889 0.512500 0.412500 0.512500 0.405556 0.513281 0.408333 0.513281 0.379167 0.512500 0.384722 0.512500 0.380556 0.510938 0.376389 0.509375 0.373611 0.507031 0.370833 0.505469 0.369444 0.499219 0.368056 0.506250 0.369444 0.510938 0.369444 0.514844 0.366667 0.502344 0.365278 0.501563 0.361111 0.510938 0.359722 0.500000 0.358333 0.499219 0.359722 0.495312 0.359722 0.497656 0.359722 0.499219 0.356944 0.518750 0.356944 0.520312 0.359722 0.524219 0.358333 0.525000 0.359722 0.524219 0.362500 0.528906 0.363889 0.525781 0.366667 0.529687 0.368056 0.530469 0.366667 0.535156 0.366667 0.535156 0.362500 0.533594 0.361111 0.531250 0.359722 0.525000 0.359722 0.524219 0.358333 0.536719 0.359722 0.537500 0.356944 0.538281 0.359722 0.539844 0.355556 0.542969 0.351389 0.543750 0.343056 0.543750 0.330556 0.557031 0.330556
24 0.889062 0.237500 0.888281 0.245833 0.889062 0.243056 0.889062 0.237500
24 0.010937 0.122222 0.014063 0.127778 0.014063 0.177778 0.012500 0.266667 0.012500 0.294444 0.014844 0.298611 0.017188 0.300000 0.019531 0.300000 0.016406 0.300000 0.014844 0.298611 0.011719 0.291667 0.010156 0.294444 0.012500 0.300000 0.011719 0.302778 0.012500 0.306944 0.013281 0.308333 0.016406 0.311111 0.019531 0.311111 0.021875 0.313889 0.025000 0.315278 0.027344 0.312500 0.028125 0.309722 0.026562 0.306944 0.025000 0.306944 0.026562 0.306944 0.026562 0.304167 0.028906 0.305556 0.030469 0.306944 0.034375 0.313889 0.035937 0.320833 0.035937 0.323611 0.032813 0.326389 0.031250 0.326389 0.031250 0.323611 0.032813 0.320833 0.032813 0.318056 0.030469 0.320833 0.013281 0.320833 0.011719 0.323611 0.012500 0.327778 0.014063 0.325000 0.020313 0.323611 0.031250 0.323611 0.031250 0.326389 0.021875 0.323611 0.018750 0.325000 0.017188 0.326389 0.015625 0.329167 0.015625 0.331944 0.012500 0.331944 0.011719 0.377778 0.010156 0.400000 0.010156 0.405556 0.010937 0.418056 0.009375 0.418056 0.009375 0.426389 0.007031 0.434722 0.007812 0.440278 0.006250 0.445833 0.007031 0.455556 0.007031 0.458333 0.006250 0.459722 0.006250 0.463889 0.003906 0.470833 0.004687 0.476389 0.004687 0.502778 0.006250 0.509722 0.005469 0.513889 0.003906 0.516667 0.005469 0.520833 0.005469 0.525000 0.001563 0.527778 0.000000 0.527778 0.000000 0.127778 0.003125 0.122222 0.010937 0.122222
24 0.010156 0.043056 0.010937 0.045833 0.011719 0.045833 0.011719 0.062500 0.014063 0.056944 0.014063 0.054167 0.011719 0.045833 0.010937 0.045833 0.015625 0.044444 0.015625 0.047222 0.016406 0.048611 0.016406 0.058333 0.015625 0.059722 0.015625 0.070833 0.014844 0.077778 0.014063 0.080556 0.010937 0.081944 0.010156 0.072222 0.009375 0.081944 0.008594 0.086111 0.003906 0.087500 0.003125 0.086111 0.000000 0.086111 0.000000 0.047222 0.003906 0.047222 0.008594 0.044444 0.010156 0.043056
24 0.867969 0.000000 0.867969 0.018056 0.869531 0.031944 0.870313 0.119444 0.871094 0.226389 0.869531 0.229167 0.869531 0.231944 0.868750 0.234722 0.869531 0.237500 0.871094 0.240278 0.871875 0.245833 0.871875 0.238889 0.870313 0.234722 0.870313 0.231944 0.873437 0.230556 0.874219 0.236111 0.873437 0.252778 0.873437 0.255556 0.874219 0.266667 0.873437 0.272222 0.872656 0.276389 0.871094 0.280556 0.870313 0.286111 0.870313 0.295833 0.868750 0.301389 0.868750 0.368056 0.870313 0.373611 0.870313 0.384722 0.871875 0.390278 0.871094 0.397222 0.871875 0.408333 0.869531 0.415278 0.869531 0.419444 0.867969 0.423611 0.867969 0.429167 0.869531 0.433333 0.867969 0.436111 0.867188 0.440278 0.868750 0.455556 0.868750 0.523611 0.875781 0.537500 0.872656 0.543056 0.872656 0.547222 0.874219 0.551389 0.877344 0.554167 0.877344 0.555556 0.878906 0.558333 0.878125 0.559722 0.878125 0.563889 0.879687 0.559722 0.878906 0.558333 0.888281 0.556944 0.889844 0.558333 0.889844 0.555556 0.892188 0.555556 0.894531 0.551389 0.892969 0.548611 0.892969 0.534722 0.894531 0.531944 0.895312 0.527778 0.895312 0.501389 0.894531 0.458333 0.892969 0.444444 0.892969 0.423611 0.892188 0.415278 0.890625 0.409722 0.889062 0.397222 0.888281 0.387500 0.889062 0.359722 0.887500 0.350000 0.888281 0.329167 0.888281 0.326389 0.887500 0.273611 0.885938 0.262500 0.886719 0.245833 0.885156 0.236111 0.885938 0.225000 0.884375 0.219444 0.884375 0.209722 0.885156 0.204167 0.886719 0.198611 0.889062 0.197222 0.889062 0.195833 0.891406 0.191667 0.889844 0.191667 0.889062 0.194444 0.888281 0.198611 0.885938 0.195833 0.887500 0.190278 0.885938 0.184722 0.885938 0.181944 0.887500 0.172222 0.886719 0.158333 0.886719 0.154167 0.888281 0.141667 0.888281 0.120833 0.888281 0.113889 0.886719 0.100000 0.888281 0.093056 0.888281 0.084722 0.886719 0.072222 0.888281 0.065278 0.888281 0.058333 0.886719 0.052778 0.887500 0.038889 0.887500 0.034722 0.885938 0.025000 0.886719 0.009722 0.886719 0.004167 0.885938 0.002778 0.885938 0.000000 0.867969 0.000000
29 0.532031 0.450000 0.531250 0.452778 0.530469 0.456944 0.529687 0.461111 0.530469 0.468056 0.532813 0.472222 0.535937 0.473611 0.535156 0.497222 0.536719 0.500000 0.538281 0.500000 0.539844 0.498611 0.541406 0.493056 0.541406 0.484722 0.540625 0.475000 0.539062 0.472222 0.538281 0.472222 0.536719 0.469444 0.536719 0.466667 0.537500 0.458333 0.535937 0.451389 0.534375 0.448611 0.532031 0.450000
29 0.564063 0.447222 0.563281 0.450000 0.562500 0.454167 0.561719 0.458333 0.561719 0.468056 0.564063 0.472222 0.568750 0.469444 0.569531 0.466667 0.570312 0.461111 0.567969 0.448611 0.566406 0.447222 0.564063 0.447222
29 0.668750 0.443056 0.664844 0.448611 0.663281 0.451389 0.662500 0.454167 0.662500 0.462500 0.664844 0.466667 0.669531 0.466667 0.671875 0.463889 0.673438 0.461111 0.674219 0.456944 0.674219 0.452778 0.673438 0.451389 0.673438 0.448611 0.671875 0.445833 0.670312 0.443056 0.668750 0.443056
30 0.507812 0.490278 0.506250 0.491667 0.505469 0.511111 0.507812 0.515278 0.510938 0.516667 0.521094 0.516667 0.522656 0.515278 0.523438 0.512500 0.523438 0.493056 0.521875 0.490278 0.507812 0.490278
30 0.646875 0.337500 0.639062 0.338889 0.637500 0.340278 0.636719 0.405556 0.638281 0.411111 0.641406 0.412500 0.639844 0.415278 0.638281 0.415278 0.637500 0.419444 0.641406 0.419444 0.642188 0.416667 0.642969 0.412500 0.646875 0.412500 0.646094 0.418056 0.645312 0.418056 0.643750 0.419444 0.652344 0.420833 0.654687 0.420833 0.660156 0.420833 0.660937 0.416667 0.657813 0.419444 0.655469 0.415278 0.655469 0.412500 0.657031 0.409722 0.671094 0.408333 0.677344 0.408333 0.679688 0.409722 0.682031 0.413889 0.682813 0.419444 0.684375 0.420833 0.688281 0.420833 0.695312 0.419444 0.694531 0.416667 0.692187 0.415278 0.689063 0.411111 0.695312 0.411111 0.696094 0.413889 0.697656 0.413889 0.698438 0.415278 0.700781 0.415278 0.700781 0.411111 0.701562 0.409722 0.702344 0.402778 0.702344 0.344444 0.701562 0.341667 0.698438 0.338889 0.686719 0.337500 0.678906 0.338889 0.675000 0.338889 0.662500 0.338889 0.657813 0.338889 0.646875 0.337500
30 0.579688 0.334722 0.568750 0.336111 0.564063 0.338889 0.564063 0.341667 0.563281 0.344444 0.564063 0.352778 0.564063 0.420833 0.621094 0.419444 0.621875 0.401389 0.622656 0.343056 0.621875 0.340278 0.621094 0.338889 0.619531 0.337500 0.616406 0.336111 0.579688 0.334722
25 0.687500 0.638889 0.686719 0.643056 0.688281 0.644444 0.687500 0.638889
25 0.682031 0.616667 0.682813 0.620833 0.685156 0.620833 0.686719 0.618056 0.682031 0.616667
27 0.505469 0.490278 0.503906 0.501389 0.503125 0.504167 0.500781 0.506944 0.503125 0.506944 0.504687 0.504167 0.504687 0.493056 0.505469 0.490278
27 0.177344 0.486111 0.176563 0.488889 0.175781 0.490278 0.175781 0.493056 0.176563 0.497222 0.175000 0.497222 0.177344 0.498611 0.178906 0.497222 0.178906 0.493056 0.177344 0.488889 0.177344 0.486111
27 0.163281 0.477778 0.164062 0.497222 0.165625 0.498611 0.167969 0.500000 0.170313 0.500000 0.172656 0.497222 0.171094 0.498611 0.168750 0.500000 0.167187 0.498611 0.164844 0.494444 0.164062 0.488889 0.163281 0.484722 0.163281 0.477778
27 0.502344 0.473611 0.503125 0.476389 0.503906 0.473611 0.502344 0.473611
27 0.499219 0.470833 0.499219 0.493056 0.498437 0.494444 0.499219 0.506944 0.499219 0.476389 0.500000 0.475000 0.499219 0.470833
27 0.486719 0.455556 0.486719 0.458333 0.487500 0.459722 0.487500 0.468056 0.487500 0.486111 0.486719 0.495833 0.488281 0.508333 0.488281 0.505556 0.487500 0.504167 0.486719 0.455556
27 0.165625 0.440278 0.165625 0.444444 0.167187 0.447222 0.165625 0.450000 0.165625 0.452778 0.167187 0.456944 0.167187 0.461111 0.167969 0.465278 0.169531 0.465278 0.169531 0.468056 0.172656 0.472222 0.173437 0.454167 0.171875 0.451389 0.170313 0.448611 0.168750 0.447222 0.171875 0.447222 0.170313 0.444444 0.169531 0.440278 0.167969 0.440278 0.165625 0.440278
27 0.485938 0.429167 0.485156 0.436111 0.486719 0.436111 0.485938 0.429167
27 0.473438 0.429167 0.471875 0.433333 0.472656 0.500000 0.472656 0.504167 0.472656 0.495833 0.471875 0.494444 0.471875 0.476389 0.472656 0.475000 0.471875 0.456944 0.471875 0.450000 0.472656 0.437500 0.473438 0.436111 0.473438 0.429167
27 0.189062 0.429167 0.187500 0.430556 0.192188 0.430556 0.190625 0.429167 0.189062 0.429167
27 0.010156 0.418056 0.010156 0.425000 0.011719 0.425000 0.010156 0.420833 0.010156 0.418056
27 0.044531 0.413889 0.044531 0.425000 0.046875 0.425000 0.046875 0.418056 0.046094 0.415278 0.044531 0.413889
27 0.471094 0.411111 0.469531 0.412500 0.472656 0.412500 0.473438 0.411111 0.477344 0.411111 0.471094 0.411111
27 0.136719 0.402778 0.135156 0.404167 0.136719 0.406944 0.136719 0.413889 0.136719 0.402778
27 0.066406 0.402778 0.066406 0.405556 0.064844 0.408333 0.061719 0.409722 0.058594 0.409722 0.067187 0.409722 0.070312 0.412500 0.068750 0.416667 0.062500 0.416667 0.059375 0.416667 0.057031 0.419444 0.055469 0.419444 0.051562 0.415278 0.051562 0.419444 0.050781 0.423611 0.049219 0.426389 0.050781 0.425000 0.054688 0.420833 0.057813 0.420833 0.059375 0.422222 0.062500 0.426389 0.067187 0.426389 0.069531 0.423611 0.071875 0.423611 0.073438 0.426389 0.075781 0.427778 0.101562 0.427778 0.081250 0.427778 0.079687 0.426389 0.078125 0.425000 0.075781 0.420833 0.075000 0.418056 0.075000 0.415278 0.074219 0.412500 0.073438 0.411111 0.071875 0.409722 0.069531 0.409722 0.066406 0.406944 0.066406 0.402778
27 0.099219 0.398611 0.101562 0.400000 0.103906 0.404167 0.103125 0.401389 0.099219 0.398611
27 0.075000 0.388889 0.073438 0.390278 0.075000 0.390278 0.076563 0.393056 0.076563 0.388889 0.075000 0.388889
27 0.539844 0.369444 0.537500 0.372222 0.537500 0.369444 0.521875 0.370833 0.523438 0.370833 0.524219 0.377778 0.522656 0.411111 0.521875 0.386111 0.521094 0.422222 0.519531 0.418056 0.519531 0.380556 0.519531 0.370833 0.521875 0.365278 0.520312 0.365278 0.519531 0.368056 0.519531 0.465278 0.520312 0.466667 0.520312 0.479167 0.520312 0.466667 0.519531 0.465278 0.520312 0.420833 0.521094 0.426389 0.521875 0.420833 0.522656 0.443056 0.525781 0.445833 0.528125 0.450000 0.528906 0.458333 0.527344 0.465278 0.527344 0.468056 0.528906 0.472222 0.528906 0.480556 0.530469 0.477778 0.531250 0.470833 0.529687 0.468056 0.528906 0.461111 0.529687 0.456944 0.530469 0.452778 0.531250 0.450000 0.532813 0.447222 0.534375 0.447222 0.536719 0.451389 0.538281 0.458333 0.538281 0.461111 0.540625 0.458333 0.538281 0.456944 0.538281 0.452778 0.537500 0.451389 0.538281 0.447222 0.541406 0.441667 0.542188 0.395833 0.542188 0.376389 0.539844 0.373611 0.540625 0.363889 0.539062 0.363889 0.537500 0.366667 0.537500 0.363889 0.539844 0.369444
27 0.525000 0.362500 0.528906 0.366667 0.526563 0.366667 0.529687 0.366667 0.530469 0.365278 0.535156 0.363889 0.533594 0.362500 0.531250 0.361111 0.525000 0.362500
27 0.763281 0.344444 0.761719 0.345833 0.760938 0.359722 0.761719 0.363889 0.764062 0.362500 0.774219 0.352778 0.775000 0.350000 0.776563 0.350000 0.778125 0.348611 0.778125 0.344444 0.763281 0.344444
27 0.732812 0.343056 0.732031 0.344444 0.730469 0.344444 0.731250 0.377778 0.730469 0.379167 0.731250 0.383333 0.733594 0.381944 0.736719 0.376389 0.739062 0.375000 0.742969 0.372222 0.745313 0.370833 0.753125 0.369444 0.754687 0.369444 0.756250 0.368056 0.757031 0.347222 0.756250 0.344444 0.740625 0.343056 0.736719 0.344444 0.735156 0.344444 0.734375 0.343056 0.732812 0.343056
27 0.702344 0.343056 0.703906 0.401389 0.705469 0.402778 0.711719 0.402778 0.715625 0.401389 0.717969 0.398611 0.721094 0.398611 0.725781 0.394444 0.726562 0.391667 0.726562 0.343056 0.725000 0.344444 0.708594 0.341667 0.702344 0.343056
27 0.562500 0.337500 0.561719 0.341667 0.549219 0.343056 0.549219 0.351389 0.550000 0.372222 0.549219 0.419444 0.551562 0.419444 0.552344 0.422222 0.553906 0.422222 0.560156 0.422222 0.562500 0.420833 0.563281 0.352778 0.562500 0.343056 0.564063 0.337500 0.562500 0.337500
27 0.030469 0.322222 0.012500 0.323611 0.010937 0.327778 0.014063 0.323611 0.020313 0.322222 0.032031 0.320833 0.032031 0.318056 0.030469 0.322222
27 0.843750 0.268056 0.842187 0.269444 0.840625 0.272222 0.839844 0.272222 0.839063 0.273611 0.839063 0.275000 0.838281 0.276389 0.833594 0.283333 0.830469 0.287500 0.828906 0.288889 0.826562 0.290278 0.828125 0.288889 0.830469 0.287500 0.833594 0.283333 0.837500 0.276389 0.840625 0.272222 0.841406 0.272222 0.843750 0.268056
27 0.009375 0.100000 0.010156 0.109722 0.009375 0.120833 0.009375 0.112500 0.010156 0.111111 0.010156 0.105556 0.009375 0.104167 0.009375 0.100000
27 0.010156 0.073611 0.010156 0.081944 0.009375 0.083333 0.009375 0.095833 0.009375 0.088889 0.010156 0.087500 0.010156 0.073611
27 0.011719 0.047222 0.011719 0.061111 0.013281 0.056944 0.013281 0.054167 0.014063 0.051389 0.011719 0.047222
27 0.000000 0.033333 0.003125 0.033333 0.005469 0.036111 0.007812 0.037500 0.006250 0.036111 0.005469 0.034722 0.003125 0.033333 0.000000 0.033333
27 0.893750 0.026389 0.889844 0.033333 0.889844 0.037500 0.888281 0.041667 0.889062 0.056944 0.889062 0.065278 0.887500 0.073611 0.889062 0.084722 0.889062 0.093056 0.887500 0.100000 0.889062 0.113889 0.889062 0.120833 0.889062 0.141667 0.887500 0.154167 0.887500 0.158333 0.888281 0.172222 0.886719 0.181944 0.886719 0.184722 0.888281 0.190278 0.887500 0.194444 0.886719 0.197222 0.888281 0.197222 0.889062 0.191667 0.892969 0.190278 0.896094 0.186111 0.896875 0.184722 0.899219 0.179167 0.907813 0.165278 0.913281 0.152778 0.915625 0.150000 0.923438 0.133333 0.932813 0.116667 0.937500 0.106944 0.939844 0.101389 0.940625 0.098611 0.941406 0.095833 0.941406 0.084722 0.934375 0.070833 0.930469 0.063889 0.923438 0.052778 0.919531 0.044444 0.917969 0.041667 0.917188 0.040278 0.913281 0.034722 0.910156 0.030556 0.907813 0.027778 0.905469 0.026389 0.893750 0.026389
27 0.867188 0.000000 0.867188 0.018056 0.868750 0.031944 0.869531 0.119444 0.870313 0.225000 0.867969 0.231944 0.860156 0.241667 0.860156 0.243056 0.858594 0.245833 0.855469 0.248611 0.853125 0.250000 0.852344 0.254167 0.851562 0.255556 0.850000 0.258333 0.846094 0.259722 0.846875 0.262500 0.844531 0.262500 0.843750 0.262500 0.841406 0.266667 0.836719 0.268056 0.837500 0.270833 0.832812 0.277778 0.828125 0.280556 0.825781 0.281944 0.824219 0.280556 0.822656 0.283333 0.821094 0.283333 0.820312 0.284722 0.818750 0.286111 0.820312 0.287500 0.817969 0.290278 0.817187 0.298611 0.817969 0.301389 0.813281 0.309722 0.812500 0.309722 0.810937 0.312500 0.817187 0.301389 0.816406 0.290278 0.813281 0.295833 0.812500 0.300000 0.809375 0.305556 0.807031 0.311111 0.807031 0.313889 0.803125 0.318056 0.802344 0.322222 0.799219 0.322222 0.798438 0.323611 0.798438 0.326389 0.795312 0.326389 0.790625 0.330556 0.788281 0.334722 0.787500 0.331944 0.785937 0.334722 0.785156 0.336111 0.765625 0.336111 0.735938 0.334722 0.733594 0.331944 0.730469 0.333333 0.728906 0.333333 0.725781 0.333333 0.706250 0.331944 0.700000 0.333333 0.696875 0.334722 0.694531 0.337500 0.687500 0.337500 0.686719 0.336111 0.678906 0.337500 0.675000 0.337500 0.662500 0.337500 0.657813 0.337500 0.646875 0.336111 0.639062 0.337500 0.637500 0.338889 0.635938 0.341667 0.635938 0.402778 0.634375 0.406944 0.633594 0.411111 0.630469 0.413889 0.628125 0.413889 0.625781 0.412500 0.624219 0.409722 0.623437 0.409722 0.622656 0.408333 0.621875 0.405556 0.621875 0.402778 0.623437 0.343056 0.622656 0.340278 0.621094 0.337500 0.619531 0.336111 0.616406 0.334722 0.579688 0.333333 0.567969 0.336111 0.565625 0.336111 0.564063 0.334722 0.565625 0.333333 0.562500 0.330556 0.557031 0.329167 0.543750 0.329167 0.542969 0.343056 0.542188 0.351389 0.540625 0.354167 0.539844 0.354167 0.538281 0.358333 0.537500 0.355556 0.524219 0.356944 0.521875 0.356944 0.517969 0.359722 0.517969 0.359722 0.520312 0.358333 0.518750 0.355556 0.499219 0.355556 0.497656 0.358333 0.494531 0.359722 0.499219 0.361111 0.510156 0.359722 0.501563 0.359722 0.500781 0.363889 0.502344 0.366667 0.514062 0.366667 0.511719 0.366667 0.510938 0.368056 0.506250 0.368056 0.498437 0.368056 0.500000 0.370833 0.505469 0.370833 0.507031 0.372222 0.508594 0.375000 0.509375 0.375000 0.510156 0.376389 0.510156 0.377778 0.511719 0.380556 0.512500 0.386111 0.513281 0.380556 0.512500 0.404167 0.511719 0.412500 0.512500 0.413889 0.513281 0.422222 0.514062 0.412500 0.514062 0.418056 0.514844 0.419444 0.515625 0.429167 0.516406 0.411111 0.514844 0.409722 0.514844 0.406944 0.516406 0.411111 0.517188 0.368056 0.515625 0.361111 0.517969 0.359722 0.517969 0.359722 0.516406 0.362500 0.516406 0.365278 0.516406 0.422222 0.516406 0.426389 0.517188 0.443056 0.516406 0.476389 0.515625 0.477778 0.515625 0.486111 0.515625 0.462500 0.514062 0.459722 0.513281 0.487500 0.510156 0.488889 0.511719 0.488889 0.513281 0.486111 0.513281 0.451389 0.514062 0.450000 0.514062 0.447222 0.515625 0.447222 0.516406 0.436111 0.513281 0.434722 0.507031 0.438889 0.503906 0.437500 0.502344 0.437500 0.500781 0.438889 0.499219 0.441667 0.499219 0.444444 0.500781 0.447222 0.498437 0.443056 0.496094 0.443056 0.495312 0.456944 0.495312 0.452778 0.494531 0.451389 0.495312 0.444444 0.492969 0.440278 0.492188 0.437500 0.492188 0.434722 0.492188 0.431944 0.492969 0.426389 0.494531 0.422222 0.494531 0.416667 0.493750 0.415278 0.494531 0.419444 0.496875 0.416667 0.499219 0.415278 0.497656 0.412500 0.496875 0.411111 0.499219 0.411111 0.492969 0.408333 0.494531 0.409722 0.495312 0.411111 0.496875 0.411111 0.497656 0.412500 0.496094 0.412500 0.495312 0.413889 0.493750 0.415278 0.494531 0.416667 0.490625 0.415278 0.489063 0.412500 0.489844 0.408333 0.485938 0.405556 0.482812 0.405556 0.465625 0.406944 0.464062 0.409722 0.463281 0.412500 0.464844 0.416667 0.462500 0.416667 0.466406 0.420833 0.462500 0.420833 0.461719 0.423611 0.460156 0.425000 0.456250 0.426389 0.462500 0.426389 0.464062 0.426389 0.464844 0.427778 0.466406 0.427778 0.464844 0.427778 0.464062 0.429167 0.458594 0.429167 0.458594 0.433333 0.458594 0.434722 0.461719 0.436111 0.463281 0.440278 0.466406 0.443056 0.464844 0.444444 0.467969 0.451389 0.468750 0.448611 0.469531 0.447222 0.469531 0.433333 0.467969 0.430556 0.468750 0.427778 0.471875 0.427778 0.470313 0.427778 0.469531 0.431944 0.470313 0.465278 0.468750 0.488889 0.469531 0.500000 0.467969 0.501389 0.467969 0.493056 0.467187 0.491667 0.466406 0.488889 0.464844 0.500000 0.464844 0.502778 0.464844 0.498611 0.465625 0.497222 0.465625 0.488889 0.467187 0.486111 0.469531 0.475000 0.469531 0.455556 0.467187 0.462500 0.466406 0.463889 0.466406 0.466667 0.462500 0.470833 0.460938 0.472222 0.458594 0.472222 0.457031 0.475000 0.458594 0.476389 0.460938 0.477778 0.460156 0.488889 0.458594 0.494444 0.458594 0.500000 0.457813 0.502778 0.456250 0.504167 0.440625 0.501389 0.439844 0.498611 0.439063 0.493056 0.439063 0.487500 0.437500 0.484722 0.437500 0.481944 0.435937 0.479167 0.435937 0.476389 0.433594 0.470833 0.432812 0.472222 0.432031 0.468056 0.430469 0.465278 0.428125 0.470833 0.426563 0.476389 0.425000 0.479167 0.424219 0.491667 0.424219 0.495833 0.425000 0.497222 0.425000 0.500000 0.422656 0.500000 0.421875 0.501389 0.403906 0.502778 0.402344 0.502778 0.379688 0.501389 0.364844 0.500000 0.364063 0.498611 0.361719 0.498611 0.362500 0.494444 0.360938 0.490278 0.360938 0.488889 0.360156 0.487500 0.359375 0.487500 0.357031 0.490278 0.356250 0.493056 0.350000 0.494444 0.342187 0.493056 0.339062 0.495833 0.313281 0.495833 0.300000 0.493056 0.296094 0.494444 0.293750 0.494444 0.285156 0.491667 0.271094 0.493056 0.271094 0.487500 0.268750 0.483333 0.267188 0.481944 0.264062 0.483333 0.259375 0.481944 0.257812 0.479167 0.255469 0.477778 0.252344 0.477778 0.250000 0.473611 0.249219 0.477778 0.247656 0.475000 0.244531 0.476389 0.239844 0.469444 0.238281 0.469444 0.236719 0.466667 0.235156 0.468056 0.235156 0.465278 0.234375 0.461111 0.233594 0.458333 0.232031 0.455556 0.229687 0.452778 0.227344 0.451389 0.222656 0.450000 0.218750 0.451389 0.217188 0.452778 0.215625 0.454167 0.211719 0.450000 0.211719 0.445833 0.209375 0.448611 0.211719 0.450000 0.215625 0.454167 0.214062 0.456944 0.213281 0.461111 0.212500 0.462500 0.210938 0.463889 0.208594 0.469444 0.208594 0.472222 0.203906 0.475000 0.203125 0.480556 0.191406 0.481944 0.185938 0.481944 0.185938 0.479167 0.183594 0.477778 0.184375 0.466667 0.183594 0.465278 0.183594 0.455556 0.184375 0.438889 0.185938 0.443056 0.186719 0.440278 0.188281 0.437500 0.192188 0.436111 0.193750 0.434722 0.194531 0.433333 0.194531 0.431944 0.194531 0.427778 0.192969 0.426389 0.186719 0.425000 0.178125 0.425000 0.175000 0.427778 0.172656 0.427778 0.172656 0.429167 0.171094 0.431944 0.162500 0.431944 0.161719 0.426389 0.159375 0.425000 0.158594 0.423611 0.158594 0.422222 0.155469 0.420833 0.148438 0.409722 0.145313 0.408333 0.150000 0.406944 0.151562 0.408333 0.153906 0.409722 0.158594 0.409722 0.160938 0.405556 0.175000 0.387500 0.171875 0.384722 0.170313 0.381944 0.168750 0.381944 0.167969 0.384722 0.169531 0.387500 0.171875 0.384722 0.175000 0.387500 0.177344 0.388889 0.176563 0.383333 0.175000 0.387500 0.160938 0.405556 0.159375 0.402778 0.157812 0.401389 0.155469 0.400000 0.140625 0.398611 0.135156 0.398611 0.133594 0.400000 0.133594 0.409722 0.132812 0.413889 0.132031 0.416667 0.130469 0.419444 0.130469 0.422222 0.128906 0.422222 0.128125 0.423611 0.122656 0.423611 0.118750 0.420833 0.118750 0.409722 0.115625 0.411111 0.115625 0.413889 0.114062 0.416667 0.110937 0.411111 0.107813 0.408333 0.106250 0.405556 0.106250 0.402778 0.102344 0.397222 0.101562 0.395833 0.100000 0.391667 0.098437 0.388889 0.096875 0.387500 0.094531 0.387500 0.092188 0.383333 0.089063 0.381944 0.081250 0.381944 0.080469 0.384722 0.075000 0.384722 0.074219 0.381944 0.067187 0.381944 0.065625 0.381944 0.063281 0.384722 0.061719 0.388889 0.059375 0.391667 0.051562 0.398611 0.049219 0.401389 0.047656 0.401389 0.048438 0.398611 0.047656 0.388889 0.049219 0.380556 0.049219 0.373611 0.055469 0.373611 0.050000 0.369444 0.057813 0.369444 0.059375 0.370833 0.060156 0.373611 0.061719 0.373611 0.063281 0.375000 0.065625 0.379167 0.067969 0.380556 0.070312 0.377778 0.070312 0.373611 0.068750 0.370833 0.066406 0.368056 0.064062 0.368056 0.063281 0.365278 0.065625 0.362500 0.064062 0.361111 0.062500 0.358333 0.060156 0.359722 0.040625 0.359722 0.057813 0.361111 0.055469 0.365278 0.053125 0.365278 0.051562 0.362500 0.049219 0.365278 0.041406 0.362500 0.042969 0.363889 0.043750 0.366667 0.047656 0.366667 0.045312 0.368056 0.042969 0.365278 0.039062 0.365278 0.035156 0.365278 0.032813 0.361111 0.034375 0.359722 0.028906 0.358333 0.028125 0.361111 0.028125 0.363889 0.031250 0.366667 0.035156 0.365278 0.039062 0.365278 0.039062 0.370833 0.040625 0.373611 0.041406 0.376389 0.041406 0.379167 0.042969 0.380556 0.043750 0.388889 0.043750 0.391667 0.042188 0.400000 0.042188 0.408333 0.037500 0.416667 0.035156 0.415278 0.034375 0.419444 0.030469 0.419444 0.029687 0.416667 0.027344 0.418056 0.021094 0.419444 0.018750 0.415278 0.016406 0.413889 0.015625 0.412500 0.014844 0.409722 0.014063 0.405556 0.014063 0.398611 0.012500 0.391667 0.012500 0.333333 0.015625 0.333333 0.017188 0.327778 0.018750 0.326389 0.021875 0.325000 0.031250 0.327778 0.032813 0.327778 0.035156 0.326389 0.036719 0.323611 0.036719 0.320833 0.035156 0.313889 0.030469 0.305556 0.028906 0.304167 0.027344 0.304167 0.026562 0.305556 0.024219 0.306944 0.027344 0.309722 0.026562 0.312500 0.021875 0.312500 0.019531 0.309722 0.016406 0.309722 0.015625 0.308333 0.014063 0.308333 0.012500 0.305556 0.013281 0.301389 0.014063 0.298611 0.015625 0.300000 0.016406 0.301389 0.020313 0.300000 0.017188 0.298611 0.016406 0.297222 0.014063 0.298611 0.013281 0.301389 0.012500 0.297222 0.010937 0.294444 0.012500 0.295833 0.014063 0.265278 0.014844 0.177778 0.014063 0.126389 0.014063 0.116667 0.014844 0.079167 0.016406 0.070833 0.016406 0.059722 0.017188 0.058333 0.017188 0.048611 0.015625 0.043056 0.014844 0.043056 0.012500 0.040278 0.009375 0.033333 0.006250 0.031944 0.005469 0.029167 0.003125 0.027778 0.000000 0.027778 0.000000 0.000000 0.867188 0.000000
2 0.439063 0.548611 0.431250 0.550000 0.428906 0.551389 0.427344 0.552778 0.424219 0.559722 0.422656 0.556944 0.422656 0.555556 0.421094 0.552778 0.419531 0.551389 0.415625 0.550000 0.410938 0.550000 0.407813 0.551389 0.405469 0.555556 0.404687 0.558333 0.404687 0.565278 0.408594 0.572222 0.414844 0.570833 0.419531 0.572222 0.420312 0.569444 0.421094 0.573611 0.417187 0.586111 0.417187 0.588889 0.417187 0.600000 0.417187 0.602778 0.417969 0.612500 0.418750 0.616667 0.419531 0.619444 0.421094 0.622222 0.423438 0.623611 0.427344 0.623611 0.429688 0.622222 0.435156 0.618056 0.436719 0.619444 0.439063 0.623611 0.442188 0.625000 0.442188 0.626389 0.444531 0.627778 0.445312 0.626389 0.447656 0.626389 0.448437 0.627778 0.451562 0.627778 0.452344 0.626389 0.455469 0.626389 0.458594 0.627778 0.462500 0.634722 0.464062 0.641667 0.464844 0.641667 0.466406 0.644444 0.471094 0.644444 0.474219 0.641667 0.474219 0.623611 0.475781 0.606944 0.475000 0.588889 0.474219 0.583333 0.473438 0.579167 0.471094 0.570833 0.467969 0.561111 0.464062 0.554167 0.462500 0.552778 0.457813 0.551389 0.450781 0.550000 0.439063 0.548611
2 0.588281 0.511111 0.584375 0.512500 0.581250 0.513889 0.579688 0.515278 0.578125 0.516667 0.574219 0.523611 0.571875 0.530556 0.571875 0.537500 0.577344 0.537500 0.578125 0.538889 0.588281 0.540278 0.599219 0.538889 0.603906 0.537500 0.605469 0.536111 0.607812 0.533333 0.607812 0.527778 0.607812 0.525000 0.606250 0.520833 0.604688 0.518056 0.602344 0.515278 0.600781 0.513889 0.599219 0.512500 0.596875 0.511111 0.588281 0.511111
2 0.653125 0.509722 0.646094 0.512500 0.642969 0.513889 0.641406 0.515278 0.637500 0.519444 0.635156 0.523611 0.633594 0.527778 0.633594 0.533333 0.633594 0.536111 0.635156 0.538889 0.637500 0.540278 0.646094 0.541667 0.650000 0.541667 0.656250 0.540278 0.660156 0.538889 0.661719 0.537500 0.662500 0.534722 0.662500 0.530556 0.661719 0.527778 0.660156 0.525000 0.659375 0.516667 0.660156 0.512500 0.661719 0.509722 0.653125 0.509722
2 0.797656 0.490278 0.792188 0.493056 0.785937 0.493056 0.785156 0.491667 0.778125 0.493056 0.775000 0.491667 0.763281 0.493056 0.753125 0.494444 0.749219 0.495833 0.746875 0.497222 0.744531 0.498611 0.739844 0.502778 0.737500 0.505556 0.734375 0.509722 0.733594 0.511111 0.733594 0.512500 0.732031 0.515278 0.725781 0.525000 0.721875 0.529167 0.721094 0.525000 0.721875 0.516667 0.720313 0.513889 0.720313 0.512500 0.717969 0.511111 0.714844 0.505556 0.714844 0.502778 0.713281 0.500000 0.710938 0.498611 0.708594 0.495833 0.705469 0.495833 0.703125 0.493056 0.700781 0.491667 0.696094 0.491667 0.689063 0.494444 0.686719 0.495833 0.685156 0.498611 0.681250 0.500000 0.679688 0.501389 0.678125 0.502778 0.677344 0.504167 0.676562 0.506944 0.675781 0.509722 0.675781 0.519444 0.674219 0.525000 0.674219 0.538889 0.675000 0.541667 0.675781 0.543056 0.677344 0.544444 0.704688 0.545833 0.710938 0.544444 0.712500 0.543056 0.714844 0.540278 0.716406 0.537500 0.717187 0.540278 0.715625 0.544444 0.717969 0.544444 0.718750 0.545833 0.733594 0.547222 0.763281 0.547222 0.773438 0.550000 0.812500 0.551389 0.819531 0.551389 0.822656 0.550000 0.825781 0.547222 0.828906 0.545833 0.833594 0.545833 0.833594 0.543056 0.834375 0.541667 0.834375 0.529167 0.833594 0.527778 0.833594 0.522222 0.832031 0.520833 0.828125 0.520833 0.823438 0.519444 0.821875 0.518056 0.819531 0.513889 0.818750 0.511111 0.817969 0.502778 0.816406 0.498611 0.814844 0.495833 0.813281 0.494444 0.811719 0.493056 0.809375 0.491667 0.807031 0.490278 0.797656 0.490278
21 0.346875 0.565278 0.346094 0.566667 0.342187 0.566667 0.349219 0.566667 0.350000 0.565278 0.352344 0.565278 0.346875 0.565278
21 0.382812 0.559722 0.384375 0.559722 0.385937 0.558333 0.382812 0.559722
21 0.464844 0.554167 0.466406 0.556944 0.467969 0.556944 0.468750 0.559722 0.470313 0.561111 0.471094 0.556944 0.469531 0.555556 0.467187 0.555556 0.466406 0.554167 0.464844 0.554167
21 0.523438 0.541667 0.521875 0.544444 0.521875 0.547222 0.525000 0.547222 0.525000 0.541667 0.523438 0.541667
21 0.516406 0.544444 0.518750 0.544444 0.517969 0.541667 0.516406 0.544444
21 0.480469 0.537500 0.479687 0.547222 0.482031 0.544444 0.483594 0.543056 0.488281 0.540278 0.486719 0.538889 0.485156 0.543056 0.482031 0.544444 0.480469 0.537500
21 0.606250 0.536111 0.603906 0.538889 0.606250 0.540278 0.607812 0.540278 0.606250 0.536111
21 0.487500 0.536111 0.489844 0.536111 0.488281 0.533333 0.487500 0.536111
21 0.489844 0.518056 0.487500 0.519444 0.489844 0.522222 0.487500 0.525000 0.488281 0.529167 0.489844 0.527778 0.490625 0.526389 0.491406 0.523611 0.491406 0.516667 0.489844 0.518056
21 0.528125 0.472222 0.528906 0.481944 0.530469 0.479167 0.530469 0.501389 0.534375 0.508333 0.535156 0.505556 0.535937 0.504167 0.535937 0.500000 0.538281 0.501389 0.539844 0.500000 0.541406 0.497222 0.541406 0.494444 0.541406 0.504167 0.541406 0.506944 0.539062 0.505556 0.535937 0.509722 0.535156 0.513889 0.536719 0.518056 0.539844 0.523611 0.540625 0.516667 0.540625 0.526389 0.535937 0.533333 0.533594 0.533333 0.532813 0.530556 0.530469 0.531944 0.529687 0.527778 0.525000 0.530556 0.528906 0.536111 0.528906 0.540278 0.528125 0.541667 0.528125 0.544444 0.527344 0.540278 0.528906 0.537500 0.525781 0.536111 0.528125 0.534722 0.521094 0.534722 0.523438 0.536111 0.510938 0.536111 0.518750 0.534722 0.514062 0.531944 0.512500 0.531944 0.506250 0.534722 0.503125 0.533333 0.500781 0.536111 0.497656 0.537500 0.494531 0.538889 0.500000 0.540278 0.500781 0.538889 0.502344 0.538889 0.496094 0.540278 0.494531 0.541667 0.494531 0.538889 0.496094 0.536111 0.496875 0.531944 0.497656 0.527778 0.498437 0.519444 0.499219 0.508333 0.499219 0.511111 0.501563 0.511111 0.502344 0.508333 0.504687 0.505556 0.504687 0.511111 0.507812 0.516667 0.510938 0.518056 0.521094 0.518056 0.522656 0.516667 0.523438 0.515278 0.524219 0.512500 0.525781 0.515278 0.529687 0.522222 0.530469 0.513889 0.528125 0.513889 0.525781 0.515278 0.524219 0.512500 0.524219 0.488889 0.525000 0.483333 0.525781 0.479167 0.527344 0.476389 0.528125 0.472222
21 0.535937 0.470833 0.533594 0.472222 0.534375 0.484722 0.534375 0.473611 0.535937 0.470833
21 0.539062 0.461111 0.538281 0.465278 0.537500 0.466667 0.538281 0.470833 0.540625 0.472222 0.541406 0.475000 0.541406 0.483333 0.541406 0.463889 0.539844 0.463889 0.539062 0.461111
21 0.541406 0.444444 0.538281 0.448611 0.538281 0.451389 0.539062 0.452778 0.539062 0.456944 0.540625 0.456944 0.540625 0.459722 0.541406 0.444444
21 0.011719 0.391667 0.013281 0.398611 0.013281 0.405556 0.014063 0.409722 0.014844 0.412500 0.016406 0.415278 0.018750 0.416667 0.021094 0.420833 0.027344 0.420833 0.028125 0.418056 0.029687 0.418056 0.030469 0.420833 0.035156 0.419444 0.034375 0.418056 0.037500 0.418056 0.041406 0.411111 0.042969 0.412500 0.043750 0.425000 0.046875 0.426389 0.049219 0.425000 0.054688 0.422222 0.057813 0.422222 0.059375 0.423611 0.062500 0.427778 0.067187 0.427778 0.069531 0.425000 0.071875 0.425000 0.073438 0.427778 0.075781 0.429167 0.102344 0.427778 0.081250 0.426389 0.079687 0.425000 0.078125 0.423611 0.076563 0.420833 0.075781 0.418056 0.075781 0.415278 0.075000 0.412500 0.073438 0.409722 0.071875 0.408333 0.069531 0.408333 0.068750 0.406944 0.067187 0.406944 0.066406 0.401389 0.065625 0.405556 0.061719 0.408333 0.057813 0.409722 0.067187 0.411111 0.069531 0.412500 0.067969 0.416667 0.062500 0.415278 0.059375 0.415278 0.057031 0.418056 0.055469 0.418056 0.053125 0.415278 0.051562 0.413889 0.050781 0.419444 0.049219 0.425000 0.046875 0.426389 0.047656 0.418056 0.046875 0.416667 0.046875 0.411111 0.047656 0.405556 0.048438 0.402778 0.050781 0.400000 0.059375 0.393056 0.061719 0.390278 0.062500 0.387500 0.064062 0.388889 0.065625 0.393056 0.071094 0.394444 0.075781 0.394444 0.078125 0.395833 0.079687 0.397222 0.081250 0.398611 0.085156 0.404167 0.087500 0.406944 0.089844 0.408333 0.093750 0.409722 0.099219 0.411111 0.103906 0.411111 0.106250 0.406944 0.107813 0.409722 0.110937 0.412500 0.114062 0.418056 0.116406 0.413889 0.116406 0.411111 0.117969 0.409722 0.117969 0.420833 0.120313 0.422222 0.122656 0.425000 0.128125 0.425000 0.130469 0.423611 0.131250 0.419444 0.132812 0.415278 0.133594 0.412500 0.135156 0.415278 0.136719 0.415278 0.137500 0.408333 0.144531 0.408333 0.146875 0.409722 0.148438 0.411111 0.155469 0.422222 0.147656 0.429167 0.146094 0.426389 0.144531 0.427778 0.142969 0.429167 0.147656 0.429167 0.155469 0.422222 0.157812 0.422222 0.159375 0.426389 0.161719 0.427778 0.161719 0.431944 0.164844 0.433333 0.165625 0.436111 0.165625 0.438889 0.164844 0.440278 0.164844 0.444444 0.166406 0.447222 0.164844 0.450000 0.164844 0.452778 0.166406 0.456944 0.166406 0.461111 0.167187 0.465278 0.168750 0.465278 0.169531 0.469444 0.172656 0.473611 0.172656 0.479167 0.176563 0.486111 0.175000 0.490278 0.175781 0.494444 0.175781 0.494444 0.175000 0.498611 0.171875 0.498611 0.167187 0.497222 0.165625 0.494444 0.164062 0.484722 0.163281 0.476389 0.162500 0.495833 0.164062 0.498611 0.165625 0.500000 0.167969 0.501389 0.170313 0.501389 0.171875 0.498611 0.175000 0.498611 0.175781 0.498611 0.178125 0.498611 0.175781 0.494444 0.175781 0.494444 0.176563 0.495833 0.178125 0.498611 0.179688 0.493056 0.178125 0.488889 0.178125 0.484722 0.183594 0.484722 0.192188 0.481944 0.203125 0.481944 0.203906 0.477778 0.204687 0.475000 0.207813 0.475000 0.209375 0.472222 0.209375 0.469444 0.211719 0.463889 0.214062 0.461111 0.214844 0.456944 0.215625 0.455556 0.217188 0.454167 0.218750 0.452778 0.222656 0.451389 0.227344 0.452778 0.229687 0.454167 0.231250 0.456944 0.232031 0.456944 0.232813 0.458333 0.233594 0.461111 0.235156 0.469444 0.236719 0.468056 0.238281 0.470833 0.239844 0.470833 0.243750 0.477778 0.247656 0.476389 0.249219 0.479167 0.250000 0.475000 0.252344 0.479167 0.255469 0.479167 0.257812 0.480556 0.259375 0.483333 0.264062 0.484722 0.267188 0.483333 0.268750 0.484722 0.270313 0.487500 0.271094 0.494444 0.285156 0.493056 0.293750 0.495833 0.296094 0.495833 0.300000 0.494444 0.313281 0.497222 0.339062 0.497222 0.342187 0.494444 0.350000 0.495833 0.355469 0.495833 0.357031 0.493056 0.357812 0.487500 0.360156 0.488889 0.361719 0.493056 0.360938 0.495833 0.360938 0.498611 0.364844 0.501389 0.379688 0.502778 0.402344 0.504167 0.403906 0.504167 0.422656 0.501389 0.431250 0.501389 0.433594 0.504167 0.439063 0.502778 0.455469 0.505556 0.462500 0.505556 0.465625 0.502778 0.467969 0.502778 0.468750 0.501389 0.470313 0.501389 0.474219 0.508333 0.479687 0.508333 0.481250 0.518056 0.482031 0.526389 0.481250 0.533333 0.479687 0.533333 0.478906 0.534722 0.476562 0.534722 0.475000 0.536111 0.473438 0.537500 0.472656 0.550000 0.470313 0.551389 0.468750 0.548611 0.467969 0.538889 0.466406 0.537500 0.464844 0.537500 0.464062 0.538889 0.461719 0.538889 0.460156 0.541667 0.461719 0.545833 0.461719 0.550000 0.463281 0.552778 0.458594 0.551389 0.457813 0.550000 0.450781 0.548611 0.439063 0.547222 0.431250 0.548611 0.428906 0.550000 0.427344 0.551389 0.424219 0.558333 0.421094 0.551389 0.419531 0.550000 0.415625 0.548611 0.410938 0.548611 0.407813 0.550000 0.403906 0.558333 0.398438 0.556944 0.397656 0.561111 0.401562 0.559722 0.403906 0.561111 0.402344 0.563889 0.400781 0.563889 0.400000 0.562500 0.397656 0.563889 0.390625 0.561111 0.390625 0.559722 0.389062 0.558333 0.391406 0.556944 0.389844 0.555556 0.391406 0.554167 0.392188 0.555556 0.392969 0.552778 0.394531 0.555556 0.396094 0.548611 0.392188 0.550000 0.388281 0.551389 0.385156 0.550000 0.379688 0.551389 0.377344 0.555556 0.373437 0.554167 0.369531 0.550000 0.367188 0.551389 0.365625 0.554167 0.364844 0.554167 0.364063 0.555556 0.363281 0.558333 0.361719 0.561111 0.352344 0.562500 0.350000 0.562500 0.348438 0.561111 0.346875 0.558333 0.343750 0.558333 0.340625 0.559722 0.335938 0.561111 0.333594 0.558333 0.332031 0.558333 0.331250 0.559722 0.328906 0.561111 0.329688 0.563889 0.331250 0.566667 0.338281 0.566667 0.339062 0.563889 0.340625 0.565278 0.330469 0.566667 0.329688 0.565278 0.328125 0.565278 0.326562 0.561111 0.318750 0.558333 0.317969 0.556944 0.318750 0.552778 0.322656 0.554167 0.322656 0.550000 0.321094 0.548611 0.311719 0.550000 0.311719 0.551389 0.312500 0.556944 0.314063 0.558333 0.317969 0.556944 0.318750 0.558333 0.317188 0.558333 0.312500 0.559722 0.310937 0.559722 0.309375 0.556944 0.310156 0.551389 0.307812 0.552778 0.304688 0.552778 0.305469 0.555556 0.304688 0.554167 0.303906 0.558333 0.302344 0.559722 0.298438 0.561111 0.292187 0.561111 0.285156 0.558333 0.280469 0.558333 0.271094 0.558333 0.266406 0.558333 0.248438 0.559722 0.235937 0.558333 0.234375 0.555556 0.232813 0.554167 0.228906 0.555556 0.228906 0.556944 0.226562 0.558333 0.224219 0.558333 0.224219 0.556944 0.222656 0.554167 0.219531 0.552778 0.211719 0.554167 0.212500 0.555556 0.211719 0.562500 0.207813 0.562500 0.207031 0.559722 0.207031 0.556944 0.202344 0.555556 0.199219 0.556944 0.198437 0.561111 0.203906 0.563889 0.200000 0.563889 0.198437 0.566667 0.192969 0.563889 0.178906 0.563889 0.174219 0.568056 0.169531 0.562500 0.167187 0.563889 0.160938 0.568056 0.160156 0.569444 0.158594 0.570833 0.158594 0.568056 0.156250 0.569444 0.154688 0.572222 0.146094 0.572222 0.145313 0.573611 0.143750 0.575000 0.147656 0.576389 0.143750 0.576389 0.140625 0.579167 0.137500 0.579167 0.135937 0.580556 0.132812 0.586111 0.128125 0.587500 0.117969 0.586111 0.114844 0.587500 0.111719 0.590278 0.104688 0.590278 0.101562 0.588889 0.100000 0.587500 0.097656 0.583333 0.095312 0.581944 0.092188 0.576389 0.081250 0.575000 0.071094 0.575000 0.060937 0.573611 0.060156 0.572222 0.063281 0.565278 0.067187 0.565278 0.065625 0.562500 0.064062 0.562500 0.063281 0.565278 0.060156 0.572222 0.058594 0.572222 0.057813 0.569444 0.056250 0.568056 0.053125 0.569444 0.050781 0.570833 0.049219 0.573611 0.046875 0.575000 0.039844 0.576389 0.034375 0.580556 0.031250 0.581944 0.028906 0.580556 0.028125 0.577778 0.029687 0.576389 0.028125 0.575000 0.027344 0.573611 0.018750 0.570833 0.016406 0.569444 0.014063 0.565278 0.012500 0.565278 0.009375 0.559722 0.007812 0.558333 0.005469 0.556944 0.000000 0.556944 0.000000 0.541667 0.006250 0.541667 0.007812 0.538889 0.006250 0.536111 0.003906 0.534722 0.001563 0.530556 0.000000 0.530556 0.001563 0.529167 0.003906 0.526389 0.005469 0.526389 0.006250 0.520833 0.004687 0.518056 0.006250 0.513889 0.007031 0.509722 0.005469 0.502778 0.006250 0.476389 0.004687 0.475000 0.004687 0.470833 0.007031 0.463889 0.007031 0.459722 0.007812 0.458333 0.007812 0.455556 0.007031 0.445833 0.008594 0.440278 0.007812 0.434722 0.009375 0.430556 0.009375 0.427778 0.012500 0.425000 0.010937 0.420833 0.010937 0.405556 0.010937 0.400000 0.011719 0.379167 0.011719 0.391667
21 0.868750 0.237500 0.870313 0.240278 0.871094 0.243056 0.871875 0.247222 0.872656 0.238889 0.871094 0.234722 0.871094 0.231944 0.872656 0.230556 0.872656 0.234722 0.873437 0.236111 0.872656 0.252778 0.872656 0.255556 0.873437 0.266667 0.872656 0.272222 0.871875 0.276389 0.870313 0.280556 0.869531 0.286111 0.869531 0.295833 0.867969 0.301389 0.867969 0.368056 0.869531 0.373611 0.869531 0.384722 0.871094 0.390278 0.870313 0.395833 0.871094 0.408333 0.868750 0.415278 0.868750 0.419444 0.867188 0.423611 0.867188 0.429167 0.868750 0.431944 0.867188 0.436111 0.866406 0.440278 0.867969 0.455556 0.867969 0.523611 0.875000 0.536111 0.871875 0.543056 0.871875 0.547222 0.873437 0.550000 0.873437 0.551389 0.874219 0.552778 0.875000 0.552778 0.876563 0.554167 0.867969 0.552778 0.867969 0.548611 0.866406 0.547222 0.864844 0.547222 0.860938 0.543056 0.857812 0.543056 0.857812 0.529167 0.859375 0.526389 0.860156 0.523611 0.860156 0.518056 0.854688 0.508333 0.855469 0.501389 0.845313 0.500000 0.842969 0.505556 0.842969 0.508333 0.839844 0.518056 0.839063 0.520833 0.838281 0.522222 0.836719 0.523611 0.832031 0.519444 0.828125 0.519444 0.823438 0.518056 0.821875 0.516667 0.820312 0.513889 0.819531 0.511111 0.818750 0.502778 0.817187 0.498611 0.814844 0.494444 0.813281 0.493056 0.811719 0.491667 0.809375 0.490278 0.807031 0.488889 0.796875 0.490278 0.795312 0.490278 0.793750 0.487500 0.793750 0.476389 0.792969 0.463889 0.790625 0.451389 0.789844 0.448611 0.786719 0.450000 0.785937 0.491667 0.778906 0.491667 0.775000 0.490278 0.763281 0.491667 0.753125 0.493056 0.749219 0.494444 0.746875 0.495833 0.744531 0.497222 0.739844 0.501389 0.737500 0.504167 0.735156 0.508333 0.734375 0.508333 0.732812 0.512500 0.730469 0.512500 0.729688 0.486111 0.728906 0.477778 0.723437 0.444444 0.725781 0.440278 0.722656 0.437500 0.721094 0.438889 0.720313 0.440278 0.719531 0.443056 0.723437 0.444444 0.728906 0.477778 0.727344 0.511111 0.725000 0.512500 0.725000 0.522222 0.724219 0.525000 0.721875 0.527778 0.721875 0.525000 0.722656 0.523611 0.722656 0.516667 0.721094 0.512500 0.719531 0.509722 0.717969 0.509722 0.715625 0.505556 0.714844 0.501389 0.714063 0.500000 0.712500 0.497222 0.708594 0.494444 0.705469 0.494444 0.703125 0.491667 0.700781 0.490278 0.696094 0.490278 0.689063 0.493056 0.686719 0.494444 0.685156 0.497222 0.681250 0.498611 0.679688 0.500000 0.678125 0.501389 0.676562 0.504167 0.675000 0.509722 0.675000 0.519444 0.674219 0.523611 0.661719 0.526389 0.660156 0.516667 0.660937 0.512500 0.662500 0.509722 0.653125 0.508333 0.646094 0.511111 0.642969 0.512500 0.641406 0.513889 0.637500 0.518056 0.634375 0.523611 0.632812 0.527778 0.632031 0.530556 0.632812 0.533333 0.632812 0.536111 0.634375 0.540278 0.618750 0.540278 0.614844 0.537500 0.611719 0.537500 0.608594 0.527778 0.608594 0.525000 0.607031 0.520833 0.604688 0.516667 0.602344 0.513889 0.600781 0.512500 0.599219 0.511111 0.596875 0.509722 0.588281 0.509722 0.584375 0.511111 0.581250 0.512500 0.579688 0.513889 0.578125 0.515278 0.571094 0.522222 0.571875 0.527778 0.571094 0.533333 0.568750 0.531944 0.568750 0.530556 0.567187 0.527778 0.563281 0.523611 0.561719 0.523611 0.559375 0.519444 0.557813 0.518056 0.554688 0.518056 0.552344 0.520833 0.552344 0.518056 0.551562 0.509722 0.552344 0.508333 0.551562 0.504167 0.550000 0.501389 0.550000 0.445833 0.550781 0.440278 0.553125 0.436111 0.553125 0.430556 0.560156 0.430556 0.563281 0.447222 0.562500 0.450000 0.561719 0.454167 0.560937 0.458333 0.560937 0.468056 0.564063 0.473611 0.567969 0.472222 0.569531 0.469444 0.570312 0.466667 0.571094 0.461111 0.569531 0.452778 0.567969 0.447222 0.566406 0.445833 0.563281 0.447222 0.560156 0.430556 0.560937 0.423611 0.563281 0.420833 0.620313 0.422222 0.621875 0.419444 0.621875 0.406944 0.623437 0.411111 0.625781 0.413889 0.628125 0.415278 0.630469 0.415278 0.632812 0.413889 0.634375 0.411111 0.634375 0.408333 0.635156 0.406944 0.635938 0.404167 0.637500 0.411111 0.640625 0.412500 0.638281 0.413889 0.636719 0.419444 0.642188 0.419444 0.642969 0.415278 0.643750 0.412500 0.646094 0.412500 0.646094 0.416667 0.642969 0.419444 0.652344 0.422222 0.654687 0.422222 0.660156 0.422222 0.661719 0.422222 0.668750 0.441667 0.665625 0.447222 0.664844 0.447222 0.662500 0.451389 0.661719 0.454167 0.661719 0.462500 0.664844 0.468056 0.669531 0.468056 0.671875 0.465278 0.674219 0.461111 0.675000 0.456944 0.675000 0.452778 0.674219 0.448611 0.672656 0.447222 0.670312 0.441667 0.668750 0.441667 0.661719 0.422222 0.663281 0.419444 0.661719 0.415278 0.658594 0.418056 0.656250 0.415278 0.656250 0.412500 0.671094 0.409722 0.677344 0.409722 0.679688 0.411111 0.681250 0.413889 0.682031 0.416667 0.682813 0.420833 0.684375 0.422222 0.688281 0.422222 0.695312 0.420833 0.694531 0.415278 0.692187 0.413889 0.689063 0.413889 0.695312 0.412500 0.696094 0.415278 0.698438 0.416667 0.700781 0.416667 0.702344 0.409722 0.702344 0.404167 0.703125 0.401389 0.705469 0.404167 0.711719 0.404167 0.715625 0.402778 0.717969 0.400000 0.721094 0.400000 0.724219 0.397222 0.725781 0.395833 0.726562 0.394444 0.728125 0.391667 0.729688 0.388889 0.730469 0.386111 0.730469 0.381944 0.733594 0.383333 0.736719 0.377778 0.739062 0.376389 0.742969 0.373611 0.745313 0.372222 0.750000 0.370833 0.753125 0.370833 0.754687 0.370833 0.756250 0.369444 0.757812 0.366667 0.757812 0.361111 0.760156 0.359722 0.761719 0.365278 0.764062 0.363889 0.772656 0.355556 0.775000 0.351389 0.778125 0.350000 0.779687 0.347222 0.778906 0.344444 0.782031 0.344444 0.782813 0.347222 0.785937 0.347222 0.788281 0.351389 0.788281 0.358333 0.787500 0.365278 0.785937 0.370833 0.785937 0.373611 0.785156 0.411111 0.785156 0.413889 0.785937 0.418056 0.787500 0.420833 0.789062 0.419444 0.786719 0.433333 0.786719 0.437500 0.787500 0.440278 0.788281 0.443056 0.789844 0.445833 0.793750 0.440278 0.794531 0.425000 0.794531 0.422222 0.794531 0.413889 0.793750 0.408333 0.792188 0.404167 0.792969 0.387500 0.792188 0.379167 0.792188 0.373611 0.793750 0.365278 0.792188 0.356944 0.791406 0.352778 0.789844 0.350000 0.789844 0.347222 0.790625 0.345833 0.790625 0.343056 0.787500 0.337500 0.786719 0.340278 0.785156 0.338889 0.783594 0.337500 0.787500 0.333333 0.788281 0.336111 0.790625 0.331944 0.797656 0.326389 0.799219 0.325000 0.801562 0.322222 0.803906 0.319444 0.807031 0.315278 0.807813 0.311111 0.810156 0.305556 0.813281 0.300000 0.814063 0.295833 0.816406 0.291667 0.816406 0.301389 0.816406 0.301389 0.811719 0.309722 0.817187 0.304167 0.816406 0.301389 0.816406 0.301389 0.817969 0.298611 0.817969 0.288889 0.819531 0.286111 0.821094 0.284722 0.822656 0.284722 0.824219 0.281944 0.825781 0.283333 0.827344 0.287500 0.825781 0.290278 0.828125 0.290278 0.829688 0.288889 0.827344 0.287500 0.825781 0.283333 0.828125 0.281944 0.832031 0.279167 0.833594 0.277778 0.837500 0.272222 0.838281 0.273611 0.839063 0.276389 0.840625 0.273611 0.841406 0.273611 0.843750 0.269444 0.839844 0.270833 0.838281 0.273611 0.837500 0.272222 0.837500 0.268056 0.841406 0.268056 0.843750 0.263889 0.843750 0.265278 0.845313 0.268056 0.846875 0.265278 0.843750 0.265278 0.843750 0.263889 0.844531 0.263889 0.846094 0.263889 0.850000 0.259722 0.850781 0.256944 0.853125 0.254167 0.853906 0.250000 0.857031 0.248611 0.858594 0.247222 0.864062 0.237500 0.867969 0.233333 0.868750 0.230556 0.868750 0.237500
21 0.010937 0.083333 0.010156 0.088889 0.009375 0.097222 0.008594 0.087500 0.003906 0.088889 0.003125 0.087500 0.000000 0.087500 0.000000 0.126389 0.003125 0.120833 0.008594 0.120833 0.009375 0.108333 0.009375 0.098611 0.010937 0.105556 0.010937 0.111111 0.010156 0.120833 0.013281 0.125000 0.013281 0.116667 0.014063 0.115278 0.014063 0.081944 0.010937 0.083333
21 0.003125 0.029167 0.003906 0.030556 0.005469 0.030556 0.006250 0.033333 0.006250 0.034722 0.005469 0.033333 0.003125 0.034722 0.004687 0.036111 0.005469 0.037500 0.007812 0.036111 0.006250 0.034722 0.006250 0.033333 0.007812 0.033333 0.009375 0.034722 0.010937 0.037500 0.010937 0.038889 0.012500 0.041667 0.014063 0.043056 0.010156 0.041667 0.008594 0.043056 0.003906 0.045833 0.000000 0.045833 0.000000 0.034722 0.003906 0.033333 0.000000 0.031944 0.000000 0.029167 0.003125 0.029167
21 0.999219 0.000000 0.999219 0.547222 0.997656 0.545833 0.997656 0.544444 0.996094 0.541667 0.996094 0.538889 0.993750 0.534722 0.991406 0.531944 0.989844 0.531944 0.989062 0.529167 0.985938 0.527778 0.978906 0.527778 0.980469 0.526389 0.984375 0.526389 0.982812 0.525000 0.982031 0.523611 0.975000 0.522222 0.972656 0.520833 0.968750 0.516667 0.967187 0.513889 0.965625 0.509722 0.989844 0.406944 0.995313 0.409722 0.997656 0.408333 0.999219 0.405556 0.995313 0.402778 0.992969 0.404167 0.991406 0.405556 0.989844 0.406944 0.965625 0.509722 0.961719 0.509722 0.957812 0.506944 0.953906 0.505556 0.949219 0.505556 0.946094 0.506944 0.943750 0.509722 0.941406 0.511111 0.936719 0.512500 0.934375 0.512500 0.933594 0.511111 0.931250 0.511111 0.929688 0.511111 0.925781 0.512500 0.921875 0.519444 0.921094 0.522222 0.923438 0.526389 0.925000 0.527778 0.931250 0.527778 0.937500 0.529167 0.939844 0.530556 0.940625 0.534722 0.939844 0.547222 0.940625 0.551389 0.941406 0.554167 0.943750 0.558333 0.940625 0.558333 0.939844 0.559722 0.917188 0.559722 0.909375 0.556944 0.889844 0.556944 0.892188 0.556944 0.895312 0.551389 0.893750 0.548611 0.893750 0.534722 0.895312 0.531944 0.896094 0.527778 0.896094 0.501389 0.895312 0.458333 0.893750 0.444444 0.893750 0.423611 0.892969 0.415278 0.891406 0.409722 0.889844 0.397222 0.889062 0.387500 0.889844 0.359722 0.888281 0.350000 0.889062 0.329167 0.889062 0.326389 0.888281 0.273611 0.886719 0.262500 0.887500 0.247222 0.889062 0.244444 0.889062 0.236111 0.887500 0.238889 0.888281 0.241667 0.889062 0.244444 0.887500 0.247222 0.885938 0.236111 0.886719 0.225000 0.885156 0.219444 0.885156 0.209722 0.885938 0.208333 0.885938 0.204167 0.889844 0.195833 0.890625 0.194444 0.892188 0.191667 0.896094 0.187500 0.897656 0.184722 0.897656 0.183333 0.899219 0.180556 0.908594 0.165278 0.914062 0.152778 0.914844 0.151389 0.916406 0.150000 0.924219 0.133333 0.933594 0.116667 0.938281 0.106944 0.940625 0.101389 0.941406 0.098611 0.942187 0.095833 0.942187 0.084722 0.935156 0.070833 0.923438 0.051389 0.920312 0.044444 0.919531 0.043056 0.918750 0.041667 0.917188 0.038889 0.913281 0.033333 0.910156 0.029167 0.907813 0.026389 0.905469 0.025000 0.893750 0.025000 0.889062 0.033333 0.889062 0.037500 0.887500 0.041667 0.887500 0.052778 0.888281 0.038889 0.888281 0.034722 0.886719 0.025000 0.887500 0.009722 0.886719 0.002778 0.886719 0.000000 0.999219 0.000000
19 0.551562 0.625000 0.554688 0.625000 0.553125 0.623611 0.551562 0.625000
19 0.398438 0.558333 0.398438 0.561111 0.401562 0.558333 0.403906 0.559722 0.398438 0.558333
19 0.662500 0.537500 0.660156 0.540278 0.656250 0.541667 0.650000 0.543056 0.646094 0.543056 0.636719 0.540278 0.635156 0.540278 0.634375 0.541667 0.632031 0.541667 0.643750 0.543056 0.650000 0.543056 0.663281 0.541667 0.667969 0.544444 0.674219 0.543056 0.674219 0.540278 0.672656 0.537500 0.668750 0.537500 0.667969 0.538889 0.664062 0.537500 0.662500 0.537500
19 0.975781 0.527778 0.985938 0.529167 0.986719 0.530556 0.989062 0.530556 0.989844 0.533333 0.991406 0.533333 0.993750 0.536111 0.995313 0.538889 0.995313 0.541667 0.996875 0.545833 0.999219 0.548611 0.999219 0.998611 0.298438 0.998611 0.298438 0.995833 0.300781 0.990278 0.304688 0.983333 0.306250 0.979167 0.307812 0.975000 0.308594 0.972222 0.308594 0.968056 0.310937 0.961111 0.314063 0.950000 0.317188 0.940278 0.320312 0.933333 0.320312 0.931944 0.321094 0.930556 0.324219 0.926389 0.326562 0.919444 0.327344 0.915278 0.328125 0.911111 0.328906 0.901389 0.328906 0.893056 0.328125 0.887500 0.327344 0.883333 0.326562 0.880556 0.324219 0.875000 0.321875 0.870833 0.319531 0.868056 0.313281 0.862500 0.309375 0.861111 0.302344 0.854167 0.300000 0.852778 0.294531 0.851389 0.292187 0.850000 0.290625 0.847222 0.286719 0.844444 0.281250 0.843056 0.275781 0.843056 0.273438 0.840278 0.271094 0.838889 0.260156 0.838889 0.246875 0.834722 0.239063 0.833333 0.224219 0.833333 0.214062 0.831944 0.210938 0.830556 0.209375 0.829167 0.207031 0.825000 0.206250 0.822222 0.204687 0.815278 0.203906 0.808333 0.203906 0.797222 0.203125 0.790278 0.202344 0.786111 0.200781 0.783333 0.200000 0.776389 0.199219 0.761111 0.199219 0.738889 0.197656 0.725000 0.199219 0.719444 0.199219 0.712500 0.198437 0.711111 0.198437 0.702778 0.196875 0.695833 0.196094 0.695833 0.194531 0.693056 0.193750 0.690278 0.192188 0.680556 0.191406 0.677778 0.190625 0.675000 0.188281 0.670833 0.186719 0.670833 0.185156 0.669444 0.185938 0.661111 0.184375 0.658333 0.180469 0.652778 0.178906 0.650000 0.178906 0.648611 0.177344 0.645833 0.176563 0.645833 0.175000 0.643056 0.175000 0.641667 0.173437 0.638889 0.171094 0.637500 0.170313 0.636111 0.169531 0.633333 0.166406 0.629167 0.162500 0.626389 0.158594 0.620833 0.157031 0.619444 0.155469 0.618056 0.153906 0.618056 0.152344 0.616667 0.150781 0.615278 0.145313 0.608333 0.143750 0.606944 0.140625 0.605556 0.136719 0.604167 0.132812 0.602778 0.127344 0.601389 0.118750 0.600000 0.113281 0.601389 0.105469 0.598611 0.101562 0.598611 0.092969 0.600000 0.089844 0.598611 0.089063 0.597222 0.087500 0.597222 0.085156 0.600000 0.078125 0.600000 0.075000 0.595833 0.071094 0.595833 0.068750 0.600000 0.064062 0.600000 0.061719 0.595833 0.061719 0.593056 0.057031 0.591667 0.055469 0.593056 0.054688 0.594444 0.053906 0.598611 0.050000 0.600000 0.047656 0.595833 0.047656 0.593056 0.044531 0.590278 0.036719 0.593056 0.035937 0.593056 0.025781 0.593056 0.027344 0.594444 0.028125 0.595833 0.032813 0.595833 0.035937 0.593056 0.036719 0.593056 0.038281 0.597222 0.038281 0.600000 0.036719 0.601389 0.032031 0.600000 0.025781 0.600000 0.023438 0.601389 0.021875 0.604167 0.011719 0.604167 0.010156 0.606944 0.000000 0.606944 0.000000 0.601389 0.010156 0.600000 0.011719 0.598611 0.014063 0.597222 0.016406 0.593056 0.014844 0.591667 0.014063 0.590278 0.009375 0.591667 0.006250 0.590278 0.002344 0.591667 0.001563 0.595833 0.000000 0.595833 0.000000 0.569444 0.010937 0.568056 0.014844 0.568056 0.016406 0.570833 0.018750 0.572222 0.024219 0.573611 0.025000 0.575000 0.027344 0.575000 0.027344 0.577778 0.028125 0.580556 0.031250 0.583333 0.034375 0.581944 0.039844 0.577778 0.046875 0.576389 0.049219 0.575000 0.050781 0.572222 0.053125 0.570833 0.056250 0.569444 0.057813 0.570833 0.058594 0.573611 0.060937 0.575000 0.071094 0.576389 0.081250 0.576389 0.092188 0.577778 0.095312 0.583333 0.097656 0.584722 0.100000 0.588889 0.101562 0.590278 0.104688 0.591667 0.111719 0.591667 0.114844 0.588889 0.117969 0.587500 0.128125 0.588889 0.132812 0.587500 0.135937 0.581944 0.137500 0.580556 0.140625 0.580556 0.143750 0.577778 0.148438 0.576389 0.144531 0.575000 0.146094 0.573611 0.154688 0.573611 0.156250 0.570833 0.157812 0.569444 0.162500 0.569444 0.167187 0.565278 0.169531 0.563889 0.173437 0.569444 0.178906 0.565278 0.192969 0.565278 0.196875 0.566667 0.200000 0.569444 0.206250 0.569444 0.207031 0.565278 0.211719 0.563889 0.211719 0.568056 0.213281 0.570833 0.217188 0.572222 0.218750 0.575000 0.219531 0.576389 0.217188 0.577778 0.217969 0.580556 0.221094 0.581944 0.221094 0.577778 0.219531 0.576389 0.218750 0.575000 0.220312 0.575000 0.222656 0.577778 0.225000 0.581944 0.226562 0.583333 0.231250 0.583333 0.233594 0.581944 0.232813 0.572222 0.230469 0.570833 0.228906 0.568056 0.226562 0.566667 0.225781 0.565278 0.225781 0.563889 0.225000 0.561111 0.226562 0.559722 0.228125 0.559722 0.229687 0.555556 0.232813 0.555556 0.234375 0.556944 0.235937 0.559722 0.248438 0.561111 0.266406 0.559722 0.271094 0.559722 0.280469 0.559722 0.285156 0.559722 0.292187 0.562500 0.298438 0.562500 0.302344 0.561111 0.303906 0.559722 0.304688 0.555556 0.305469 0.552778 0.307031 0.551389 0.307812 0.554167 0.308594 0.550000 0.308594 0.552778 0.308594 0.556944 0.310937 0.561111 0.312500 0.561111 0.316406 0.561111 0.318750 0.559722 0.320312 0.556944 0.318750 0.559722 0.322656 0.561111 0.327344 0.563889 0.327344 0.565278 0.330469 0.568056 0.339844 0.568056 0.341406 0.565278 0.341406 0.566667 0.349219 0.568056 0.353125 0.565278 0.346875 0.563889 0.341406 0.566667 0.341406 0.565278 0.339844 0.562500 0.338281 0.563889 0.330469 0.563889 0.329688 0.561111 0.332031 0.559722 0.333594 0.559722 0.335938 0.562500 0.340625 0.561111 0.343750 0.559722 0.346875 0.559722 0.348438 0.562500 0.350000 0.563889 0.352344 0.563889 0.362500 0.561111 0.363281 0.559722 0.364844 0.555556 0.367188 0.552778 0.368750 0.551389 0.373437 0.555556 0.377344 0.556944 0.377344 0.556944 0.379688 0.561111 0.381250 0.558333 0.379688 0.555556 0.378125 0.556944 0.377344 0.556944 0.377344 0.556944 0.378906 0.554167 0.379688 0.552778 0.385156 0.551389 0.388281 0.552778 0.392188 0.551389 0.395313 0.548611 0.395313 0.554167 0.393750 0.551389 0.392188 0.554167 0.389062 0.555556 0.388281 0.558333 0.386719 0.558333 0.383594 0.556944 0.382031 0.559722 0.384375 0.561111 0.385156 0.559722 0.386719 0.558333 0.388281 0.558333 0.389844 0.559722 0.391406 0.563889 0.396875 0.565278 0.400000 0.563889 0.400781 0.565278 0.403906 0.563889 0.408594 0.573611 0.414844 0.572222 0.418750 0.573611 0.420312 0.570833 0.420312 0.573611 0.416406 0.586111 0.416406 0.588889 0.416406 0.600000 0.416406 0.602778 0.417187 0.612500 0.417969 0.616667 0.418750 0.619444 0.421094 0.623611 0.423438 0.625000 0.427344 0.625000 0.429688 0.623611 0.434375 0.619444 0.436719 0.620833 0.439063 0.625000 0.441406 0.625000 0.442969 0.629167 0.444531 0.629167 0.447656 0.627778 0.448437 0.629167 0.451562 0.629167 0.452344 0.627778 0.455469 0.627778 0.458594 0.629167 0.461719 0.634722 0.462500 0.637500 0.462500 0.640278 0.464062 0.643056 0.466406 0.645833 0.471094 0.645833 0.472656 0.644444 0.474219 0.643056 0.475000 0.623611 0.476562 0.608333 0.476562 0.600000 0.475781 0.590278 0.476562 0.593056 0.477344 0.595833 0.478125 0.597222 0.482031 0.601389 0.485156 0.593056 0.486719 0.593056 0.492969 0.598611 0.496094 0.601389 0.501563 0.600000 0.504687 0.604167 0.508594 0.605556 0.510938 0.606944 0.510938 0.615278 0.512500 0.616667 0.517969 0.618056 0.521094 0.619444 0.525000 0.623611 0.528125 0.623611 0.527344 0.626389 0.529687 0.627778 0.531250 0.625000 0.529687 0.623611 0.532813 0.623611 0.535937 0.625000 0.538281 0.629167 0.541406 0.630556 0.543750 0.631944 0.545312 0.631944 0.548438 0.627778 0.550781 0.630556 0.552344 0.627778 0.557813 0.627778 0.559375 0.630556 0.563281 0.629167 0.564063 0.629167 0.562500 0.631944 0.564063 0.636111 0.565625 0.634722 0.564063 0.629167 0.563281 0.629167 0.564063 0.625000 0.564844 0.629167 0.567969 0.630556 0.569531 0.627778 0.571094 0.627778 0.574219 0.622222 0.575000 0.619444 0.572656 0.618056 0.570312 0.622222 0.571094 0.627778 0.569531 0.627778 0.568750 0.625000 0.565625 0.623611 0.565625 0.619444 0.567969 0.618056 0.569531 0.615278 0.572656 0.608333 0.572656 0.602778 0.574219 0.600000 0.574219 0.594444 0.572656 0.591667 0.570312 0.590278 0.572656 0.591667 0.575000 0.588889 0.576562 0.588889 0.578906 0.584722 0.577344 0.587500 0.580469 0.594444 0.580469 0.601389 0.579688 0.602778 0.579688 0.611111 0.578125 0.613889 0.580469 0.625000 0.580469 0.631944 0.579688 0.656944 0.582031 0.665278 0.583594 0.668056 0.591406 0.668056 0.594531 0.663889 0.596875 0.659722 0.598437 0.655556 0.598437 0.648611 0.600000 0.644444 0.599219 0.608333 0.599219 0.605556 0.599219 0.588889 0.602344 0.586111 0.603906 0.586111 0.610938 0.586111 0.614062 0.588889 0.618750 0.590278 0.619531 0.591667 0.615625 0.598611 0.614844 0.601389 0.614844 0.622222 0.613281 0.626389 0.613281 0.636111 0.613281 0.651389 0.613281 0.662500 0.614062 0.669444 0.614844 0.673611 0.615625 0.676389 0.617188 0.679167 0.618750 0.680556 0.630469 0.680556 0.632031 0.679167 0.633594 0.676389 0.634375 0.676389 0.635156 0.675000 0.635938 0.672222 0.637500 0.666667 0.636719 0.651389 0.637500 0.638889 0.637500 0.634722 0.635156 0.627778 0.635156 0.620833 0.635938 0.601389 0.635156 0.597222 0.632031 0.591667 0.619531 0.591667 0.618750 0.590278 0.628906 0.591667 0.630469 0.591667 0.636719 0.588889 0.653125 0.590278 0.659375 0.591667 0.664844 0.593056 0.667188 0.595833 0.670312 0.595833 0.668750 0.597222 0.667188 0.598611 0.669531 0.602778 0.673438 0.600000 0.682813 0.602778 0.681250 0.718056 0.681250 0.716667 0.683594 0.716667 0.685156 0.716667 0.685937 0.715278 0.687500 0.713889 0.682813 0.712500 0.681250 0.709722 0.678906 0.709722 0.678125 0.709722 0.678125 0.708333 0.676562 0.704167 0.674219 0.708333 0.678125 0.709722 0.678906 0.709722 0.678125 0.712500 0.679688 0.715278 0.681250 0.716667 0.681250 0.718056 0.680469 0.725000 0.683594 0.723611 0.682031 0.720833 0.681250 0.718056 0.682813 0.602778 0.686719 0.602778 0.687500 0.609722 0.686719 0.611111 0.684375 0.611111 0.681250 0.616667 0.681250 0.619444 0.682813 0.622222 0.685937 0.620833 0.688281 0.616667 0.689063 0.615278 0.689063 0.613889 0.687500 0.609722 0.686719 0.602778 0.692969 0.602778 0.690625 0.640278 0.689063 0.640278 0.687500 0.637500 0.685937 0.643056 0.676562 0.633333 0.675000 0.630556 0.674219 0.633333 0.676562 0.633333 0.685937 0.643056 0.687500 0.645833 0.689063 0.640278 0.690625 0.640278 0.689844 0.643056 0.692187 0.643056 0.690625 0.640278 0.692969 0.602778 0.694531 0.600000 0.700000 0.600000 0.703125 0.598611 0.705469 0.597222 0.709375 0.591667 0.710938 0.591667 0.712500 0.588889 0.715625 0.588889 0.716406 0.570833 0.713281 0.570833 0.712500 0.568056 0.713281 0.566667 0.711719 0.563889 0.713281 0.559722 0.712500 0.552778 0.709375 0.547222 0.700000 0.547222 0.699219 0.545833 0.693750 0.545833 0.703906 0.547222 0.710938 0.545833 0.712500 0.544444 0.714844 0.541667 0.716406 0.538889 0.715625 0.543056 0.713281 0.544444 0.718750 0.547222 0.733594 0.548611 0.763281 0.548611 0.773438 0.551389 0.812500 0.552778 0.819531 0.552778 0.831250 0.629167 0.828125 0.630556 0.826562 0.633333 0.826562 0.640278 0.825781 0.641667 0.825781 0.647222 0.826562 0.652778 0.820312 0.658333 0.819531 0.654167 0.818750 0.650000 0.816406 0.645833 0.814063 0.644444 0.812500 0.641667 0.812500 0.640278 0.810156 0.636111 0.808594 0.634722 0.804688 0.633333 0.802344 0.631944 0.799219 0.626389 0.792969 0.625000 0.786719 0.623611 0.778906 0.625000 0.774219 0.629167 0.770312 0.636111 0.769531 0.638889 0.769531 0.641667 0.767188 0.648611 0.768750 0.655556 0.768750 0.677778 0.767188 0.686111 0.767188 0.697222 0.768750 0.702778 0.769531 0.725000 0.767969 0.736111 0.767969 0.741667 0.769531 0.754167 0.768750 0.768056 0.768750 0.773611 0.771094 0.777778 0.773438 0.779167 0.775781 0.780556 0.778906 0.781944 0.783594 0.781944 0.785156 0.783333 0.789844 0.790278 0.792969 0.791667 0.798438 0.790278 0.801562 0.793056 0.807031 0.793056 0.810156 0.791667 0.811719 0.790278 0.813281 0.787500 0.813281 0.780556 0.814063 0.777778 0.817187 0.773611 0.817187 0.768056 0.818750 0.763889 0.819531 0.759722 0.818750 0.725000 0.821094 0.712500 0.821094 0.700000 0.819531 0.694444 0.817187 0.690278 0.817187 0.683333 0.818750 0.680556 0.818750 0.669444 0.820312 0.665278 0.820312 0.658333 0.826562 0.652778 0.829688 0.658333 0.832031 0.658333 0.833594 0.656944 0.835938 0.652778 0.838281 0.650000 0.840625 0.648611 0.847656 0.647222 0.850000 0.648611 0.855469 0.647222 0.857812 0.643056 0.857031 0.640278 0.854688 0.636111 0.852344 0.634722 0.846875 0.631944 0.841406 0.630556 0.833594 0.629167 0.831250 0.629167 0.819531 0.552778 0.822656 0.551389 0.825781 0.548611 0.828906 0.547222 0.833594 0.547222 0.834375 0.543056 0.837500 0.540278 0.839063 0.540278 0.841406 0.543056 0.846094 0.544444 0.856250 0.543056 0.860938 0.544444 0.866406 0.548611 0.867969 0.550000 0.867188 0.552778 0.868750 0.555556 0.875781 0.555556 0.878125 0.558333 0.877344 0.559722 0.878906 0.563889 0.880469 0.583333 0.878906 0.586111 0.878906 0.588889 0.877344 0.593056 0.879687 0.600000 0.879687 0.602778 0.889062 0.604167 0.890625 0.594444 0.889844 0.587500 0.889062 0.583333 0.886719 0.581944 0.885938 0.581944 0.885938 0.577778 0.885938 0.576389 0.883594 0.576389 0.882812 0.579167 0.884375 0.583333 0.885938 0.581944 0.886719 0.581944 0.885938 0.586111 0.884375 0.587500 0.882812 0.586111 0.882031 0.583333 0.880469 0.583333 0.878906 0.563889 0.879687 0.561111 0.879687 0.558333 0.887500 0.561111 0.886719 0.559722 0.882031 0.559722 0.882812 0.562500 0.884375 0.565278 0.886719 0.559722 0.887500 0.561111 0.890625 0.558333 0.909375 0.558333 0.917188 0.561111 0.925000 0.579167 0.924219 0.581944 0.927344 0.583333 0.928125 0.581944 0.929688 0.580556 0.925000 0.579167 0.917188 0.561111 0.940625 0.559722 0.949219 0.559722 0.961719 0.561111 0.964063 0.558333 0.963281 0.556944 0.965625 0.554167 0.965625 0.551389 0.967969 0.544444 0.968750 0.540278 0.968750 0.537500 0.967969 0.536111 0.967969 0.531944 0.971094 0.529167 0.975781 0.527778
19 0.662500 0.527778 0.671094 0.529167 0.673438 0.529167 0.673438 0.526389 0.662500 0.527778
19 0.554688 0.519444 0.553125 0.520833 0.550781 0.523611 0.553125 0.527778 0.553906 0.531944 0.551562 0.534722 0.552344 0.538889 0.557031 0.540278 0.560937 0.538889 0.568750 0.533333 0.567969 0.530556 0.567187 0.529167 0.563281 0.525000 0.561719 0.525000 0.559375 0.520833 0.557813 0.519444 0.554688 0.519444
