21 0.993750 0.659722 0.989062 0.661111 0.986719 0.663889 0.985156 0.663889 0.984375 0.665278 0.982812 0.666667 0.985156 0.666667 0.989844 0.670833 0.992969 0.676389 0.995313 0.677778 0.995313 0.679167 0.996094 0.680556 0.997656 0.681944 0.999219 0.681944 0.999219 0.679167 0.996875 0.677778 0.996875 0.675000 0.998437 0.672222 0.998437 0.659722 0.993750 0.659722
21 0.942969 0.648611 0.943750 0.652778 0.946875 0.654167 0.948438 0.655556 0.950000 0.658333 0.946875 0.659722 0.951562 0.661111 0.953125 0.666667 0.954688 0.676389 0.955469 0.681944 0.956250 0.687500 0.953125 0.688889 0.951562 0.691667 0.949219 0.691667 0.948438 0.690278 0.945312 0.690278 0.942187 0.687500 0.944531 0.677778 0.942969 0.670833 0.941406 0.672222 0.939844 0.675000 0.944531 0.677778 0.942187 0.687500 0.935937 0.687500 0.934375 0.684722 0.931250 0.683333 0.931250 0.681944 0.931250 0.677778 0.931250 0.675000 0.933594 0.670833 0.934375 0.668056 0.935156 0.668056 0.932031 0.673611 0.932031 0.679167 0.933594 0.681944 0.936719 0.680556 0.935937 0.679167 0.938281 0.675000 0.938281 0.672222 0.936719 0.669444 0.935156 0.668056 0.934375 0.668056 0.935156 0.665278 0.934375 0.662500 0.928125 0.663889 0.927344 0.661111 0.923438 0.658333 0.921875 0.661111 0.921094 0.661111 0.919531 0.662500 0.921094 0.654167 0.921875 0.651389 0.923438 0.650000 0.937500 0.651389 0.940625 0.650000 0.941406 0.648611 0.942969 0.648611
21 0.603125 0.516667 0.606250 0.518056 0.607812 0.519444 0.610156 0.523611 0.607812 0.526389 0.611719 0.527778 0.613281 0.530556 0.616406 0.530556 0.615625 0.522222 0.614844 0.519444 0.611719 0.516667 0.603125 0.516667
21 0.578906 0.505556 0.578906 0.509722 0.581250 0.511111 0.582812 0.509722 0.585938 0.513889 0.588281 0.513889 0.593750 0.519444 0.596094 0.519444 0.594531 0.518056 0.592969 0.516667 0.597656 0.515278 0.593750 0.512500 0.591406 0.512500 0.589844 0.511111 0.588281 0.508333 0.586719 0.506944 0.584375 0.506944 0.584375 0.504167 0.582812 0.505556 0.581250 0.505556 0.578906 0.505556
21 0.624219 0.454167 0.628906 0.455556 0.631250 0.454167 0.630469 0.451389 0.624219 0.454167
21 0.590625 0.429167 0.589063 0.433333 0.585156 0.434722 0.583594 0.434722 0.582031 0.431944 0.580469 0.431944 0.578906 0.434722 0.578906 0.436111 0.578125 0.438889 0.576562 0.441667 0.574219 0.441667 0.575781 0.443056 0.574219 0.444444 0.575000 0.447222 0.575000 0.448611 0.575781 0.450000 0.576562 0.450000 0.578125 0.452778 0.579688 0.454167 0.583594 0.454167 0.587500 0.454167 0.589063 0.452778 0.589844 0.448611 0.590625 0.445833 0.589063 0.445833 0.586719 0.448611 0.585156 0.448611 0.580469 0.445833 0.580469 0.441667 0.581250 0.438889 0.582031 0.437500 0.583594 0.436111 0.587500 0.436111 0.589063 0.438889 0.589063 0.433333 0.590625 0.429167
21 0.599219 0.370833 0.600781 0.370833 0.601562 0.377778 0.604688 0.379167 0.601562 0.380556 0.600781 0.380556 0.599219 0.376389 0.596875 0.380556 0.597656 0.384722 0.599219 0.387500 0.600781 0.380556 0.601562 0.380556 0.600781 0.383333 0.600000 0.397222 0.600000 0.409722 0.600781 0.413889 0.603125 0.411111 0.604688 0.423611 0.605469 0.412500 0.607031 0.413889 0.607031 0.422222 0.603906 0.425000 0.606250 0.426389 0.608594 0.422222 0.610156 0.422222 0.611719 0.419444 0.614062 0.418056 0.615625 0.419444 0.616406 0.416667 0.621094 0.412500 0.622656 0.413889 0.624219 0.412500 0.627344 0.408333 0.628906 0.406944 0.630469 0.406944 0.632812 0.406944 0.632031 0.413889 0.631250 0.416667 0.634375 0.418056 0.632031 0.413889 0.632812 0.406944 0.635156 0.408333 0.636719 0.409722 0.639062 0.408333 0.641406 0.404167 0.642969 0.404167 0.644531 0.402778 0.645312 0.401389 0.646094 0.400000 0.646875 0.398611 0.647656 0.395833 0.647656 0.402778 0.656250 0.402778 0.655469 0.405556 0.660156 0.406944 0.657813 0.412500 0.654687 0.412500 0.653906 0.413889 0.650000 0.413889 0.646875 0.419444 0.646875 0.426389 0.645312 0.429167 0.642188 0.429167 0.640625 0.431944 0.639844 0.434722 0.639844 0.438889 0.638281 0.441667 0.635156 0.443056 0.629687 0.444444 0.628906 0.437500 0.628125 0.436111 0.631250 0.437500 0.631250 0.433333 0.628125 0.436111 0.628906 0.437500 0.626563 0.436111 0.625781 0.438889 0.628906 0.437500 0.629687 0.444444 0.624219 0.445833 0.618750 0.444444 0.617969 0.444444 0.620313 0.441667 0.614844 0.440278 0.614844 0.444444 0.617969 0.444444 0.618750 0.444444 0.614844 0.445833 0.614062 0.454167 0.612500 0.455556 0.612500 0.452778 0.610938 0.454167 0.608594 0.455556 0.603906 0.456944 0.600000 0.451389 0.599219 0.448611 0.603125 0.448611 0.603906 0.430556 0.601562 0.429167 0.600781 0.430556 0.598437 0.430556 0.600781 0.429167 0.602344 0.426389 0.601562 0.418056 0.600781 0.413889 0.600000 0.409722 0.598437 0.406944 0.595313 0.405556 0.592969 0.406944 0.593750 0.398611 0.592969 0.394444 0.593750 0.381944 0.594531 0.380556 0.594531 0.369444 0.595313 0.372222 0.596875 0.369444 0.598437 0.369444 0.599219 0.366667 0.599219 0.370833
19 0.896094 0.681944 0.898438 0.681944 0.896875 0.681944 0.896094 0.679167 0.896094 0.681944
19 0.905469 0.677778 0.903906 0.680556 0.901563 0.680556 0.900000 0.683333 0.907031 0.686111 0.910937 0.686111 0.911719 0.684722 0.916406 0.684722 0.921875 0.687500 0.920312 0.688889 0.921875 0.690278 0.925000 0.690278 0.928125 0.697222 0.928125 0.694444 0.926562 0.693056 0.929688 0.688889 0.926562 0.688889 0.922656 0.687500 0.919531 0.684722 0.917969 0.681944 0.917969 0.680556 0.916406 0.677778 0.914844 0.677778 0.911719 0.680556 0.909375 0.680556 0.905469 0.677778
19 0.872656 0.663889 0.876563 0.665278 0.875000 0.663889 0.872656 0.663889
19 0.885156 0.662500 0.884375 0.666667 0.882031 0.668056 0.881250 0.673611 0.882812 0.675000 0.886719 0.676389 0.888281 0.668056 0.885938 0.665278 0.885156 0.662500
19 0.953125 0.643056 0.961719 0.644444 0.969531 0.645833 0.976562 0.650000 0.984375 0.655556 0.987500 0.658333 0.989062 0.659722 0.987500 0.661111 0.986719 0.662500 0.985156 0.662500 0.983594 0.663889 0.982031 0.666667 0.980469 0.666667 0.975000 0.668056 0.975781 0.666667 0.974219 0.663889 0.972656 0.662500 0.968750 0.663889 0.970313 0.666667 0.972656 0.666667 0.973437 0.668056 0.975781 0.666667 0.975000 0.668056 0.979688 0.670833 0.981250 0.672222 0.982812 0.676389 0.979688 0.680556 0.981250 0.681944 0.982031 0.683333 0.983594 0.683333 0.985156 0.686111 0.982812 0.687500 0.981250 0.688889 0.982031 0.694444 0.985938 0.694444 0.989844 0.693056 0.991406 0.690278 0.989844 0.688889 0.989062 0.687500 0.986719 0.686111 0.985156 0.686111 0.983594 0.683333 0.986719 0.679167 0.989062 0.675000 0.987500 0.670833 0.989062 0.672222 0.989844 0.672222 0.992969 0.677778 0.994531 0.677778 0.996094 0.681944 0.999219 0.683333 0.999219 0.709722 0.994531 0.709722 0.993750 0.708333 0.989844 0.708333 0.986719 0.701389 0.985156 0.700000 0.982031 0.698611 0.975781 0.698611 0.974219 0.700000 0.972656 0.702778 0.973437 0.706944 0.965625 0.706944 0.967187 0.706944 0.967969 0.700000 0.965625 0.697222 0.966406 0.691667 0.968750 0.695833 0.970313 0.697222 0.975000 0.695833 0.977344 0.691667 0.977344 0.688889 0.976562 0.686111 0.974219 0.681944 0.971875 0.680556 0.970313 0.680556 0.968750 0.683333 0.967969 0.687500 0.964844 0.688889 0.964063 0.684722 0.962500 0.681944 0.960938 0.680556 0.959375 0.680556 0.958594 0.687500 0.954688 0.694444 0.953906 0.697222 0.953125 0.700000 0.956250 0.706944 0.953125 0.706944 0.947656 0.704167 0.945312 0.701389 0.941406 0.702778 0.935937 0.701389 0.934375 0.700000 0.935156 0.695833 0.937500 0.691667 0.940625 0.688889 0.942187 0.688889 0.945312 0.691667 0.948438 0.691667 0.949219 0.693056 0.951562 0.693056 0.955469 0.691667 0.957031 0.688889 0.956250 0.681944 0.955469 0.676389 0.953906 0.666667 0.952344 0.661111 0.956250 0.659722 0.957812 0.659722 0.960156 0.661111 0.961719 0.662500 0.963281 0.662500 0.965625 0.661111 0.964063 0.659722 0.963281 0.658333 0.957812 0.659722 0.956250 0.659722 0.952344 0.656944 0.950781 0.658333 0.948438 0.654167 0.946875 0.652778 0.942969 0.650000 0.943750 0.648611 0.942969 0.647222 0.945312 0.644444 0.949219 0.644444 0.950000 0.643056 0.953125 0.643056
19 0.815625 0.608333 0.816406 0.612500 0.817969 0.613889 0.819531 0.615278 0.823438 0.618056 0.826562 0.616667 0.828125 0.620833 0.829688 0.620833 0.830469 0.622222 0.833594 0.622222 0.835156 0.620833 0.837500 0.618056 0.836719 0.615278 0.835156 0.613889 0.833594 0.612500 0.828125 0.609722 0.820312 0.609722 0.815625 0.608333
19 0.728125 0.588889 0.727344 0.591667 0.729688 0.593056 0.731250 0.594444 0.728906 0.591667 0.728125 0.588889
19 0.712500 0.580556 0.706250 0.581944 0.710938 0.583333 0.712500 0.580556
19 0.713281 0.570833 0.714844 0.573611 0.716406 0.575000 0.717969 0.570833 0.715625 0.570833 0.713281 0.570833
19 0.759375 0.562500 0.753906 0.563889 0.747656 0.566667 0.746094 0.568056 0.744531 0.573611 0.736719 0.573611 0.734375 0.577778 0.732031 0.577778 0.732812 0.580556 0.735938 0.583333 0.743750 0.581944 0.747656 0.581944 0.750000 0.586111 0.750781 0.588889 0.751563 0.597222 0.751563 0.600000 0.750000 0.602778 0.748437 0.604167 0.746875 0.604167 0.742188 0.602778 0.744531 0.602778 0.747656 0.605556 0.750000 0.605556 0.752344 0.602778 0.754687 0.602778 0.753906 0.600000 0.757031 0.598611 0.757812 0.597222 0.760156 0.597222 0.763281 0.601389 0.760938 0.597222 0.760156 0.594444 0.760156 0.591667 0.758594 0.586111 0.759375 0.581944 0.760156 0.579167 0.758594 0.575000 0.760938 0.570833 0.764062 0.568056 0.766406 0.570833 0.772656 0.570833 0.775000 0.572222 0.776563 0.575000 0.780469 0.576389 0.781250 0.579167 0.780469 0.581944 0.776563 0.587500 0.778125 0.588889 0.782813 0.591667 0.785156 0.597222 0.788281 0.600000 0.789844 0.602778 0.785937 0.609722 0.782813 0.611111 0.782813 0.618056 0.785156 0.619444 0.786719 0.616667 0.786719 0.615278 0.789062 0.611111 0.791406 0.611111 0.792969 0.609722 0.793750 0.608333 0.794531 0.605556 0.799219 0.615278 0.804688 0.613889 0.803125 0.611111 0.802344 0.611111 0.801562 0.609722 0.801562 0.608333 0.798438 0.608333 0.796094 0.606944 0.794531 0.605556 0.792969 0.602778 0.792188 0.598611 0.789844 0.594444 0.785937 0.591667 0.784375 0.588889 0.785937 0.584722 0.785937 0.576389 0.783594 0.572222 0.781250 0.569444 0.779687 0.568056 0.778125 0.566667 0.772656 0.563889 0.767969 0.562500 0.759375 0.562500
19 0.671094 0.544444 0.675781 0.545833 0.682813 0.548611 0.689844 0.552778 0.692187 0.554167 0.694531 0.559722 0.695312 0.563889 0.697656 0.565278 0.696875 0.569444 0.696094 0.565278 0.693750 0.563889 0.691406 0.563889 0.689844 0.563889 0.690625 0.569444 0.690625 0.572222 0.697656 0.573611 0.699219 0.577778 0.694531 0.576389 0.690625 0.573611 0.684375 0.573611 0.684375 0.573611 0.686719 0.573611 0.688281 0.570833 0.689063 0.568056 0.689063 0.563889 0.687500 0.559722 0.685937 0.556944 0.680469 0.551389 0.678125 0.550000 0.676562 0.551389 0.676562 0.555556 0.674219 0.556944 0.674219 0.566667 0.675781 0.568056 0.677344 0.569444 0.681250 0.569444 0.682813 0.572222 0.684375 0.573611 0.684375 0.573611 0.672656 0.568056 0.668750 0.566667 0.667188 0.563889 0.664062 0.563889 0.664062 0.559722 0.660156 0.558333 0.659375 0.559722 0.657031 0.559722 0.656250 0.556944 0.653906 0.555556 0.651563 0.555556 0.650000 0.554167 0.657813 0.554167 0.660156 0.555556 0.664062 0.558333 0.665625 0.559722 0.667188 0.561111 0.667969 0.565278 0.672656 0.566667 0.673438 0.558333 0.672656 0.555556 0.671875 0.552778 0.669531 0.548611 0.667188 0.547222 0.665625 0.547222 0.667188 0.547222 0.668750 0.544444 0.671094 0.544444
19 0.130469 0.522222 0.129688 0.523611 0.122656 0.523611 0.119531 0.526389 0.113281 0.526389 0.109375 0.529167 0.103906 0.529167 0.096875 0.533333 0.089844 0.533333 0.098437 0.533333 0.099219 0.531944 0.108594 0.531944 0.113281 0.530556 0.117969 0.529167 0.125781 0.525000 0.130469 0.525000 0.132812 0.523611 0.133594 0.522222 0.135156 0.522222 0.130469 0.522222
19 0.167969 0.513889 0.166406 0.516667 0.169531 0.516667 0.167969 0.513889
19 0.246094 0.494444 0.240625 0.497222 0.235156 0.498611 0.228906 0.498611 0.224219 0.501389 0.213281 0.501389 0.205469 0.502778 0.203125 0.505556 0.200781 0.506944 0.195312 0.506944 0.192969 0.509722 0.189844 0.511111 0.189062 0.506944 0.187500 0.506944 0.185938 0.509722 0.181250 0.509722 0.183594 0.511111 0.181250 0.513889 0.179688 0.512500 0.173437 0.515278 0.176563 0.515278 0.177344 0.513889 0.182031 0.512500 0.186719 0.512500 0.191406 0.511111 0.195312 0.508333 0.201563 0.506944 0.207813 0.506944 0.219531 0.504167 0.225000 0.502778 0.229687 0.500000 0.239844 0.498611 0.244531 0.495833 0.249219 0.495833 0.250781 0.494444 0.246094 0.494444
19 0.337500 0.472222 0.330469 0.475000 0.328906 0.475000 0.334375 0.475000 0.335156 0.473611 0.340625 0.473611 0.341406 0.472222 0.345313 0.472222 0.337500 0.472222
19 0.472656 0.443056 0.475000 0.444444 0.475781 0.440278 0.476562 0.443056 0.481250 0.443056 0.491406 0.445833 0.492969 0.444444 0.497656 0.445833 0.500781 0.448611 0.503125 0.448611 0.505469 0.450000 0.507031 0.444444 0.508594 0.448611 0.510938 0.451389 0.520312 0.450000 0.521094 0.451389 0.525781 0.451389 0.525781 0.454167 0.532813 0.456944 0.535156 0.455556 0.536719 0.455556 0.540625 0.456944 0.546094 0.466667 0.548438 0.468056 0.550781 0.472222 0.556250 0.476389 0.557813 0.480556 0.562500 0.483333 0.562500 0.486111 0.564844 0.490278 0.567187 0.491667 0.570312 0.497222 0.572656 0.500000 0.574219 0.500000 0.575781 0.502778 0.575781 0.504167 0.578125 0.505556 0.578125 0.509722 0.580469 0.511111 0.582812 0.511111 0.582812 0.512500 0.581250 0.512500 0.580469 0.515278 0.582812 0.516667 0.584375 0.513889 0.582812 0.512500 0.582812 0.511111 0.585938 0.515278 0.588281 0.515278 0.593750 0.520833 0.596094 0.520833 0.596875 0.523611 0.590625 0.519444 0.589844 0.518056 0.589063 0.516667 0.586719 0.516667 0.584375 0.518056 0.587500 0.519444 0.592969 0.523611 0.598437 0.529167 0.602344 0.530556 0.606250 0.534722 0.608594 0.533333 0.605469 0.529167 0.600000 0.525000 0.598437 0.525000 0.600781 0.525000 0.601562 0.526389 0.604688 0.526389 0.607812 0.527778 0.611719 0.529167 0.613281 0.531944 0.616406 0.531944 0.618750 0.533333 0.621875 0.538889 0.623437 0.540278 0.620313 0.541667 0.622656 0.543056 0.623437 0.544444 0.625781 0.543056 0.624219 0.541667 0.623437 0.540278 0.621875 0.538889 0.625000 0.537500 0.629687 0.540278 0.631250 0.538889 0.634375 0.540278 0.638281 0.545833 0.640625 0.547222 0.636719 0.547222 0.633594 0.544444 0.628125 0.545833 0.632812 0.550000 0.639062 0.554167 0.641406 0.555556 0.643750 0.555556 0.646094 0.556944 0.659375 0.566667 0.664844 0.568056 0.667188 0.569444 0.669531 0.572222 0.671875 0.573611 0.679688 0.577778 0.688281 0.581944 0.692187 0.581944 0.695312 0.584722 0.699219 0.584722 0.709375 0.591667 0.714844 0.593056 0.722656 0.598611 0.728125 0.600000 0.743750 0.609722 0.746875 0.609722 0.752344 0.613889 0.760938 0.618056 0.764062 0.618056 0.769531 0.620833 0.771875 0.623611 0.782031 0.627778 0.784375 0.630556 0.792188 0.633333 0.797656 0.637500 0.800000 0.638889 0.801562 0.638889 0.797656 0.633333 0.796875 0.630556 0.794531 0.629167 0.794531 0.627778 0.793750 0.625000 0.796094 0.625000 0.797656 0.622222 0.799219 0.622222 0.802344 0.626389 0.804688 0.627778 0.807031 0.625000 0.808594 0.623611 0.808594 0.629167 0.809375 0.631944 0.811719 0.633333 0.810156 0.634722 0.811719 0.636111 0.811719 0.638889 0.814844 0.640278 0.821875 0.640278 0.828906 0.641667 0.830469 0.644444 0.831250 0.644444 0.832812 0.647222 0.831250 0.647222 0.830469 0.645833 0.826562 0.644444 0.819531 0.644444 0.813281 0.641667 0.810156 0.643056 0.813281 0.645833 0.815625 0.645833 0.817187 0.648611 0.821875 0.648611 0.830469 0.652778 0.834375 0.656944 0.839844 0.656944 0.846094 0.661111 0.849219 0.661111 0.853125 0.658333 0.854688 0.661111 0.857031 0.662500 0.859375 0.663889 0.861719 0.663889 0.864062 0.665278 0.867188 0.668056 0.864844 0.669444 0.872656 0.673611 0.875000 0.676389 0.877344 0.677778 0.882812 0.680556 0.889844 0.684722 0.892969 0.684722 0.901563 0.688889 0.906250 0.693056 0.911719 0.694444 0.921875 0.701389 0.929688 0.705556 0.941406 0.711111 0.944531 0.711111 0.954688 0.718056 0.958594 0.718056 0.962500 0.720833 0.967969 0.720833 0.968750 0.723611 0.972656 0.722222 0.972656 0.719444 0.975000 0.720833 0.984375 0.719444 0.985938 0.720833 0.986719 0.723611 0.991406 0.723611 0.994531 0.726389 0.997656 0.726389 0.999219 0.727778 0.999219 0.923611 0.996094 0.923611 0.995313 0.922222 0.981250 0.919444 0.952344 0.911111 0.923438 0.901389 0.894531 0.893056 0.884375 0.890278 0.875000 0.887500 0.867969 0.886111 0.846875 0.881944 0.789844 0.870833 0.767969 0.866667 0.753906 0.863889 0.710938 0.862500 0.625000 0.859722 0.517188 0.859722 0.489844 0.856944 0.421875 0.848611 0.407813 0.847222 0.394531 0.845833 0.257812 0.847222 0.203906 0.852778 0.177344 0.855556 0.164062 0.856944 0.138281 0.861111 0.121094 0.863889 0.096094 0.868056 0.078906 0.870833 0.070312 0.872222 0.039844 0.880556 0.029687 0.884722 0.019531 0.887500 0.009375 0.890278 0.004687 0.890278 0.003906 0.891667 0.000000 0.891667 0.000000 0.547222 0.002344 0.547222 0.003125 0.545833 0.009375 0.545833 0.012500 0.548611 0.015625 0.550000 0.017969 0.550000 0.027344 0.548611 0.032813 0.545833 0.044531 0.545833 0.048438 0.543056 0.053906 0.541667 0.060156 0.540278 0.062500 0.540278 0.067187 0.541667 0.067187 0.544444 0.070312 0.544444 0.068750 0.545833 0.065625 0.547222 0.061719 0.548611 0.070312 0.550000 0.077344 0.548611 0.083594 0.545833 0.090625 0.544444 0.098437 0.543056 0.107813 0.543056 0.112500 0.540278 0.117969 0.540278 0.121875 0.538889 0.135156 0.531944 0.139063 0.530556 0.147656 0.527778 0.165625 0.522222 0.170313 0.522222 0.175000 0.519444 0.180469 0.519444 0.185156 0.516667 0.195312 0.515278 0.200000 0.512500 0.204687 0.512500 0.209375 0.509722 0.214062 0.509722 0.218750 0.506944 0.228906 0.504167 0.239063 0.502778 0.243750 0.500000 0.250000 0.500000 0.255469 0.498611 0.280469 0.491667 0.285156 0.490278 0.290625 0.487500 0.287500 0.486111 0.289062 0.486111 0.289844 0.484722 0.294531 0.484722 0.295312 0.486111 0.300000 0.484722 0.296094 0.483333 0.299219 0.483333 0.300000 0.484722 0.305469 0.484722 0.305469 0.481944 0.310937 0.481944 0.307812 0.480556 0.309375 0.480556 0.310156 0.479167 0.314063 0.479167 0.310156 0.480556 0.317188 0.481944 0.324219 0.480556 0.349219 0.473611 0.356250 0.472222 0.364844 0.472222 0.371875 0.470833 0.378125 0.468056 0.387500 0.468056 0.395313 0.465278 0.399219 0.465278 0.406250 0.466667 0.407031 0.463889 0.411719 0.463889 0.413281 0.466667 0.414844 0.465278 0.415625 0.462500 0.417187 0.465278 0.418750 0.463889 0.420312 0.462500 0.418750 0.461111 0.416406 0.459722 0.420312 0.456944 0.426563 0.455556 0.435156 0.456944 0.435156 0.458333 0.428906 0.456944 0.428125 0.458333 0.426563 0.459722 0.428125 0.462500 0.429688 0.462500 0.430469 0.459722 0.435156 0.458333 0.435156 0.456944 0.437500 0.456944 0.443750 0.454167 0.442969 0.451389 0.445312 0.454167 0.446875 0.451389 0.449219 0.454167 0.448437 0.455556 0.460156 0.458333 0.473438 0.458333 0.482031 0.459722 0.483594 0.462500 0.485156 0.462500 0.492188 0.461111 0.500781 0.462500 0.503906 0.459722 0.507812 0.459722 0.515625 0.461111 0.517188 0.463889 0.518750 0.465278 0.524219 0.468056 0.529687 0.462500 0.531250 0.461111 0.530469 0.465278 0.528125 0.465278 0.526563 0.468056 0.528125 0.472222 0.531250 0.470833 0.532031 0.475000 0.536719 0.483333 0.540625 0.487500 0.546094 0.491667 0.549219 0.497222 0.549219 0.498611 0.548438 0.501389 0.551562 0.501389 0.549219 0.498611 0.549219 0.497222 0.552344 0.498611 0.555469 0.502778 0.554688 0.504167 0.553125 0.501389 0.551562 0.502778 0.553125 0.505556 0.554688 0.504167 0.555469 0.502778 0.558594 0.501389 0.560156 0.502778 0.561719 0.502778 0.564063 0.505556 0.570312 0.509722 0.572656 0.511111 0.575000 0.508333 0.571875 0.506944 0.568750 0.504167 0.567187 0.502778 0.566406 0.497222 0.560156 0.497222 0.556250 0.493056 0.553125 0.493056 0.551562 0.491667 0.550000 0.488889 0.548438 0.487500 0.546094 0.487500 0.544531 0.486111 0.543750 0.480556 0.542969 0.479167 0.543750 0.475000 0.542188 0.470833 0.540625 0.470833 0.536719 0.466667 0.535937 0.465278 0.535156 0.461111 0.534375 0.459722 0.532813 0.458333 0.530469 0.456944 0.525781 0.455556 0.519531 0.454167 0.511719 0.455556 0.509375 0.455556 0.500781 0.452778 0.499219 0.452778 0.493750 0.454167 0.492188 0.451389 0.488281 0.450000 0.480469 0.450000 0.472656 0.447222 0.471094 0.447222 0.460156 0.447222 0.459375 0.445833 0.452344 0.445833 0.452344 0.443056 0.450781 0.443056 0.464062 0.444444 0.471094 0.444444 0.472656 0.440278 0.472656 0.443056
22 0.427344 0.459722 0.429688 0.461111 0.430469 0.458333 0.434375 0.458333 0.427344 0.459722
22 0.340625 0.433333 0.340625 0.441667 0.339844 0.444444 0.330469 0.441667 0.328906 0.441667 0.326562 0.444444 0.339844 0.444444 0.340625 0.441667 0.342187 0.444444 0.352344 0.443056 0.367969 0.444444 0.369531 0.444444 0.383594 0.444444 0.389844 0.443056 0.391406 0.441667 0.392188 0.440278 0.392969 0.437500 0.394531 0.438889 0.396094 0.436111 0.398438 0.436111 0.399219 0.433333 0.400000 0.436111 0.403125 0.438889 0.403125 0.440278 0.403906 0.441667 0.405469 0.443056 0.414844 0.440278 0.414844 0.438889 0.417187 0.438889 0.417969 0.438889 0.417187 0.440278 0.415625 0.441667 0.417187 0.444444 0.419531 0.443056 0.421094 0.443056 0.422656 0.443056 0.428906 0.443056 0.427344 0.441667 0.426563 0.440278 0.423438 0.438889 0.417969 0.438889 0.417187 0.438889 0.421875 0.436111 0.427344 0.437500 0.428906 0.441667 0.431250 0.441667 0.435937 0.437500 0.441406 0.440278 0.441406 0.441667 0.445312 0.444444 0.450000 0.443056 0.452344 0.444444 0.452344 0.447222 0.459375 0.447222 0.458594 0.451389 0.460156 0.452778 0.458594 0.454167 0.457031 0.455556 0.449219 0.455556 0.448437 0.451389 0.447656 0.451389 0.445312 0.452778 0.444531 0.447222 0.442188 0.443056 0.440625 0.443056 0.440625 0.447222 0.442188 0.451389 0.442969 0.454167 0.437500 0.455556 0.435156 0.455556 0.426563 0.454167 0.420312 0.455556 0.417969 0.456944 0.417187 0.458333 0.415625 0.459722 0.419531 0.462500 0.417187 0.463889 0.416406 0.461111 0.414844 0.463889 0.413281 0.465278 0.411719 0.465278 0.407031 0.462500 0.400000 0.463889 0.395313 0.463889 0.387500 0.466667 0.378125 0.466667 0.371875 0.469444 0.364844 0.470833 0.356250 0.470833 0.349219 0.472222 0.346094 0.472222 0.337500 0.470833 0.331250 0.472222 0.329688 0.472222 0.328125 0.475000 0.334375 0.476389 0.340625 0.475000 0.346094 0.472222 0.349219 0.472222 0.324219 0.479167 0.317969 0.479167 0.310937 0.480556 0.310937 0.480556 0.314844 0.479167 0.310156 0.477778 0.307031 0.480556 0.310156 0.481944 0.310937 0.480556 0.310937 0.480556 0.305469 0.483333 0.300000 0.483333 0.295312 0.484722 0.289844 0.483333 0.286719 0.486111 0.289844 0.487500 0.290625 0.486111 0.295312 0.484722 0.300000 0.483333 0.280469 0.490278 0.255469 0.497222 0.250000 0.498611 0.243750 0.498611 0.239063 0.501389 0.228906 0.502778 0.218750 0.505556 0.219531 0.505556 0.225000 0.504167 0.229687 0.501389 0.239844 0.500000 0.244531 0.497222 0.249219 0.497222 0.250000 0.495833 0.251563 0.494444 0.246094 0.493056 0.240625 0.495833 0.235156 0.497222 0.228906 0.497222 0.224219 0.500000 0.213281 0.500000 0.207031 0.501389 0.205469 0.504167 0.205469 0.501389 0.203125 0.504167 0.200781 0.505556 0.195312 0.505556 0.192969 0.508333 0.189844 0.509722 0.189844 0.506944 0.187500 0.505556 0.185938 0.508333 0.180469 0.509722 0.182812 0.511111 0.181250 0.512500 0.186719 0.513889 0.191406 0.512500 0.195312 0.509722 0.201563 0.508333 0.207813 0.508333 0.219531 0.505556 0.218750 0.505556 0.214062 0.508333 0.209375 0.508333 0.204687 0.511111 0.200000 0.511111 0.195312 0.513889 0.185156 0.515278 0.180469 0.518056 0.175000 0.518056 0.176563 0.516667 0.177344 0.515278 0.182031 0.513889 0.180469 0.511111 0.174219 0.512500 0.172656 0.515278 0.176563 0.516667 0.175000 0.518056 0.170313 0.520833 0.170313 0.516667 0.168750 0.515278 0.167969 0.512500 0.167187 0.515278 0.165625 0.516667 0.170313 0.516667 0.170313 0.520833 0.165625 0.520833 0.147656 0.526389 0.139063 0.529167 0.135156 0.530556 0.132812 0.525000 0.135937 0.522222 0.130469 0.520833 0.122656 0.522222 0.119531 0.525000 0.113281 0.525000 0.109375 0.527778 0.103906 0.527778 0.096875 0.531944 0.089063 0.533333 0.098437 0.534722 0.099219 0.533333 0.108594 0.533333 0.113281 0.531944 0.117969 0.530556 0.125781 0.526389 0.130469 0.526389 0.132812 0.525000 0.135156 0.530556 0.121875 0.537500 0.117969 0.538889 0.112500 0.538889 0.107813 0.541667 0.098437 0.541667 0.090625 0.543056 0.083594 0.544444 0.077344 0.547222 0.070312 0.548611 0.062500 0.548611 0.065625 0.548611 0.068750 0.547222 0.069531 0.545833 0.071094 0.544444 0.067187 0.543056 0.067187 0.540278 0.062500 0.538889 0.060156 0.538889 0.053906 0.540278 0.048438 0.541667 0.044531 0.544444 0.032813 0.544444 0.027344 0.547222 0.017969 0.548611 0.015625 0.548611 0.012500 0.547222 0.009375 0.544444 0.002344 0.545833 0.000000 0.545833 0.000000 0.445833 0.056250 0.447222 0.095312 0.447222 0.111719 0.445833 0.113281 0.443056 0.114062 0.440278 0.114062 0.434722 0.115625 0.437500 0.115625 0.440278 0.116406 0.443056 0.117969 0.445833 0.127344 0.445833 0.128125 0.444444 0.137500 0.445833 0.142969 0.445833 0.155469 0.444444 0.157031 0.441667 0.157031 0.437500 0.157031 0.443056 0.183594 0.444444 0.188281 0.445833 0.189062 0.447222 0.192188 0.447222 0.196094 0.444444 0.290625 0.443056 0.300000 0.444444 0.303906 0.444444 0.306250 0.440278 0.307812 0.443056 0.310937 0.444444 0.319531 0.444444 0.324219 0.444444 0.325781 0.441667 0.325781 0.434722 0.328125 0.434722 0.328906 0.437500 0.334375 0.437500 0.334375 0.440278 0.332813 0.441667 0.336719 0.441667 0.335938 0.438889 0.336719 0.436111 0.339062 0.434722 0.340625 0.433333
22 0.415625 0.429167 0.415625 0.431944 0.416406 0.434722 0.415625 0.429167
23 0.327344 0.430556 0.325781 0.433333 0.327344 0.434722 0.328906 0.436111 0.335156 0.437500 0.333594 0.441667 0.335938 0.441667 0.335156 0.438889 0.335938 0.436111 0.337500 0.433333 0.339844 0.431944 0.337500 0.430556 0.327344 0.430556
23 0.114062 0.425000 0.114062 0.433333 0.114844 0.430556 0.116406 0.429167 0.116406 0.425000 0.114062 0.425000
24 0.589844 0.450000 0.589844 0.452778 0.588281 0.455556 0.589844 0.456944 0.592969 0.458333 0.595313 0.458333 0.599219 0.455556 0.601562 0.455556 0.603125 0.456944 0.600781 0.452778 0.599219 0.450000 0.596875 0.454167 0.592969 0.454167 0.591406 0.451389 0.591406 0.448611 0.589844 0.450000
24 0.440625 0.445833 0.442188 0.447222 0.442188 0.450000 0.443750 0.450000 0.443750 0.447222 0.442188 0.444444 0.440625 0.445833
24 0.049219 0.437500 0.048438 0.444444 0.052344 0.444444 0.052344 0.441667 0.050781 0.438889 0.049219 0.437500
24 0.442969 0.436111 0.442969 0.438889 0.441406 0.438889 0.442188 0.441667 0.442969 0.437500 0.444531 0.437500 0.442969 0.436111
24 0.044531 0.436111 0.041406 0.438889 0.042188 0.444444 0.045312 0.444444 0.044531 0.436111
24 0.446875 0.441667 0.450781 0.441667 0.450781 0.434722 0.449219 0.434722 0.448437 0.438889 0.447656 0.433333 0.446875 0.441667
24 0.451562 0.426389 0.452344 0.429167 0.452344 0.438889 0.453125 0.436111 0.453125 0.427778 0.451562 0.426389
24 0.593750 0.408333 0.592969 0.408333 0.592187 0.419444 0.591406 0.429167 0.589844 0.433333 0.589844 0.444444 0.591406 0.445833 0.591406 0.433333 0.592187 0.431944 0.592969 0.418056 0.594531 0.415278 0.595313 0.413889 0.596875 0.412500 0.598437 0.415278 0.599219 0.429167 0.600781 0.427778 0.601562 0.425000 0.600781 0.418056 0.600000 0.413889 0.598437 0.408333 0.595313 0.406944 0.593750 0.408333
24 0.446094 0.400000 0.446875 0.404167 0.446875 0.406944 0.446094 0.409722 0.448437 0.409722 0.447656 0.404167 0.450000 0.404167 0.449219 0.401389 0.446094 0.400000
24 0.556250 0.384722 0.555469 0.413889 0.554688 0.394444 0.553906 0.409722 0.552344 0.418056 0.550781 0.411111 0.550781 0.418056 0.549219 0.420833 0.547656 0.420833 0.547656 0.433333 0.546094 0.438889 0.546875 0.448611 0.546875 0.445833 0.550781 0.447222 0.551562 0.448611 0.552344 0.450000 0.554688 0.451389 0.554688 0.454167 0.557031 0.454167 0.557031 0.451389 0.555469 0.451389 0.553125 0.450000 0.551562 0.448611 0.550000 0.445833 0.550000 0.441667 0.550781 0.440278 0.550781 0.434722 0.551562 0.430556 0.552344 0.427778 0.553906 0.425000 0.555469 0.423611 0.557031 0.423611 0.558594 0.426389 0.558594 0.434722 0.559375 0.445833 0.561719 0.444444 0.562500 0.441667 0.564844 0.441667 0.563281 0.438889 0.562500 0.438889 0.562500 0.434722 0.561719 0.430556 0.559375 0.429167 0.558594 0.413889 0.558594 0.388889 0.559375 0.387500 0.559375 0.384722 0.557813 0.384722 0.556250 0.384722
24 0.557031 0.347222 0.557813 0.361111 0.557813 0.351389 0.557031 0.350000 0.557031 0.347222
24 0.554688 0.333333 0.553125 0.336111 0.554688 0.338889 0.554688 0.343056 0.553125 0.344444 0.553125 0.355556 0.553125 0.358333 0.554688 0.358333 0.555469 0.350000 0.554688 0.337500 0.556250 0.334722 0.560156 0.337500 0.560156 0.341667 0.559375 0.356944 0.560156 0.348611 0.560156 0.341667 0.562500 0.344444 0.563281 0.347222 0.565625 0.348611 0.567187 0.348611 0.564844 0.347222 0.563281 0.344444 0.562500 0.344444 0.561719 0.343056 0.561719 0.341667 0.560156 0.337500 0.561719 0.336111 0.560156 0.334722 0.559375 0.333333 0.557813 0.333333 0.557031 0.334722 0.554688 0.333333
24 0.559375 0.313889 0.559375 0.329167 0.560156 0.325000 0.560156 0.322222 0.559375 0.313889
24 0.559375 0.276389 0.558594 0.284722 0.558594 0.287500 0.558594 0.297222 0.558594 0.302778 0.559375 0.304167 0.559375 0.309722 0.557813 0.309722 0.558594 0.305556 0.556250 0.300000 0.555469 0.305556 0.553906 0.311111 0.554688 0.319444 0.557031 0.319444 0.557031 0.329167 0.555469 0.330556 0.554688 0.326389 0.556250 0.323611 0.556250 0.320833 0.553125 0.325000 0.553125 0.331944 0.551562 0.329167 0.551562 0.326389 0.552344 0.325000 0.551562 0.320833 0.553125 0.318056 0.553906 0.312500 0.553906 0.301389 0.550781 0.300000 0.553906 0.300000 0.555469 0.293056 0.555469 0.294444 0.555469 0.298611 0.557813 0.304167 0.558594 0.300000 0.557031 0.288889 0.555469 0.294444 0.555469 0.293056 0.555469 0.284722 0.556250 0.277778 0.557813 0.275000 0.557813 0.263889 0.559375 0.276389
24 0.186719 0.258333 0.186719 0.269444 0.185938 0.270833 0.186719 0.273611 0.186719 0.258333
24 0.189062 0.231944 0.188281 0.234722 0.188281 0.275000 0.186719 0.280556 0.185938 0.291667 0.185156 0.290278 0.182812 0.293056 0.181250 0.294444 0.182812 0.301389 0.183594 0.306944 0.184375 0.313889 0.182031 0.319444 0.183594 0.323611 0.185938 0.327778 0.188281 0.329167 0.188281 0.333333 0.187500 0.337500 0.185938 0.338889 0.187500 0.338889 0.188281 0.350000 0.186719 0.351389 0.188281 0.358333 0.187500 0.363889 0.186719 0.361111 0.186719 0.363889 0.178906 0.365278 0.180469 0.365278 0.181250 0.366667 0.188281 0.368056 0.188281 0.375000 0.188281 0.386111 0.186719 0.387500 0.186719 0.390278 0.188281 0.400000 0.186719 0.443056 0.184375 0.422222 0.185156 0.402778 0.185156 0.409722 0.183594 0.412500 0.183594 0.415278 0.184375 0.426389 0.182812 0.427778 0.182812 0.434722 0.182031 0.438889 0.182031 0.443056 0.183594 0.443056 0.184375 0.444444 0.185938 0.444444 0.187500 0.441667 0.189062 0.445833 0.192188 0.445833 0.193750 0.443056 0.195312 0.444444 0.200000 0.443056 0.198437 0.441667 0.198437 0.437500 0.197656 0.426389 0.196875 0.419444 0.195312 0.415278 0.198437 0.409722 0.197656 0.406944 0.196875 0.404167 0.194531 0.400000 0.193750 0.395833 0.192969 0.391667 0.193750 0.381944 0.195312 0.379167 0.195312 0.375000 0.192969 0.363889 0.196094 0.356944 0.196094 0.350000 0.193750 0.344444 0.193750 0.300000 0.194531 0.297222 0.195312 0.294444 0.198437 0.290278 0.196875 0.290278 0.196094 0.288889 0.192188 0.287500 0.192188 0.277778 0.192969 0.262500 0.192188 0.265278 0.191406 0.236111 0.189062 0.231944
24 0.606250 0.152778 0.605469 0.155556 0.605469 0.176389 0.603906 0.179167 0.603906 0.187500 0.600781 0.197222 0.600781 0.202778 0.600000 0.205556 0.600781 0.202778 0.602344 0.201389 0.601562 0.198611 0.603125 0.193056 0.603125 0.206944 0.600781 0.208333 0.600000 0.213889 0.600000 0.219444 0.598437 0.222222 0.597656 0.226389 0.597656 0.230556 0.595313 0.237500 0.595313 0.240278 0.595313 0.243056 0.595313 0.240278 0.596875 0.237500 0.597656 0.234722 0.598437 0.230556 0.599219 0.236111 0.596875 0.241667 0.597656 0.244444 0.596094 0.245833 0.596094 0.251389 0.593750 0.256944 0.595313 0.258333 0.593750 0.259722 0.593750 0.265278 0.592969 0.273611 0.592187 0.277778 0.590625 0.284722 0.591406 0.281944 0.592969 0.275000 0.594531 0.269444 0.595313 0.276389 0.596875 0.279167 0.597656 0.286111 0.597656 0.291667 0.598437 0.280556 0.599219 0.300000 0.596875 0.322222 0.596875 0.333333 0.595313 0.344444 0.596094 0.359722 0.602344 0.359722 0.602344 0.350000 0.603906 0.337500 0.607031 0.286111 0.607031 0.266667 0.608594 0.250000 0.608594 0.227778 0.609375 0.212500 0.610156 0.200000 0.610938 0.195833 0.611719 0.193056 0.610938 0.177778 0.611719 0.172222 0.612500 0.165278 0.614062 0.161111 0.614062 0.158333 0.613281 0.155556 0.611719 0.154167 0.607812 0.152778 0.606250 0.152778
25 0.975781 0.700000 0.975000 0.701389 0.973437 0.702778 0.974219 0.706944 0.975781 0.708333 0.978125 0.708333 0.979688 0.709722 0.986719 0.722222 0.991406 0.722222 0.994531 0.725000 0.999219 0.726389 0.999219 0.711111 0.989062 0.708333 0.986719 0.702778 0.985156 0.701389 0.982031 0.700000 0.975781 0.700000
25 0.985156 0.687500 0.982812 0.688889 0.981250 0.690278 0.982031 0.693056 0.985938 0.693056 0.986719 0.691667 0.990625 0.690278 0.989062 0.688889 0.986719 0.687500 0.985156 0.687500
25 0.959375 0.681944 0.959375 0.687500 0.955469 0.694444 0.953906 0.701389 0.956250 0.705556 0.957812 0.705556 0.959375 0.706944 0.963281 0.704167 0.967187 0.705556 0.967187 0.700000 0.964844 0.697222 0.966406 0.690278 0.968750 0.694444 0.970313 0.695833 0.975000 0.694444 0.976562 0.691667 0.976562 0.688889 0.975781 0.686111 0.974219 0.683333 0.971875 0.681944 0.969531 0.683333 0.968750 0.687500 0.967187 0.690278 0.964844 0.690278 0.963281 0.687500 0.962500 0.683333 0.960938 0.681944 0.959375 0.681944
25 0.997656 0.675000 0.997656 0.677778 0.999219 0.677778 0.999219 0.673611 0.997656 0.675000
25 0.942969 0.672222 0.940625 0.675000 0.944531 0.676389 0.942969 0.672222
25 0.969531 0.663889 0.972656 0.665278 0.979688 0.669444 0.981250 0.670833 0.982031 0.672222 0.983594 0.676389 0.982031 0.679167 0.980469 0.680556 0.982031 0.681944 0.983594 0.681944 0.985938 0.677778 0.986719 0.677778 0.988281 0.673611 0.986719 0.669444 0.985156 0.668056 0.978906 0.669444 0.975781 0.668056 0.974219 0.665278 0.972656 0.663889 0.969531 0.663889
25 0.958594 0.659722 0.960156 0.659722 0.962500 0.659722 0.966406 0.662500 0.964844 0.661111 0.963281 0.659722 0.958594 0.659722
25 0.581250 0.515278 0.582812 0.515278 0.585156 0.518056 0.587500 0.518056 0.592969 0.522222 0.598437 0.527778 0.602344 0.529167 0.606250 0.533333 0.607812 0.533333 0.605469 0.530556 0.600781 0.527778 0.597656 0.525000 0.600781 0.523611 0.601562 0.525000 0.607812 0.525000 0.609375 0.523611 0.607812 0.520833 0.606250 0.519444 0.602344 0.516667 0.598437 0.515278 0.593750 0.516667 0.595313 0.518056 0.596094 0.518056 0.596875 0.519444 0.596875 0.520833 0.596094 0.525000 0.594531 0.523611 0.592187 0.520833 0.590625 0.520833 0.588281 0.516667 0.585156 0.518056 0.584375 0.515278 0.582812 0.513889 0.581250 0.515278
25 0.585938 0.490278 0.583594 0.494444 0.582031 0.491667 0.582812 0.494444 0.582812 0.497222 0.584375 0.498611 0.589063 0.497222 0.592969 0.501389 0.596094 0.504167 0.596875 0.506944 0.596875 0.512500 0.599219 0.512500 0.600781 0.509722 0.603906 0.515278 0.607031 0.515278 0.608594 0.513889 0.610156 0.512500 0.604688 0.508333 0.604688 0.509722 0.602344 0.509722 0.601562 0.509722 0.601562 0.501389 0.597656 0.501389 0.596094 0.498611 0.596094 0.497222 0.594531 0.494444 0.589844 0.493056 0.585156 0.491667 0.587500 0.490278 0.585938 0.490278
25 0.575781 0.486111 0.574219 0.487500 0.574219 0.490278 0.575000 0.493056 0.578906 0.493056 0.578906 0.488889 0.577344 0.488889 0.577344 0.486111 0.575781 0.486111
25 0.564063 0.480556 0.564844 0.483333 0.565625 0.483333 0.567187 0.486111 0.567187 0.487500 0.569531 0.488889 0.570312 0.487500 0.572656 0.486111 0.570312 0.486111 0.570312 0.483333 0.567187 0.480556 0.564063 0.480556
25 0.459375 0.448611 0.459375 0.451389 0.460938 0.452778 0.459375 0.454167 0.457813 0.455556 0.459375 0.455556 0.460156 0.456944 0.473438 0.456944 0.482031 0.458333 0.483594 0.461111 0.485156 0.461111 0.492188 0.459722 0.500781 0.461111 0.503906 0.458333 0.507812 0.458333 0.515625 0.459722 0.518750 0.463889 0.523438 0.463889 0.524219 0.466667 0.525781 0.465278 0.531250 0.459722 0.532031 0.462500 0.531250 0.465278 0.528125 0.466667 0.526563 0.469444 0.528906 0.469444 0.528906 0.472222 0.531250 0.469444 0.532813 0.475000 0.536719 0.481944 0.540625 0.486111 0.546094 0.490278 0.549219 0.495833 0.552344 0.497222 0.555469 0.501389 0.560156 0.501389 0.561719 0.501389 0.564063 0.504167 0.570312 0.508333 0.572656 0.509722 0.574219 0.508333 0.571875 0.508333 0.567187 0.504167 0.565625 0.501389 0.565625 0.497222 0.560156 0.498611 0.556250 0.494444 0.553125 0.494444 0.551562 0.493056 0.550000 0.490278 0.548438 0.488889 0.546094 0.488889 0.544531 0.487500 0.542969 0.484722 0.542969 0.480556 0.542188 0.479167 0.542188 0.476389 0.542188 0.472222 0.540625 0.472222 0.536719 0.468056 0.535156 0.465278 0.534375 0.461111 0.532813 0.459722 0.530469 0.458333 0.525781 0.456944 0.519531 0.455556 0.511719 0.456944 0.509375 0.456944 0.500781 0.454167 0.499219 0.454167 0.493750 0.455556 0.492188 0.452778 0.488281 0.451389 0.480469 0.451389 0.472656 0.448611 0.471094 0.448611 0.469531 0.450000 0.459375 0.448611
25 0.614844 0.443056 0.617969 0.443056 0.619531 0.441667 0.614844 0.443056
25 0.416406 0.441667 0.419531 0.441667 0.421094 0.441667 0.422656 0.441667 0.428125 0.443056 0.426563 0.441667 0.423438 0.440278 0.416406 0.441667
25 0.583594 0.437500 0.582031 0.438889 0.581250 0.441667 0.581250 0.445833 0.585156 0.447222 0.586719 0.447222 0.588281 0.445833 0.589063 0.440278 0.587500 0.437500 0.583594 0.437500
25 0.632031 0.416667 0.635156 0.418056 0.634375 0.415278 0.632031 0.416667
25 0.596875 0.413889 0.595313 0.415278 0.592969 0.419444 0.592969 0.431944 0.591406 0.447222 0.589844 0.447222 0.592187 0.448611 0.592969 0.452778 0.596875 0.452778 0.598437 0.451389 0.599219 0.445833 0.603125 0.447222 0.603125 0.430556 0.601562 0.430556 0.600781 0.431944 0.597656 0.430556 0.598437 0.427778 0.596875 0.413889
25 0.449219 0.398611 0.450781 0.401389 0.452344 0.402778 0.451562 0.400000 0.449219 0.398611
25 0.555469 0.383333 0.555469 0.412500 0.556250 0.387500 0.555469 0.383333
25 0.552344 0.381944 0.551562 0.387500 0.552344 0.391667 0.550781 0.394444 0.550000 0.391667 0.548438 0.393056 0.547656 0.398611 0.547656 0.419444 0.550000 0.418056 0.552344 0.411111 0.552344 0.416667 0.552344 0.411111 0.553125 0.409722 0.552344 0.381944
25 0.599219 0.377778 0.598437 0.383333 0.599219 0.386111 0.600000 0.380556 0.599219 0.377778
25 0.616406 0.165278 0.618750 0.168056 0.620313 0.168056 0.616406 0.165278
25 0.601562 0.152778 0.603125 0.155556 0.602344 0.162500 0.603125 0.165278 0.604688 0.166667 0.604688 0.158333 0.601562 0.152778
25 0.003125 0.134722 0.001563 0.136111 0.003125 0.137500 0.004687 0.136111 0.005469 0.140278 0.007031 0.141667 0.006250 0.145833 0.007031 0.150000 0.007812 0.152778 0.008594 0.154167 0.009375 0.154167 0.011719 0.156944 0.013281 0.159722 0.014063 0.156944 0.014844 0.155556 0.016406 0.154167 0.017969 0.152778 0.021094 0.151389 0.023438 0.151389 0.024219 0.152778 0.026562 0.152778 0.035156 0.151389 0.042188 0.154167 0.055469 0.154167 0.051562 0.155556 0.057031 0.156944 0.060156 0.154167 0.064062 0.156944 0.065625 0.154167 0.067187 0.154167 0.071875 0.156944 0.078906 0.165278 0.080469 0.166667 0.082031 0.166667 0.083594 0.168056 0.085156 0.169444 0.085938 0.175000 0.091406 0.183333 0.091406 0.187500 0.092188 0.190278 0.095312 0.194444 0.096875 0.200000 0.096875 0.202778 0.097656 0.205556 0.100781 0.211111 0.101562 0.215278 0.103125 0.218056 0.103125 0.219444 0.103906 0.220833 0.105469 0.222222 0.107031 0.223611 0.109375 0.225000 0.110937 0.225000 0.112500 0.222222 0.114062 0.220833 0.115625 0.220833 0.116406 0.222222 0.117969 0.222222 0.119531 0.219444 0.124219 0.219444 0.126562 0.222222 0.130469 0.222222 0.132812 0.225000 0.134375 0.229167 0.137500 0.230556 0.139063 0.233333 0.139844 0.237500 0.144531 0.244444 0.145313 0.245833 0.145313 0.247222 0.148438 0.250000 0.153906 0.250000 0.157812 0.258333 0.160156 0.259722 0.165625 0.269444 0.167187 0.270833 0.171094 0.273611 0.173437 0.273611 0.172656 0.279167 0.173437 0.288889 0.175781 0.293056 0.178125 0.293056 0.178906 0.297222 0.180469 0.294444 0.182031 0.301389 0.182812 0.306944 0.182812 0.312500 0.181250 0.318056 0.182812 0.323611 0.185938 0.329167 0.187500 0.329167 0.187500 0.333333 0.186719 0.334722 0.185156 0.338889 0.187500 0.340278 0.185938 0.351389 0.186719 0.356944 0.187500 0.358333 0.187500 0.362500 0.186719 0.359722 0.185938 0.363889 0.178125 0.365278 0.181250 0.368056 0.187500 0.368056 0.186719 0.376389 0.187500 0.386111 0.185938 0.387500 0.185938 0.390278 0.187500 0.400000 0.187500 0.443056 0.186719 0.444444 0.186719 0.423611 0.185156 0.422222 0.186719 0.404167 0.185156 0.401389 0.184375 0.409722 0.182812 0.412500 0.182812 0.415278 0.183594 0.426389 0.182031 0.427778 0.182031 0.430556 0.182031 0.437500 0.181250 0.443056 0.157812 0.443056 0.157031 0.436111 0.156250 0.441667 0.142969 0.444444 0.137500 0.444444 0.128125 0.443056 0.127344 0.444444 0.117188 0.443056 0.116406 0.440278 0.115625 0.436111 0.115625 0.430556 0.117188 0.429167 0.117188 0.425000 0.114062 0.423611 0.114062 0.431944 0.113281 0.440278 0.112500 0.443056 0.095312 0.445833 0.056250 0.445833 0.055469 0.444444 0.053125 0.444444 0.053125 0.441667 0.050781 0.437500 0.049219 0.436111 0.048438 0.443056 0.046094 0.444444 0.044531 0.434722 0.046875 0.430556 0.048438 0.427778 0.048438 0.423611 0.046875 0.420833 0.046875 0.430556 0.044531 0.434722 0.042188 0.436111 0.040625 0.438889 0.040625 0.443056 0.000000 0.444444 0.000000 0.134722 0.003125 0.134722
25 0.592187 0.095833 0.590625 0.098611 0.589063 0.101389 0.589844 0.104167 0.596094 0.106944 0.602344 0.097222 0.600000 0.097222 0.599219 0.095833 0.597656 0.095833 0.596875 0.097222 0.595313 0.097222 0.592187 0.095833
25 0.625781 0.005556 0.628906 0.006944 0.627344 0.004167 0.625781 0.005556
25 0.999219 0.000000 0.999219 0.659722 0.992969 0.659722 0.989844 0.659722 0.984375 0.654167 0.980469 0.651389 0.976562 0.648611 0.969531 0.644444 0.961719 0.643056 0.953125 0.641667 0.950000 0.641667 0.949219 0.643056 0.945312 0.643056 0.943750 0.644444 0.942187 0.647222 0.940625 0.648611 0.937500 0.650000 0.923438 0.648611 0.921875 0.650000 0.921094 0.651389 0.920312 0.654167 0.919531 0.658333 0.918750 0.662500 0.923438 0.659722 0.927344 0.662500 0.928125 0.665278 0.934375 0.663889 0.933594 0.666667 0.932813 0.669444 0.933594 0.672222 0.935156 0.669444 0.936719 0.670833 0.937500 0.675000 0.935937 0.680556 0.933594 0.680556 0.932031 0.672222 0.930469 0.675000 0.930469 0.677778 0.930469 0.683333 0.932031 0.686111 0.935156 0.687500 0.926562 0.687500 0.922656 0.686111 0.921094 0.684722 0.919531 0.683333 0.918750 0.681944 0.916406 0.676389 0.914844 0.676389 0.911719 0.679167 0.909375 0.679167 0.905469 0.676389 0.903906 0.679167 0.901563 0.679167 0.899219 0.683333 0.899219 0.681944 0.896875 0.680556 0.896094 0.677778 0.894531 0.680556 0.896094 0.683333 0.899219 0.681944 0.899219 0.683333 0.900781 0.686111 0.907031 0.687500 0.910937 0.687500 0.911719 0.686111 0.916406 0.686111 0.917188 0.687500 0.921094 0.687500 0.920312 0.690278 0.917969 0.691667 0.914844 0.693056 0.909375 0.693056 0.906250 0.691667 0.903906 0.690278 0.901563 0.687500 0.892969 0.683333 0.889844 0.683333 0.877344 0.676389 0.879687 0.670833 0.881250 0.675000 0.882812 0.676389 0.886719 0.677778 0.888281 0.675000 0.889062 0.668056 0.887500 0.666667 0.886719 0.665278 0.886719 0.663889 0.885156 0.661111 0.884375 0.665278 0.882031 0.666667 0.879687 0.670833 0.877344 0.676389 0.875000 0.675000 0.872656 0.672222 0.873437 0.666667 0.877344 0.665278 0.875781 0.663889 0.875000 0.662500 0.871875 0.663889 0.873437 0.666667 0.872656 0.672222 0.867969 0.670833 0.864844 0.668056 0.862500 0.668056 0.864844 0.668056 0.865625 0.669444 0.867969 0.668056 0.866406 0.665278 0.861719 0.662500 0.859375 0.662500 0.857031 0.661111 0.854688 0.659722 0.853125 0.656944 0.849219 0.659722 0.846094 0.659722 0.839844 0.655556 0.834375 0.655556 0.830469 0.651389 0.821875 0.647222 0.817187 0.647222 0.815625 0.644444 0.813281 0.644444 0.812500 0.643056 0.810937 0.643056 0.813281 0.643056 0.814063 0.644444 0.819531 0.645833 0.826562 0.645833 0.830469 0.647222 0.831250 0.648611 0.833594 0.647222 0.835938 0.647222 0.837500 0.650000 0.839063 0.648611 0.837500 0.645833 0.835938 0.647222 0.833594 0.647222 0.831250 0.643056 0.828906 0.640278 0.821875 0.638889 0.814844 0.638889 0.814063 0.637500 0.811719 0.637500 0.811719 0.634722 0.810156 0.636111 0.808594 0.636111 0.810937 0.634722 0.812500 0.633333 0.810156 0.631944 0.809375 0.629167 0.809375 0.623611 0.815625 0.612500 0.816406 0.613889 0.817969 0.615278 0.819531 0.616667 0.821875 0.618056 0.823438 0.619444 0.827344 0.619444 0.828125 0.622222 0.830469 0.623611 0.833594 0.623611 0.835156 0.622222 0.836719 0.619444 0.837500 0.619444 0.836719 0.613889 0.833594 0.611111 0.828125 0.608333 0.822656 0.606944 0.815625 0.606944 0.815625 0.611111 0.815625 0.612500 0.809375 0.623611 0.806250 0.625000 0.806250 0.627778 0.804688 0.625000 0.802344 0.625000 0.799219 0.620833 0.797656 0.620833 0.796094 0.623611 0.793750 0.623611 0.793750 0.629167 0.795312 0.631944 0.798438 0.636111 0.801562 0.636111 0.800000 0.637500 0.792188 0.631944 0.784375 0.629167 0.782031 0.626389 0.771875 0.622222 0.769531 0.619444 0.764062 0.616667 0.760938 0.616667 0.752344 0.612500 0.746875 0.608333 0.747656 0.606944 0.750000 0.606944 0.752344 0.604167 0.754687 0.604167 0.754687 0.600000 0.757031 0.600000 0.757812 0.598611 0.760156 0.598611 0.762500 0.602778 0.764062 0.601389 0.761719 0.597222 0.760938 0.594444 0.760938 0.591667 0.759375 0.587500 0.760156 0.581944 0.759375 0.576389 0.760938 0.572222 0.762500 0.570833 0.764062 0.569444 0.766406 0.572222 0.772656 0.572222 0.775000 0.573611 0.776563 0.576389 0.779687 0.576389 0.780469 0.579167 0.779687 0.581944 0.778125 0.584722 0.777344 0.584722 0.775781 0.587500 0.777344 0.588889 0.778125 0.590278 0.782031 0.591667 0.785156 0.598611 0.789062 0.602778 0.785937 0.608333 0.783594 0.608333 0.782031 0.611111 0.782813 0.619444 0.783594 0.619444 0.787500 0.616667 0.787500 0.615278 0.789062 0.612500 0.791406 0.612500 0.792969 0.611111 0.794531 0.606944 0.799219 0.616667 0.803906 0.616667 0.805469 0.613889 0.802344 0.609722 0.801562 0.606944 0.801562 0.604167 0.802344 0.602778 0.802344 0.598611 0.800781 0.595833 0.799219 0.594444 0.801562 0.590278 0.800000 0.583333 0.796875 0.577778 0.794531 0.576389 0.788281 0.576389 0.786719 0.576389 0.783594 0.570833 0.781250 0.568056 0.779687 0.566667 0.778125 0.565278 0.772656 0.562500 0.767969 0.561111 0.759375 0.561111 0.753906 0.562500 0.750781 0.563889 0.747656 0.565278 0.746094 0.566667 0.744531 0.569444 0.744531 0.572222 0.735938 0.573611 0.735156 0.575000 0.734375 0.576389 0.731250 0.577778 0.732031 0.580556 0.733594 0.583333 0.735938 0.584722 0.743750 0.583333 0.747656 0.583333 0.749219 0.586111 0.750000 0.588889 0.750781 0.597222 0.750000 0.601389 0.748437 0.602778 0.746875 0.602778 0.743750 0.598611 0.741406 0.601389 0.744531 0.604167 0.747656 0.606944 0.746875 0.608333 0.743750 0.608333 0.728125 0.598611 0.728125 0.593056 0.730469 0.593056 0.729688 0.590278 0.728125 0.587500 0.726562 0.590278 0.727344 0.593056 0.728125 0.593056 0.728125 0.598611 0.722656 0.597222 0.714844 0.591667 0.709375 0.590278 0.710938 0.584722 0.712500 0.583333 0.712500 0.579167 0.714844 0.575000 0.716406 0.576389 0.717969 0.572222 0.716406 0.570833 0.715625 0.569444 0.712500 0.570833 0.714063 0.572222 0.714844 0.575000 0.712500 0.579167 0.705469 0.581944 0.710938 0.584722 0.709375 0.590278 0.699219 0.583333 0.695312 0.583333 0.692187 0.580556 0.688281 0.580556 0.679688 0.576389 0.671875 0.572222 0.669531 0.570833 0.667188 0.568056 0.667969 0.566667 0.667969 0.566667 0.671875 0.568056 0.681250 0.572222 0.682031 0.573611 0.684375 0.572222 0.681250 0.568056 0.677344 0.568056 0.675781 0.566667 0.674219 0.565278 0.674219 0.558333 0.675781 0.558333 0.676562 0.552778 0.678125 0.551389 0.680469 0.552778 0.683594 0.556944 0.684375 0.556944 0.685937 0.558333 0.686719 0.559722 0.686719 0.561111 0.688281 0.563889 0.688281 0.568056 0.687500 0.570833 0.683594 0.573611 0.690625 0.575000 0.694531 0.577778 0.698438 0.579167 0.697656 0.572222 0.691406 0.572222 0.691406 0.569444 0.689844 0.565278 0.692187 0.563889 0.695312 0.565278 0.696875 0.570833 0.698438 0.568056 0.697656 0.563889 0.696094 0.562500 0.695312 0.559722 0.692969 0.554167 0.689844 0.551389 0.682813 0.547222 0.675781 0.544444 0.671094 0.543056 0.668750 0.543056 0.667188 0.545833 0.664844 0.547222 0.669531 0.550000 0.671094 0.552778 0.672656 0.558333 0.672656 0.565278 0.667969 0.566667 0.667969 0.566667 0.667969 0.562500 0.667969 0.561111 0.667188 0.559722 0.665625 0.558333 0.664062 0.556944 0.660156 0.554167 0.657813 0.552778 0.649219 0.554167 0.650781 0.555556 0.651563 0.556944 0.653906 0.556944 0.654687 0.558333 0.656250 0.559722 0.659375 0.561111 0.663281 0.559722 0.663281 0.563889 0.667969 0.566667 0.667188 0.568056 0.664844 0.566667 0.659375 0.565278 0.646094 0.555556 0.643750 0.554167 0.641406 0.554167 0.639062 0.552778 0.630469 0.545833 0.628125 0.544444 0.625781 0.544444 0.623437 0.543056 0.622656 0.541667 0.621094 0.541667 0.623437 0.541667 0.625781 0.544444 0.628906 0.545833 0.633594 0.545833 0.636719 0.548611 0.641406 0.547222 0.638281 0.544444 0.634375 0.538889 0.631250 0.537500 0.629687 0.538889 0.625781 0.536111 0.621875 0.537500 0.618750 0.531944 0.617188 0.531944 0.616406 0.529167 0.616406 0.522222 0.615625 0.520833 0.614844 0.518056 0.616406 0.519444 0.617188 0.520833 0.628125 0.519444 0.622656 0.511111 0.621094 0.511111 0.621875 0.508333 0.628125 0.509722 0.625781 0.504167 0.621875 0.504167 0.620313 0.501389 0.617188 0.500000 0.610938 0.498611 0.605469 0.493056 0.601562 0.490278 0.598437 0.490278 0.596094 0.487500 0.592969 0.481944 0.592187 0.479167 0.591406 0.475000 0.589844 0.477778 0.589844 0.479167 0.588281 0.481944 0.583594 0.483333 0.582031 0.481944 0.582031 0.476389 0.579688 0.472222 0.576562 0.473611 0.575781 0.473611 0.573438 0.470833 0.568750 0.472222 0.565625 0.469444 0.562500 0.469444 0.560156 0.472222 0.557031 0.472222 0.556250 0.475000 0.550781 0.470833 0.548438 0.466667 0.546094 0.465278 0.540625 0.455556 0.536719 0.454167 0.535156 0.454167 0.526563 0.454167 0.526563 0.451389 0.520312 0.448611 0.511719 0.450000 0.506250 0.444444 0.505469 0.448611 0.502344 0.445833 0.500781 0.447222 0.497656 0.444444 0.492969 0.443056 0.491406 0.444444 0.481250 0.441667 0.477344 0.443056 0.477344 0.440278 0.475000 0.443056 0.473438 0.443056 0.472656 0.409722 0.472656 0.409722 0.473438 0.405556 0.475781 0.404167 0.475781 0.401389 0.477344 0.401389 0.479687 0.393056 0.475781 0.395833 0.475000 0.393056 0.474219 0.398611 0.472656 0.398611 0.471094 0.401389 0.472656 0.409722 0.472656 0.409722 0.471875 0.440278 0.471094 0.443056 0.464062 0.443056 0.462500 0.440278 0.451562 0.441667 0.452344 0.440278 0.453906 0.436111 0.453906 0.429167 0.453125 0.426389 0.451562 0.425000 0.450781 0.427778 0.452344 0.440278 0.451562 0.441667 0.451562 0.434722 0.449219 0.433333 0.448437 0.437500 0.448437 0.433333 0.446094 0.443056 0.444531 0.441667 0.442969 0.441667 0.444531 0.441667 0.445312 0.436111 0.442969 0.434722 0.442188 0.438889 0.435937 0.436111 0.432812 0.438889 0.431250 0.440278 0.429688 0.437500 0.428906 0.440278 0.427344 0.436111 0.421875 0.434722 0.416406 0.436111 0.414844 0.434722 0.416406 0.429167 0.414844 0.431944 0.414844 0.434722 0.416406 0.436111 0.414062 0.440278 0.405469 0.441667 0.403906 0.440278 0.402344 0.436111 0.400781 0.436111 0.400781 0.433333 0.398438 0.433333 0.396094 0.434722 0.394531 0.437500 0.392969 0.436111 0.391406 0.440278 0.389844 0.441667 0.383594 0.443056 0.369531 0.443056 0.367969 0.443056 0.353125 0.441667 0.342187 0.443056 0.341406 0.433333 0.339844 0.430556 0.337500 0.429167 0.327344 0.429167 0.325000 0.433333 0.325000 0.441667 0.319531 0.443056 0.310937 0.443056 0.307812 0.440278 0.305469 0.440278 0.305469 0.441667 0.300000 0.443056 0.292969 0.443056 0.200781 0.443056 0.198437 0.440278 0.199219 0.437500 0.198437 0.426389 0.197656 0.419444 0.196094 0.415278 0.199219 0.409722 0.198437 0.406944 0.197656 0.404167 0.195312 0.400000 0.194531 0.395833 0.193750 0.391667 0.194531 0.381944 0.196094 0.379167 0.196094 0.375000 0.194531 0.368056 0.193750 0.363889 0.196875 0.356944 0.196875 0.350000 0.194531 0.344444 0.194531 0.300000 0.195312 0.297222 0.196094 0.294444 0.197656 0.294444 0.199219 0.290278 0.201563 0.290278 0.204687 0.284722 0.205469 0.286111 0.207031 0.284722 0.209375 0.280556 0.212500 0.266667 0.214062 0.262500 0.216406 0.262500 0.217188 0.259722 0.218750 0.258333 0.221094 0.256944 0.222656 0.258333 0.224219 0.256944 0.226562 0.254167 0.227344 0.251389 0.230469 0.248611 0.235156 0.248611 0.247656 0.250000 0.251563 0.256944 0.253125 0.255556 0.254688 0.256944 0.255469 0.259722 0.256250 0.258333 0.259375 0.263889 0.260156 0.266667 0.260937 0.270833 0.260937 0.275000 0.261719 0.277778 0.262500 0.280556 0.267188 0.283333 0.269531 0.286111 0.271094 0.288889 0.269531 0.290278 0.276562 0.290278 0.278906 0.290278 0.286719 0.291667 0.288281 0.293056 0.289844 0.294444 0.294531 0.302778 0.296875 0.306944 0.297656 0.308333 0.298438 0.313889 0.300000 0.313889 0.301563 0.318056 0.302344 0.322222 0.303125 0.318056 0.303906 0.315278 0.310156 0.302778 0.309375 0.306944 0.307812 0.309722 0.310156 0.311111 0.311719 0.308333 0.312500 0.304167 0.312500 0.300000 0.313281 0.295833 0.314063 0.293056 0.317969 0.286111 0.321094 0.286111 0.322656 0.283333 0.325781 0.281944 0.328906 0.280556 0.331250 0.280556 0.335938 0.281944 0.335938 0.284722 0.337500 0.283333 0.338281 0.286111 0.339844 0.286111 0.342187 0.290278 0.342187 0.291667 0.344531 0.295833 0.346875 0.295833 0.349219 0.293056 0.350781 0.294444 0.352344 0.297222 0.353906 0.300000 0.354687 0.306944 0.357031 0.313889 0.357031 0.337500 0.357812 0.341667 0.360156 0.348611 0.360938 0.352778 0.360938 0.358333 0.361719 0.361111 0.364844 0.366667 0.367188 0.376389 0.367969 0.379167 0.368750 0.380556 0.371875 0.384722 0.371875 0.388889 0.372656 0.391667 0.375781 0.397222 0.378125 0.395833 0.379688 0.393056 0.380469 0.393056 0.381250 0.393056 0.378906 0.398611 0.375000 0.401389 0.380469 0.402778 0.382031 0.400000 0.380469 0.398611 0.382812 0.395833 0.384375 0.383333 0.381250 0.387500 0.381250 0.393056 0.380469 0.393056 0.381250 0.383333 0.382812 0.380556 0.386719 0.380556 0.388281 0.377778 0.389844 0.379167 0.385156 0.380556 0.389062 0.384722 0.390625 0.381944 0.392188 0.381944 0.392969 0.379167 0.394531 0.377778 0.400000 0.377778 0.401562 0.376389 0.400000 0.377778 0.396875 0.380556 0.400781 0.381944 0.401562 0.379167 0.403906 0.377778 0.403906 0.375000 0.404687 0.379167 0.404687 0.379167 0.407813 0.381944 0.411719 0.379167 0.404687 0.379167 0.404687 0.379167 0.415625 0.376389 0.415625 0.377778 0.414844 0.377778 0.416406 0.381944 0.417969 0.379167 0.415625 0.377778 0.415625 0.376389 0.417969 0.375000 0.421875 0.376389 0.421875 0.376389 0.420312 0.375000 0.417187 0.376389 0.421875 0.376389 0.421875 0.376389 0.421875 0.372222 0.424219 0.373611 0.422656 0.376389 0.426563 0.377778 0.426563 0.375000 0.428125 0.376389 0.428125 0.376389 0.428125 0.380556 0.428906 0.383333 0.430469 0.380556 0.428125 0.376389 0.428125 0.376389 0.431250 0.383333 0.431250 0.383333 0.430469 0.380556 0.429688 0.383333 0.429688 0.387500 0.429688 0.390278 0.432031 0.394444 0.432031 0.390278 0.434375 0.388889 0.431250 0.387500 0.431250 0.383333 0.431250 0.383333 0.433594 0.386111 0.433594 0.390278 0.437500 0.394444 0.440625 0.394444 0.443750 0.397222 0.444531 0.387500 0.444531 0.397222 0.446094 0.404167 0.446094 0.406944 0.445312 0.409722 0.449219 0.409722 0.447656 0.405556 0.450781 0.404167 0.453906 0.406944 0.457813 0.406944 0.459375 0.406944 0.460156 0.404167 0.462500 0.402778 0.464844 0.404167 0.468750 0.404167 0.471094 0.401389 0.461719 0.398611 0.460156 0.401389 0.457813 0.400000 0.456250 0.402778 0.454688 0.404167 0.455469 0.401389 0.456250 0.395833 0.456250 0.388889 0.456250 0.391667 0.457031 0.393056 0.457813 0.400000 0.471875 0.398611 0.473438 0.393056 0.474219 0.393056 0.475000 0.391667 0.475781 0.388889 0.475781 0.386111 0.477344 0.391667 0.479687 0.393056 0.481250 0.393056 0.481250 0.383333 0.487500 0.384722 0.486719 0.386111 0.489063 0.387500 0.490625 0.384722 0.489844 0.383333 0.492969 0.381944 0.493750 0.383333 0.495312 0.384722 0.491406 0.381944 0.489844 0.383333 0.490625 0.386111 0.492188 0.388889 0.494531 0.390278 0.496094 0.391667 0.496875 0.393056 0.497656 0.397222 0.499219 0.397222 0.497656 0.400000 0.499219 0.402778 0.499219 0.404167 0.496875 0.408333 0.495312 0.408333 0.493750 0.411111 0.490625 0.411111 0.490625 0.412500 0.489063 0.415278 0.488281 0.418056 0.489063 0.422222 0.488281 0.425000 0.490625 0.430556 0.493750 0.436111 0.495312 0.437500 0.496875 0.437500 0.497656 0.431944 0.500000 0.431944 0.501563 0.430556 0.494531 0.430556 0.494531 0.426389 0.495312 0.425000 0.496094 0.413889 0.497656 0.412500 0.498437 0.412500 0.500781 0.409722 0.499219 0.408333 0.499219 0.404167 0.499219 0.402778 0.500000 0.400000 0.500000 0.406944 0.501563 0.412500 0.502344 0.420833 0.500000 0.419444 0.498437 0.426389 0.502344 0.429167 0.507031 0.430556 0.506250 0.431944 0.504687 0.430556 0.500781 0.431944 0.503125 0.434722 0.503125 0.437500 0.505469 0.434722 0.505469 0.438889 0.508594 0.440278 0.506250 0.431944 0.507031 0.430556 0.510156 0.436111 0.510938 0.440278 0.511719 0.437500 0.513281 0.438889 0.513281 0.436111 0.516406 0.434722 0.515625 0.433333 0.516406 0.431944 0.514062 0.430556 0.515625 0.429167 0.516406 0.429167 0.517188 0.427778 0.517969 0.425000 0.518750 0.422222 0.514844 0.419444 0.515625 0.416667 0.517969 0.415278 0.518750 0.422222 0.516406 0.430556 0.516406 0.434722 0.514062 0.437500 0.516406 0.438889 0.517969 0.441667 0.520312 0.438889 0.520312 0.434722 0.518750 0.430556 0.521094 0.430556 0.522656 0.426389 0.524219 0.427778 0.525000 0.425000 0.528906 0.425000 0.524219 0.416667 0.521875 0.416667 0.519531 0.419444 0.525781 0.416667 0.528125 0.420833 0.534375 0.433333 0.533594 0.433333 0.532031 0.430556 0.532031 0.430556 0.530469 0.426389 0.528125 0.426389 0.528906 0.430556 0.530469 0.433333 0.532031 0.430556 0.532031 0.430556 0.530469 0.433333 0.533594 0.433333 0.534375 0.433333 0.539844 0.429167 0.542188 0.425000 0.542188 0.418056 0.543750 0.413889 0.543750 0.411111 0.542969 0.402778 0.543750 0.400000 0.543750 0.395833 0.545312 0.395833 0.545312 0.376389 0.545312 0.373611 0.546875 0.362500 0.547656 0.365278 0.546875 0.366667 0.548438 0.368056 0.547656 0.369444 0.546875 0.373611 0.549219 0.375000 0.549219 0.370833 0.547656 0.369444 0.548438 0.368056 0.550000 0.366667 0.552344 0.365278 0.552344 0.359722 0.554688 0.359722 0.552344 0.363889 0.552344 0.368056 0.549219 0.379167 0.549219 0.384722 0.548438 0.387500 0.546875 0.390278 0.546094 0.393056 0.545312 0.397222 0.545312 0.401389 0.543750 0.405556 0.543750 0.425000 0.542969 0.430556 0.541406 0.433333 0.542969 0.436111 0.543750 0.440278 0.544531 0.430556 0.544531 0.443056 0.546094 0.448611 0.550000 0.447222 0.550781 0.445833 0.550781 0.450000 0.553906 0.451389 0.553906 0.454167 0.557031 0.455556 0.557813 0.451389 0.554688 0.448611 0.552344 0.447222 0.550781 0.445833 0.550000 0.447222 0.551562 0.440278 0.551562 0.434722 0.552344 0.430556 0.553125 0.427778 0.553906 0.426389 0.555469 0.425000 0.557031 0.425000 0.558594 0.436111 0.558594 0.445833 0.560937 0.445833 0.561719 0.445833 0.562500 0.443056 0.565625 0.441667 0.562500 0.437500 0.563281 0.434722 0.562500 0.430556 0.560156 0.429167 0.560156 0.415278 0.559375 0.413889 0.559375 0.388889 0.560156 0.387500 0.560156 0.377778 0.562500 0.377778 0.564063 0.375000 0.560156 0.373611 0.559375 0.370833 0.557813 0.372222 0.557031 0.362500 0.558594 0.369444 0.560156 0.362500 0.560156 0.365278 0.561719 0.365278 0.562500 0.369444 0.566406 0.370833 0.570312 0.370833 0.571875 0.369444 0.574219 0.363889 0.575000 0.362500 0.576562 0.361111 0.579688 0.358333 0.588281 0.358333 0.590625 0.354167 0.593750 0.354167 0.594531 0.358333 0.592969 0.358333 0.592187 0.359722 0.588281 0.359722 0.580469 0.358333 0.578125 0.359722 0.576562 0.361111 0.575000 0.363889 0.573438 0.368056 0.573438 0.370833 0.571875 0.373611 0.570312 0.375000 0.564063 0.376389 0.565625 0.377778 0.564844 0.377778 0.563281 0.379167 0.561719 0.380556 0.563281 0.383333 0.564844 0.381944 0.566406 0.380556 0.564844 0.377778 0.565625 0.377778 0.566406 0.379167 0.573438 0.379167 0.575781 0.375000 0.576562 0.372222 0.576562 0.368056 0.577344 0.369444 0.580469 0.368056 0.578125 0.366667 0.577344 0.369444 0.576562 0.368056 0.577344 0.365278 0.578906 0.365278 0.581250 0.361111 0.582812 0.363889 0.585938 0.363889 0.592969 0.363889 0.593750 0.366667 0.593750 0.380556 0.592187 0.394444 0.592969 0.398611 0.592187 0.408333 0.591406 0.419444 0.590625 0.426389 0.589844 0.430556 0.585156 0.433333 0.583594 0.433333 0.582031 0.430556 0.580469 0.430556 0.577344 0.436111 0.577344 0.438889 0.573438 0.441667 0.575000 0.443056 0.574219 0.448611 0.575781 0.451389 0.576562 0.451389 0.578125 0.454167 0.575781 0.456944 0.579688 0.459722 0.585938 0.456944 0.589063 0.456944 0.592969 0.459722 0.595313 0.459722 0.599219 0.456944 0.601562 0.456944 0.602344 0.458333 0.603906 0.458333 0.608594 0.456944 0.610938 0.455556 0.612500 0.456944 0.614844 0.454167 0.614844 0.447222 0.618750 0.445833 0.624219 0.447222 0.625000 0.451389 0.623437 0.454167 0.628906 0.456944 0.630469 0.456944 0.632031 0.454167 0.631250 0.451389 0.625000 0.451389 0.624219 0.447222 0.629687 0.445833 0.635156 0.444444 0.638281 0.443056 0.640625 0.438889 0.640625 0.434722 0.641406 0.431944 0.645312 0.430556 0.647656 0.426389 0.647656 0.419444 0.650000 0.415278 0.653906 0.415278 0.658594 0.412500 0.658594 0.411111 0.659375 0.409722 0.661719 0.408333 0.660937 0.404167 0.660937 0.401389 0.662500 0.400000 0.660937 0.398611 0.662500 0.393056 0.660937 0.390278 0.656250 0.388889 0.654687 0.394444 0.653906 0.398611 0.653906 0.393056 0.655469 0.388889 0.650000 0.387500 0.648438 0.384722 0.648438 0.377778 0.646094 0.373611 0.640625 0.373611 0.639844 0.375000 0.638281 0.376389 0.640625 0.377778 0.640625 0.380556 0.639844 0.381944 0.639844 0.386111 0.642188 0.387500 0.644531 0.390278 0.647656 0.394444 0.646094 0.398611 0.644531 0.401389 0.642969 0.402778 0.641406 0.402778 0.639062 0.406944 0.636719 0.408333 0.632812 0.405556 0.630469 0.405556 0.628906 0.405556 0.627344 0.406944 0.624219 0.411111 0.622656 0.412500 0.621094 0.411111 0.617188 0.416667 0.615625 0.418056 0.614062 0.416667 0.611719 0.418056 0.610156 0.420833 0.608594 0.420833 0.607812 0.423611 0.606250 0.425000 0.604688 0.425000 0.603125 0.427778 0.604688 0.425000 0.607812 0.422222 0.607812 0.413889 0.606250 0.411111 0.604688 0.422222 0.604688 0.411111 0.602344 0.413889 0.601562 0.411111 0.600781 0.409722 0.600781 0.397222 0.601562 0.383333 0.602344 0.380556 0.604688 0.380556 0.605469 0.379167 0.609375 0.377778 0.611719 0.377778 0.610938 0.369444 0.612500 0.366667 0.617188 0.365278 0.617188 0.363889 0.618750 0.361111 0.618750 0.347222 0.619531 0.347222 0.620313 0.345833 0.620313 0.344444 0.624219 0.336111 0.624219 0.329167 0.625781 0.326389 0.625000 0.329167 0.625000 0.331944 0.625781 0.337500 0.627344 0.337500 0.626563 0.341667 0.628125 0.344444 0.630469 0.343056 0.630469 0.350000 0.632031 0.352778 0.632031 0.355556 0.632812 0.358333 0.635156 0.358333 0.635938 0.358333 0.638281 0.355556 0.639844 0.351389 0.642188 0.348611 0.645312 0.350000 0.647656 0.347222 0.649219 0.343056 0.648438 0.340278 0.647656 0.333333 0.646094 0.330556 0.643750 0.329167 0.642188 0.327778 0.642188 0.325000 0.640625 0.323611 0.641406 0.301389 0.642188 0.297222 0.647656 0.287500 0.650000 0.280556 0.652344 0.281944 0.653906 0.284722 0.657031 0.286111 0.660937 0.283333 0.664062 0.279167 0.661719 0.277778 0.660156 0.279167 0.664062 0.272222 0.664844 0.269444 0.664844 0.263889 0.664844 0.266667 0.666406 0.270833 0.665625 0.275000 0.668750 0.276389 0.669531 0.275000 0.671094 0.273611 0.670312 0.269444 0.668750 0.268056 0.667969 0.265278 0.667188 0.243056 0.665625 0.245833 0.665625 0.250000 0.664844 0.247222 0.664062 0.243056 0.662500 0.238889 0.664844 0.240278 0.666406 0.243056 0.662500 0.231944 0.660937 0.231944 0.657813 0.231944 0.657813 0.197222 0.656250 0.193056 0.654687 0.190278 0.653125 0.188889 0.650781 0.190278 0.653906 0.195833 0.654687 0.198611 0.654687 0.202778 0.653906 0.198611 0.653125 0.195833 0.651563 0.193056 0.651563 0.188889 0.648438 0.184722 0.646875 0.183333 0.643750 0.183333 0.641406 0.181944 0.638281 0.177778 0.632812 0.179167 0.629687 0.176389 0.628906 0.172222 0.626563 0.166667 0.623437 0.162500 0.622656 0.156944 0.621094 0.155556 0.619531 0.154167 0.616406 0.152778 0.612500 0.154167 0.608594 0.152778 0.607031 0.151389 0.604688 0.147222 0.603125 0.148611 0.602344 0.144444 0.600000 0.144444 0.601562 0.140278 0.600781 0.137500 0.600000 0.136111 0.599219 0.134722 0.598437 0.122222 0.596875 0.120833 0.599219 0.113889 0.600000 0.111111 0.601562 0.111111 0.602344 0.109722 0.604688 0.109722 0.607812 0.108333 0.604688 0.104167 0.605469 0.101389 0.610156 0.100000 0.610938 0.097222 0.610156 0.094444 0.610938 0.091667 0.612500 0.088889 0.612500 0.083333 0.614062 0.080556 0.614844 0.069444 0.614062 0.066667 0.615625 0.061111 0.616406 0.052778 0.616406 0.043056 0.617969 0.036111 0.617188 0.034722 0.618750 0.027778 0.619531 0.016667 0.618750 0.012500 0.618750 0.009722 0.621875 0.012500 0.624219 0.009722 0.628906 0.011111 0.626563 0.012500 0.629687 0.015278 0.632031 0.019444 0.632031 0.015278 0.632031 0.011111 0.637500 0.011111 0.641406 0.015278 0.645312 0.015278 0.642969 0.019444 0.641406 0.020833 0.638281 0.022222 0.644531 0.023611 0.646094 0.022222 0.647656 0.020833 0.650781 0.013889 0.651563 0.016667 0.653125 0.015278 0.654687 0.012500 0.657813 0.011111 0.656250 0.015278 0.662500 0.016667 0.664062 0.015278 0.666406 0.011111 0.669531 0.009722 0.670312 0.006944 0.670312 0.002778 0.671875 0.000000 0.999219 0.000000
25 0.656250 0.000000 0.656250 0.002778 0.654687 0.004167 0.657813 0.005556 0.658594 0.006944 0.660156 0.006944 0.658594 0.002778 0.658594 0.000000 0.656250 0.000000
26 0.934375 0.687500 0.935937 0.688889 0.937500 0.690278 0.935156 0.690278 0.933594 0.693056 0.934375 0.695833 0.933594 0.700000 0.935156 0.701389 0.935937 0.702778 0.941406 0.704167 0.945312 0.702778 0.947656 0.705556 0.953125 0.708333 0.957031 0.706944 0.962500 0.705556 0.964844 0.706944 0.966406 0.709722 0.973437 0.708333 0.975000 0.708333 0.975781 0.709722 0.978125 0.709722 0.979688 0.711111 0.983594 0.718056 0.975781 0.718056 0.972656 0.718056 0.971875 0.719444 0.970313 0.720833 0.971875 0.722222 0.968750 0.722222 0.967187 0.719444 0.962500 0.719444 0.958594 0.716667 0.954688 0.716667 0.944531 0.709722 0.941406 0.709722 0.929688 0.704167 0.921875 0.700000 0.914844 0.695833 0.914062 0.694444 0.912500 0.694444 0.914844 0.694444 0.915625 0.693056 0.918750 0.691667 0.921094 0.690278 0.925000 0.691667 0.926562 0.694444 0.926562 0.695833 0.928125 0.698611 0.928906 0.694444 0.926562 0.695833 0.926562 0.694444 0.929688 0.691667 0.927344 0.687500 0.934375 0.687500
26 0.787500 0.576389 0.786719 0.584722 0.785156 0.588889 0.787500 0.591667 0.789844 0.593056 0.792969 0.598611 0.793750 0.602778 0.794531 0.604167 0.796094 0.605556 0.798438 0.606944 0.800781 0.605556 0.801562 0.602778 0.800781 0.597222 0.800000 0.597222 0.798438 0.594444 0.800781 0.588889 0.800000 0.586111 0.799219 0.583333 0.796875 0.579167 0.794531 0.577778 0.787500 0.576389
26 0.565625 0.470833 0.567969 0.473611 0.573438 0.472222 0.574219 0.473611 0.575781 0.476389 0.579688 0.473611 0.581250 0.476389 0.582031 0.483333 0.583594 0.484722 0.588281 0.483333 0.591406 0.476389 0.591406 0.479167 0.592187 0.481944 0.596094 0.488889 0.598437 0.491667 0.601562 0.491667 0.605469 0.494444 0.610938 0.500000 0.617188 0.501389 0.620313 0.502778 0.621875 0.505556 0.625781 0.505556 0.626563 0.506944 0.628125 0.506944 0.621875 0.506944 0.620313 0.509722 0.622656 0.512500 0.627344 0.519444 0.617188 0.519444 0.614844 0.516667 0.611719 0.515278 0.607812 0.515278 0.609375 0.513889 0.610938 0.512500 0.606250 0.505556 0.603906 0.509722 0.601562 0.508333 0.602344 0.502778 0.596875 0.498611 0.594531 0.493056 0.589844 0.491667 0.585156 0.490278 0.583594 0.493056 0.582031 0.490278 0.580469 0.493056 0.578906 0.494444 0.579688 0.488889 0.578125 0.486111 0.575781 0.484722 0.574219 0.486111 0.573438 0.486111 0.570312 0.481944 0.567187 0.479167 0.564063 0.479167 0.563281 0.481944 0.564844 0.484722 0.566406 0.487500 0.567969 0.490278 0.569531 0.490278 0.571875 0.488889 0.573438 0.486111 0.574219 0.486111 0.573438 0.490278 0.574219 0.493056 0.578906 0.494444 0.580469 0.493056 0.582812 0.498611 0.584375 0.500000 0.588281 0.498611 0.589844 0.500000 0.590625 0.502778 0.592969 0.502778 0.593750 0.504167 0.595313 0.504167 0.596094 0.506944 0.596094 0.508333 0.596094 0.511111 0.599219 0.513889 0.600000 0.511111 0.603125 0.515278 0.600000 0.515278 0.596875 0.513889 0.591406 0.511111 0.589844 0.509722 0.588281 0.506944 0.586719 0.505556 0.584375 0.505556 0.584375 0.502778 0.582812 0.504167 0.581250 0.504167 0.574219 0.498611 0.572656 0.498611 0.570312 0.495833 0.567187 0.490278 0.564844 0.488889 0.563281 0.486111 0.563281 0.483333 0.560937 0.481944 0.559375 0.480556 0.557813 0.479167 0.557031 0.473611 0.560156 0.473611 0.562500 0.470833 0.565625 0.470833
26 0.578906 0.454167 0.576562 0.456944 0.579688 0.458333 0.585156 0.456944 0.585938 0.455556 0.587500 0.455556 0.584375 0.454167 0.578906 0.454167
27 0.499219 0.405556 0.496875 0.409722 0.495312 0.409722 0.493750 0.412500 0.491406 0.411111 0.489844 0.415278 0.489063 0.418056 0.489844 0.422222 0.489063 0.425000 0.491406 0.430556 0.493750 0.434722 0.495312 0.436111 0.496875 0.436111 0.497656 0.430556 0.500781 0.430556 0.502344 0.433333 0.503125 0.433333 0.504687 0.437500 0.505469 0.433333 0.506250 0.438889 0.508594 0.438889 0.506250 0.433333 0.504687 0.431944 0.500781 0.430556 0.494531 0.431944 0.493750 0.426389 0.494531 0.415278 0.496094 0.412500 0.499219 0.412500 0.500000 0.409722 0.498437 0.408333 0.499219 0.405556
27 0.382812 0.386111 0.382031 0.387500 0.382031 0.393056 0.379688 0.397222 0.379688 0.398611 0.378125 0.401389 0.375781 0.401389 0.381250 0.400000 0.379688 0.398611 0.381250 0.397222 0.382812 0.394444 0.383594 0.383333 0.382812 0.386111
27 0.562500 0.380556 0.564063 0.381944 0.565625 0.380556 0.562500 0.380556
27 0.646094 0.375000 0.647656 0.377778 0.647656 0.384722 0.650000 0.388889 0.654687 0.388889 0.655469 0.390278 0.653125 0.393056 0.650781 0.397222 0.652344 0.401389 0.654687 0.398611 0.655469 0.394444 0.655469 0.390278 0.654687 0.388889 0.657031 0.391667 0.660937 0.391667 0.661719 0.397222 0.660156 0.398611 0.660937 0.400000 0.660156 0.404167 0.661719 0.405556 0.660156 0.405556 0.656250 0.405556 0.656250 0.401389 0.648438 0.402778 0.647656 0.398611 0.647656 0.393056 0.646875 0.394444 0.645312 0.391667 0.644531 0.388889 0.643750 0.388889 0.642188 0.386111 0.640625 0.386111 0.641406 0.380556 0.641406 0.377778 0.639062 0.376389 0.640625 0.375000 0.646094 0.375000
27 0.547656 0.370833 0.547656 0.373611 0.549219 0.372222 0.547656 0.370833
27 0.619531 0.155556 0.621094 0.156944 0.622656 0.158333 0.623437 0.163889 0.621094 0.168056 0.619531 0.165278 0.617188 0.166667 0.618750 0.169444 0.621094 0.168056 0.623437 0.163889 0.624219 0.163889 0.625781 0.166667 0.625781 0.168056 0.628125 0.172222 0.628906 0.176389 0.630469 0.179167 0.632812 0.180556 0.638281 0.179167 0.641406 0.183333 0.643750 0.184722 0.646875 0.184722 0.648438 0.186111 0.650000 0.188889 0.651563 0.190278 0.651563 0.190278 0.650781 0.193056 0.652344 0.195833 0.653125 0.198611 0.653125 0.202778 0.655469 0.198611 0.654687 0.195833 0.651563 0.190278 0.651563 0.190278 0.653125 0.190278 0.654687 0.191667 0.655469 0.193056 0.655469 0.194444 0.657031 0.197222 0.657031 0.231944 0.660937 0.233333 0.662500 0.233333 0.666406 0.241667 0.664844 0.238889 0.663281 0.237500 0.663281 0.243056 0.664062 0.247222 0.665625 0.251389 0.667188 0.244444 0.667188 0.265278 0.669531 0.269444 0.670312 0.273611 0.666406 0.275000 0.664844 0.276389 0.664844 0.276389 0.665625 0.276389 0.667188 0.270833 0.665625 0.266667 0.664844 0.262500 0.664062 0.269444 0.663281 0.272222 0.660156 0.276389 0.661719 0.279167 0.663281 0.279167 0.664844 0.276389 0.664844 0.276389 0.660937 0.281944 0.657813 0.284722 0.653906 0.283333 0.652344 0.280556 0.650781 0.279167 0.649219 0.280556 0.646875 0.287500 0.641406 0.297222 0.640625 0.301389 0.639844 0.322222 0.641406 0.325000 0.642188 0.329167 0.643750 0.330556 0.644531 0.330556 0.646094 0.331944 0.647656 0.340278 0.646875 0.345833 0.646875 0.347222 0.642188 0.347222 0.640625 0.350000 0.639844 0.350000 0.638281 0.354167 0.636719 0.354167 0.635938 0.356944 0.633594 0.358333 0.632812 0.355556 0.632812 0.352778 0.631250 0.350000 0.631250 0.343056 0.628125 0.343056 0.628125 0.337500 0.625781 0.336111 0.625781 0.331944 0.625781 0.329167 0.625781 0.325000 0.623437 0.329167 0.623437 0.336111 0.621094 0.340278 0.619531 0.345833 0.617188 0.348611 0.617969 0.359722 0.616406 0.365278 0.612500 0.365278 0.610156 0.369444 0.610938 0.377778 0.602344 0.377778 0.600781 0.373611 0.602344 0.370833 0.603125 0.359722 0.604688 0.337500 0.607812 0.286111 0.607812 0.266667 0.609375 0.250000 0.609375 0.227778 0.610938 0.229167 0.614844 0.229167 0.613281 0.226389 0.611719 0.226389 0.610938 0.229167 0.609375 0.227778 0.610156 0.212500 0.610938 0.200000 0.611719 0.195833 0.611719 0.177778 0.612500 0.172222 0.613281 0.165278 0.614844 0.161111 0.614062 0.155556 0.616406 0.154167 0.619531 0.155556
27 0.633594 0.000000 0.634375 0.004167 0.635156 0.000000 0.655469 0.000000 0.655469 0.002778 0.653906 0.004167 0.655469 0.006944 0.657813 0.006944 0.658594 0.008333 0.660937 0.006944 0.659375 0.002778 0.659375 0.000000 0.663281 0.000000 0.664062 0.004167 0.665625 0.001389 0.671094 0.000000 0.669531 0.002778 0.669531 0.006944 0.668750 0.009722 0.666406 0.009722 0.664062 0.013889 0.662500 0.015278 0.657031 0.015278 0.658594 0.012500 0.654687 0.008333 0.653125 0.011111 0.654687 0.013889 0.651563 0.015278 0.650781 0.012500 0.647656 0.019444 0.646094 0.020833 0.644531 0.022222 0.639062 0.022222 0.641406 0.022222 0.642969 0.020833 0.644531 0.018056 0.645312 0.018056 0.641406 0.013889 0.638281 0.009722 0.632031 0.009722 0.631250 0.015278 0.632031 0.018056 0.629687 0.013889 0.627344 0.012500 0.628906 0.012500 0.624219 0.008333 0.625000 0.005556 0.628906 0.005556 0.627344 0.002778 0.625000 0.005556 0.624219 0.008333 0.622656 0.009722 0.621094 0.012500 0.620313 0.009722 0.617969 0.012500 0.619531 0.013889 0.617969 0.016667 0.617969 0.027778 0.616406 0.034722 0.617188 0.036111 0.615625 0.043056 0.615625 0.052778 0.614844 0.061111 0.613281 0.066667 0.614062 0.069444 0.613281 0.080556 0.611719 0.083333 0.611719 0.088889 0.610156 0.091667 0.609375 0.094444 0.610156 0.097222 0.609375 0.100000 0.605469 0.100000 0.603125 0.097222 0.600000 0.095833 0.599219 0.094444 0.597656 0.094444 0.596875 0.095833 0.595313 0.095833 0.594531 0.094444 0.592187 0.094444 0.591406 0.097222 0.588281 0.101389 0.589063 0.104167 0.591406 0.104167 0.596094 0.108333 0.603125 0.097222 0.605469 0.100000 0.605469 0.102778 0.603906 0.104167 0.607812 0.105556 0.604688 0.108333 0.602344 0.108333 0.599219 0.111111 0.598437 0.113889 0.596094 0.120833 0.597656 0.127778 0.598437 0.134722 0.600781 0.138889 0.599219 0.143056 0.600000 0.145833 0.601562 0.144444 0.603125 0.150000 0.604688 0.148611 0.606250 0.151389 0.605469 0.154167 0.604688 0.156944 0.603125 0.154167 0.601562 0.156944 0.601562 0.162500 0.602344 0.165278 0.603125 0.166667 0.603906 0.166667 0.604688 0.176389 0.603125 0.179167 0.603125 0.187500 0.600000 0.197222 0.599219 0.204167 0.600000 0.206944 0.601562 0.202778 0.603125 0.201389 0.602344 0.198611 0.603125 0.194444 0.603125 0.205556 0.600000 0.208333 0.599219 0.213889 0.599219 0.219444 0.597656 0.222222 0.596875 0.226389 0.596875 0.230556 0.594531 0.237500 0.594531 0.240278 0.596094 0.240278 0.597656 0.236111 0.598437 0.231944 0.598437 0.236111 0.596094 0.241667 0.596875 0.244444 0.595313 0.245833 0.595313 0.251389 0.592969 0.255556 0.594531 0.258333 0.592187 0.273611 0.590625 0.279167 0.591406 0.283333 0.594531 0.273611 0.595313 0.269444 0.594531 0.276389 0.596094 0.279167 0.596094 0.284722 0.597656 0.293056 0.597656 0.294444 0.596094 0.297222 0.597656 0.300000 0.597656 0.294444 0.597656 0.293056 0.598437 0.281944 0.598437 0.300000 0.596094 0.322222 0.596094 0.333333 0.595313 0.343056 0.594531 0.354167 0.590625 0.352778 0.588281 0.356944 0.579688 0.356944 0.578906 0.358333 0.577344 0.359722 0.579688 0.361111 0.588281 0.361111 0.592969 0.359722 0.595313 0.359722 0.600781 0.361111 0.600000 0.370833 0.599219 0.365278 0.596875 0.368056 0.595313 0.370833 0.593750 0.363889 0.585938 0.362500 0.582812 0.362500 0.581250 0.359722 0.581250 0.363889 0.578906 0.363889 0.576562 0.365278 0.575781 0.368056 0.575781 0.372222 0.575000 0.375000 0.573438 0.377778 0.566406 0.377778 0.564844 0.376389 0.570312 0.376389 0.571875 0.375000 0.574219 0.370833 0.574219 0.368056 0.575781 0.365278 0.576562 0.362500 0.573438 0.363889 0.573438 0.365278 0.571875 0.368056 0.570312 0.369444 0.566406 0.369444 0.561719 0.368056 0.560937 0.365278 0.560156 0.361111 0.559375 0.363889 0.558594 0.368056 0.558594 0.351389 0.557031 0.345833 0.556250 0.372222 0.559375 0.372222 0.560156 0.375000 0.563281 0.375000 0.560156 0.376389 0.558594 0.384722 0.557813 0.383333 0.557031 0.384722 0.555469 0.379167 0.553906 0.394444 0.553906 0.383333 0.552344 0.380556 0.550781 0.387500 0.550781 0.393056 0.550000 0.390278 0.547656 0.393056 0.546875 0.398611 0.546875 0.433333 0.545312 0.438889 0.545312 0.443056 0.546094 0.431944 0.545312 0.427778 0.543750 0.430556 0.543750 0.438889 0.543750 0.436111 0.542188 0.433333 0.540625 0.434722 0.543750 0.430556 0.544531 0.425000 0.544531 0.405556 0.546094 0.401389 0.546094 0.397222 0.546875 0.393056 0.547656 0.390278 0.549219 0.387500 0.550000 0.384722 0.550000 0.379167 0.553125 0.368056 0.553125 0.363889 0.555469 0.359722 0.556250 0.350000 0.556250 0.336111 0.559375 0.337500 0.559375 0.341667 0.559375 0.341667 0.559375 0.358333 0.560937 0.348611 0.559375 0.341667 0.559375 0.341667 0.562500 0.345833 0.563281 0.348611 0.565625 0.350000 0.567969 0.348611 0.564844 0.345833 0.562500 0.343056 0.560937 0.337500 0.562500 0.336111 0.560937 0.333333 0.559375 0.334722 0.559375 0.331944 0.559375 0.330556 0.560156 0.327778 0.560937 0.325000 0.560937 0.322222 0.559375 0.312500 0.559375 0.311111 0.560156 0.304167 0.559375 0.297222 0.558594 0.294444 0.559375 0.297222 0.559375 0.287500 0.559375 0.284722 0.560156 0.276389 0.559375 0.265278 0.557813 0.262500 0.557031 0.275000 0.555469 0.277778 0.554688 0.284722 0.554688 0.293056 0.553906 0.294444 0.553906 0.298611 0.550000 0.300000 0.553125 0.301389 0.553125 0.312500 0.552344 0.318056 0.550781 0.320833 0.551562 0.325000 0.550781 0.326389 0.550781 0.329167 0.552344 0.330556 0.553125 0.333333 0.553906 0.325000 0.554688 0.323611 0.556250 0.319444 0.554688 0.311111 0.556250 0.305556 0.557031 0.300000 0.556250 0.294444 0.557031 0.293056 0.557031 0.290278 0.557813 0.300000 0.557031 0.304167 0.557813 0.308333 0.559375 0.311111 0.559375 0.312500 0.559375 0.330556 0.559375 0.331944 0.557813 0.331944 0.557031 0.333333 0.554688 0.331944 0.555469 0.331944 0.557031 0.330556 0.557031 0.318056 0.555469 0.320833 0.555469 0.323611 0.553906 0.326389 0.553906 0.329167 0.555469 0.331944 0.554688 0.331944 0.553906 0.334722 0.552344 0.336111 0.553906 0.338889 0.553906 0.343056 0.552344 0.344444 0.550781 0.347222 0.550000 0.350000 0.552344 0.350000 0.550781 0.347222 0.552344 0.344444 0.553125 0.354167 0.551562 0.359722 0.551562 0.365278 0.550000 0.368056 0.547656 0.366667 0.546875 0.361111 0.545312 0.363889 0.544531 0.373611 0.544531 0.376389 0.545312 0.394444 0.543750 0.394444 0.542969 0.397222 0.542188 0.402778 0.542969 0.411111 0.542969 0.413889 0.541406 0.418056 0.541406 0.425000 0.539844 0.427778 0.538281 0.427778 0.536719 0.429167 0.535156 0.431944 0.535937 0.433333 0.534375 0.434722 0.535937 0.433333 0.530469 0.425000 0.530469 0.425000 0.528906 0.420833 0.528125 0.419444 0.526563 0.416667 0.520312 0.415278 0.518750 0.418056 0.519531 0.420833 0.521875 0.418056 0.524219 0.418056 0.528906 0.426389 0.530469 0.425000 0.530469 0.425000 0.532813 0.433333 0.531250 0.434722 0.529687 0.430556 0.529687 0.427778 0.528125 0.425000 0.525000 0.423611 0.524219 0.426389 0.522656 0.425000 0.521094 0.429167 0.517969 0.430556 0.519531 0.434722 0.519531 0.438889 0.516406 0.437500 0.514844 0.437500 0.516406 0.436111 0.516406 0.436111 0.517188 0.430556 0.518750 0.426389 0.519531 0.423611 0.518750 0.420833 0.517969 0.422222 0.518750 0.415278 0.516406 0.415278 0.515625 0.415278 0.514844 0.416667 0.514062 0.419444 0.515625 0.422222 0.517969 0.422222 0.518750 0.420833 0.517188 0.423611 0.516406 0.427778 0.513281 0.430556 0.515625 0.431944 0.516406 0.436111 0.516406 0.436111 0.513281 0.434722 0.513281 0.437500 0.511719 0.436111 0.510938 0.438889 0.510156 0.434722 0.507812 0.431944 0.507812 0.430556 0.506250 0.427778 0.502344 0.427778 0.501563 0.426389 0.499219 0.426389 0.499219 0.419444 0.500781 0.422222 0.503125 0.420833 0.502344 0.412500 0.500781 0.406944 0.500000 0.398611 0.499219 0.401389 0.497656 0.393056 0.496094 0.390278 0.493750 0.388889 0.493750 0.387500 0.496094 0.384722 0.494531 0.381944 0.492188 0.384722 0.492188 0.384722 0.493750 0.381944 0.489844 0.381944 0.492188 0.384722 0.492188 0.384722 0.493750 0.387500 0.493750 0.388889 0.492188 0.387500 0.491406 0.386111 0.490625 0.383333 0.489063 0.386111 0.487500 0.386111 0.485938 0.386111 0.487500 0.383333 0.483594 0.383333 0.480469 0.383333 0.481250 0.386111 0.481250 0.391667 0.479687 0.391667 0.478125 0.394444 0.477344 0.400000 0.475781 0.400000 0.475000 0.404167 0.472656 0.405556 0.472656 0.408333 0.471875 0.401389 0.474219 0.400000 0.474219 0.394444 0.475781 0.397222 0.479687 0.391667 0.477344 0.390278 0.475781 0.387500 0.474219 0.391667 0.471875 0.394444 0.471875 0.397222 0.457813 0.398611 0.459375 0.400000 0.458594 0.400000 0.457031 0.391667 0.457031 0.388889 0.457031 0.384722 0.457031 0.377778 0.458594 0.375000 0.458594 0.368056 0.457031 0.377778 0.457031 0.384722 0.455469 0.387500 0.455469 0.395833 0.454688 0.401389 0.454688 0.405556 0.456250 0.404167 0.458594 0.400000 0.459375 0.400000 0.457813 0.401389 0.460156 0.402778 0.461719 0.400000 0.470313 0.401389 0.468750 0.402778 0.464844 0.402778 0.462500 0.401389 0.460938 0.404167 0.460156 0.402778 0.459375 0.405556 0.457813 0.405556 0.453906 0.405556 0.451562 0.402778 0.450000 0.401389 0.449219 0.397222 0.448437 0.400000 0.446875 0.400000 0.445312 0.398611 0.446094 0.388889 0.444531 0.386111 0.443750 0.395833 0.440625 0.397222 0.443750 0.395833 0.440625 0.393056 0.437500 0.393056 0.433594 0.388889 0.433594 0.388889 0.433594 0.384722 0.432031 0.383333 0.430469 0.387500 0.433594 0.388889 0.433594 0.388889 0.431250 0.390278 0.432031 0.393056 0.430469 0.390278 0.430469 0.387500 0.429688 0.380556 0.428906 0.380556 0.428906 0.376389 0.423438 0.376389 0.425000 0.373611 0.423438 0.370833 0.421094 0.372222 0.421875 0.375000 0.417969 0.376389 0.417187 0.379167 0.414844 0.380556 0.417187 0.377778 0.418750 0.375000 0.416406 0.373611 0.405469 0.375000 0.410938 0.379167 0.407813 0.380556 0.405469 0.379167 0.403906 0.373611 0.402344 0.376389 0.401562 0.377778 0.400781 0.380556 0.397656 0.380556 0.399219 0.379167 0.400781 0.377778 0.393750 0.377778 0.396094 0.379167 0.394531 0.379167 0.392188 0.380556 0.390625 0.380556 0.389062 0.383333 0.385156 0.383333 0.389062 0.381944 0.390625 0.379167 0.389062 0.376389 0.387500 0.377778 0.386719 0.379167 0.382812 0.379167 0.380469 0.383333 0.380469 0.391667 0.378125 0.394444 0.376563 0.395833 0.372656 0.388889 0.371875 0.391667 0.372656 0.388889 0.372656 0.384722 0.368750 0.379167 0.365625 0.366667 0.362500 0.361111 0.361719 0.358333 0.361719 0.352778 0.360938 0.348611 0.358594 0.341667 0.357812 0.337500 0.357812 0.313889 0.355469 0.306944 0.354687 0.300000 0.351562 0.294444 0.350781 0.293056 0.349219 0.291667 0.346875 0.294444 0.344531 0.294444 0.342969 0.291667 0.339844 0.284722 0.337500 0.281944 0.335938 0.283333 0.335156 0.280556 0.331250 0.279167 0.328906 0.279167 0.325781 0.280556 0.322656 0.281944 0.321094 0.284722 0.317969 0.284722 0.313281 0.293056 0.312500 0.295833 0.311719 0.300000 0.311719 0.304167 0.310937 0.308333 0.308594 0.309722 0.307031 0.312500 0.310156 0.306944 0.309375 0.304167 0.303125 0.315278 0.302344 0.320833 0.302344 0.318056 0.300781 0.313889 0.299219 0.313889 0.298438 0.308333 0.296875 0.305556 0.295312 0.302778 0.290625 0.294444 0.289844 0.293056 0.288281 0.291667 0.286719 0.290278 0.278906 0.288889 0.276562 0.288889 0.270313 0.290278 0.272656 0.288889 0.267188 0.281944 0.263281 0.280556 0.261719 0.275000 0.261719 0.270833 0.260937 0.266667 0.260156 0.263889 0.255469 0.258333 0.254688 0.255556 0.253125 0.256944 0.251563 0.255556 0.247656 0.248611 0.235156 0.247222 0.230469 0.247222 0.228906 0.248611 0.226562 0.252778 0.224219 0.255556 0.222656 0.256944 0.221094 0.255556 0.217969 0.258333 0.217188 0.261111 0.214844 0.262500 0.213281 0.265278 0.212500 0.265278 0.211719 0.269444 0.208594 0.280556 0.207031 0.283333 0.205469 0.284722 0.204687 0.283333 0.201563 0.288889 0.196875 0.288889 0.196094 0.287500 0.192969 0.287500 0.192969 0.283333 0.192969 0.261111 0.192188 0.263889 0.192188 0.236111 0.189062 0.230556 0.188281 0.233333 0.187500 0.234722 0.187500 0.275000 0.186719 0.276389 0.186719 0.279167 0.186719 0.275000 0.187500 0.273611 0.186719 0.256944 0.185156 0.270833 0.185156 0.283333 0.183594 0.286111 0.184375 0.288889 0.185938 0.286111 0.185938 0.290278 0.183594 0.290278 0.182031 0.293056 0.182812 0.295833 0.181250 0.293056 0.178906 0.295833 0.178906 0.293056 0.175781 0.291667 0.174219 0.288889 0.173437 0.279167 0.174219 0.273611 0.171094 0.272222 0.167187 0.269444 0.165625 0.268056 0.160156 0.258333 0.157812 0.256944 0.154688 0.250000 0.148438 0.248611 0.147656 0.247222 0.146094 0.247222 0.144531 0.243056 0.140625 0.237500 0.139844 0.233333 0.137500 0.229167 0.135937 0.229167 0.134375 0.227778 0.133594 0.226389 0.133594 0.225000 0.132812 0.223611 0.132031 0.223611 0.130469 0.220833 0.126562 0.220833 0.124219 0.218056 0.119531 0.218056 0.117969 0.220833 0.115625 0.222222 0.115625 0.219444 0.114062 0.219444 0.112500 0.220833 0.110937 0.223611 0.109375 0.223611 0.108594 0.222222 0.107031 0.222222 0.107031 0.225000 0.107031 0.222222 0.103906 0.219444 0.102344 0.215278 0.101562 0.211111 0.098437 0.205556 0.097656 0.202778 0.097656 0.200000 0.096875 0.197222 0.096094 0.194444 0.095312 0.193056 0.094531 0.193056 0.092969 0.190278 0.092188 0.187500 0.091406 0.181944 0.086719 0.175000 0.085156 0.168056 0.083594 0.166667 0.082031 0.165278 0.080469 0.165278 0.078906 0.163889 0.071875 0.155556 0.069531 0.154167 0.067187 0.152778 0.065625 0.152778 0.064844 0.155556 0.060156 0.152778 0.057031 0.155556 0.052344 0.155556 0.056250 0.154167 0.042188 0.152778 0.035156 0.150000 0.026562 0.151389 0.024219 0.151389 0.023438 0.150000 0.021094 0.150000 0.017969 0.151389 0.016406 0.152778 0.014844 0.154167 0.013281 0.158333 0.011719 0.155556 0.010937 0.155556 0.008594 0.152778 0.007812 0.150000 0.007031 0.145833 0.007812 0.141667 0.005469 0.136111 0.003906 0.137500 0.002344 0.136111 0.003906 0.134722 0.000000 0.133333 0.000000 0.000000 0.633594 0.000000
