21 0.906250 0.548611 0.907031 0.551389 0.909375 0.550000 0.907813 0.548611 0.906250 0.548611
21 0.892188 0.536111 0.891406 0.538889 0.892188 0.541667 0.892188 0.536111
21 0.907813 0.512500 0.906250 0.518056 0.906250 0.525000 0.905469 0.527778 0.901563 0.534722 0.900000 0.534722 0.900781 0.537500 0.903906 0.538889 0.905469 0.543056 0.912500 0.543056 0.914062 0.541667 0.916406 0.537500 0.917969 0.540278 0.918750 0.534722 0.916406 0.533333 0.914844 0.529167 0.916406 0.527778 0.917188 0.525000 0.916406 0.520833 0.915625 0.526389 0.914844 0.523611 0.913281 0.520833 0.910156 0.518056 0.910937 0.513889 0.909375 0.512500 0.907813 0.512500
21 0.864844 0.488889 0.864062 0.491667 0.863281 0.495833 0.863281 0.500000 0.862500 0.502778 0.861719 0.505556 0.859375 0.509722 0.857812 0.511111 0.849219 0.515278 0.847656 0.516667 0.846094 0.518056 0.842969 0.522222 0.841406 0.526389 0.841406 0.529167 0.840625 0.531944 0.841406 0.534722 0.843750 0.538889 0.848437 0.538889 0.853125 0.543056 0.858594 0.552778 0.860156 0.554167 0.873437 0.554167 0.875000 0.552778 0.876563 0.543056 0.880469 0.544444 0.882812 0.541667 0.884375 0.541667 0.879687 0.540278 0.875000 0.541667 0.869531 0.547222 0.867969 0.547222 0.866406 0.544444 0.866406 0.540278 0.864062 0.538889 0.863281 0.536111 0.864844 0.530556 0.869531 0.530556 0.871094 0.529167 0.875781 0.530556 0.878125 0.527778 0.882031 0.527778 0.883594 0.527778 0.885156 0.530556 0.885938 0.540278 0.886719 0.526389 0.885938 0.520833 0.884375 0.516667 0.884375 0.512500 0.882812 0.509722 0.881250 0.508333 0.880469 0.502778 0.878906 0.502778 0.875781 0.500000 0.875781 0.498611 0.874219 0.495833 0.875000 0.488889 0.873437 0.487500 0.870313 0.487500 0.868750 0.490278 0.867188 0.487500 0.864844 0.488889
21 0.772656 0.456944 0.771094 0.458333 0.769531 0.455556 0.771094 0.459722 0.772656 0.461111 0.777344 0.461111 0.780469 0.462500 0.782813 0.465278 0.787500 0.465278 0.789062 0.468056 0.789844 0.470833 0.789844 0.473611 0.792188 0.472222 0.793750 0.470833 0.795312 0.468056 0.794531 0.461111 0.790625 0.462500 0.784375 0.458333 0.781250 0.458333 0.778906 0.461111 0.777344 0.461111 0.775000 0.456944 0.775000 0.454167 0.772656 0.456944
21 0.392969 0.420833 0.394531 0.423611 0.394531 0.425000 0.397656 0.431944 0.400000 0.441667 0.400781 0.444444 0.400000 0.441667 0.399219 0.438889 0.399219 0.436111 0.398438 0.433333 0.396094 0.429167 0.394531 0.422222 0.392969 0.420833
21 0.391406 0.411111 0.392969 0.411111 0.393750 0.412500 0.397656 0.412500 0.394531 0.412500 0.393750 0.411111 0.391406 0.411111
21 0.732812 0.402778 0.733594 0.400000 0.735938 0.406944 0.737500 0.413889 0.740625 0.419444 0.743750 0.420833 0.748437 0.422222 0.750000 0.419444 0.749219 0.416667 0.749219 0.413889 0.748437 0.411111 0.750000 0.412500 0.753906 0.413889 0.756250 0.416667 0.758594 0.420833 0.760156 0.426389 0.762500 0.429167 0.761719 0.433333 0.765625 0.440278 0.764844 0.445833 0.762500 0.445833 0.759375 0.447222 0.757812 0.450000 0.759375 0.454167 0.757031 0.456944 0.764062 0.459722 0.765625 0.461111 0.765625 0.463889 0.766406 0.466667 0.771094 0.466667 0.773438 0.468056 0.775781 0.469444 0.779687 0.475000 0.782031 0.475000 0.784375 0.476389 0.788281 0.483333 0.789844 0.484722 0.791406 0.484722 0.792188 0.483333 0.794531 0.481944 0.792969 0.477778 0.800000 0.477778 0.801562 0.479167 0.803906 0.483333 0.805469 0.483333 0.805469 0.491667 0.807031 0.497222 0.807031 0.502778 0.810156 0.508333 0.810156 0.518056 0.804688 0.520833 0.803906 0.518056 0.801562 0.513889 0.798438 0.515278 0.792188 0.508333 0.790625 0.505556 0.788281 0.508333 0.792188 0.508333 0.798438 0.515278 0.802344 0.522222 0.803906 0.527778 0.804688 0.520833 0.810156 0.518056 0.812500 0.518056 0.814063 0.522222 0.816406 0.520833 0.822656 0.533333 0.823438 0.537500 0.825781 0.540278 0.825781 0.544444 0.826562 0.545833 0.826562 0.552778 0.825000 0.566667 0.824219 0.568056 0.824219 0.572222 0.825000 0.577778 0.827344 0.581944 0.828906 0.583333 0.831250 0.584722 0.835938 0.586111 0.837500 0.588889 0.840625 0.588889 0.842969 0.593056 0.842969 0.600000 0.839844 0.598611 0.838281 0.598611 0.832031 0.600000 0.825781 0.597222 0.820312 0.595833 0.818750 0.595833 0.807813 0.595833 0.805469 0.593056 0.809375 0.586111 0.810937 0.583333 0.809375 0.576389 0.809375 0.586111 0.805469 0.593056 0.800781 0.593056 0.800000 0.590278 0.798438 0.590278 0.796875 0.588889 0.798438 0.586111 0.798438 0.579167 0.797656 0.575000 0.796875 0.572222 0.794531 0.568056 0.790625 0.563889 0.781250 0.562500 0.757031 0.562500 0.753125 0.563889 0.751563 0.565278 0.750000 0.568056 0.748437 0.573611 0.747656 0.575000 0.743750 0.580556 0.742188 0.584722 0.740625 0.594444 0.739844 0.597222 0.734375 0.598611 0.732031 0.597222 0.728125 0.593056 0.725000 0.591667 0.721094 0.591667 0.718750 0.587500 0.715625 0.590278 0.712500 0.590278 0.707031 0.588889 0.701562 0.591667 0.692969 0.593056 0.691406 0.593056 0.686719 0.590278 0.685156 0.593056 0.681250 0.593056 0.674219 0.593056 0.669531 0.591667 0.661719 0.594444 0.639844 0.595833 0.638281 0.595833 0.629687 0.594444 0.627344 0.591667 0.606250 0.593056 0.563281 0.590278 0.561719 0.590278 0.531250 0.591667 0.508594 0.588889 0.507031 0.588889 0.501563 0.590278 0.465625 0.588889 0.464844 0.587500 0.457031 0.587500 0.457813 0.580556 0.458594 0.577778 0.459375 0.575000 0.463281 0.568056 0.465625 0.566667 0.468750 0.565278 0.472656 0.565278 0.480469 0.566667 0.485156 0.563889 0.484375 0.561111 0.486719 0.558333 0.489063 0.556944 0.492188 0.551389 0.494531 0.551389 0.496094 0.552778 0.496094 0.555556 0.495312 0.558333 0.492969 0.561111 0.489063 0.559722 0.487500 0.559722 0.491406 0.565278 0.492969 0.566667 0.496875 0.572222 0.499219 0.573611 0.504687 0.573611 0.510156 0.569444 0.517969 0.568056 0.521094 0.565278 0.524219 0.565278 0.525781 0.562500 0.528125 0.562500 0.529687 0.559722 0.530469 0.555556 0.530469 0.545833 0.528906 0.536111 0.528125 0.530556 0.525781 0.526389 0.524219 0.525000 0.517969 0.523611 0.515625 0.519444 0.514844 0.516667 0.515625 0.506944 0.515625 0.502778 0.514062 0.498611 0.510938 0.493056 0.509375 0.491667 0.507812 0.490278 0.503125 0.490278 0.500781 0.493056 0.499219 0.495833 0.497656 0.500000 0.495312 0.508333 0.494531 0.516667 0.495312 0.522222 0.495312 0.525000 0.494531 0.526389 0.494531 0.530556 0.493750 0.533333 0.491406 0.537500 0.486719 0.537500 0.485156 0.536111 0.483594 0.534722 0.480469 0.529167 0.471875 0.522222 0.469531 0.519444 0.464844 0.511111 0.463281 0.509722 0.457813 0.512500 0.453125 0.512500 0.450000 0.509722 0.442969 0.511111 0.439063 0.508333 0.430469 0.508333 0.428906 0.509722 0.425000 0.516667 0.424219 0.519444 0.423438 0.522222 0.423438 0.525000 0.421875 0.522222 0.419531 0.515278 0.417187 0.506944 0.416406 0.500000 0.414844 0.497222 0.414062 0.494444 0.413281 0.486111 0.412500 0.481944 0.407813 0.468056 0.406250 0.459722 0.405469 0.456944 0.404687 0.454167 0.403125 0.451389 0.402344 0.448611 0.406250 0.448611 0.408594 0.451389 0.410938 0.455556 0.414062 0.455556 0.414844 0.456944 0.417187 0.456944 0.417969 0.455556 0.425781 0.452778 0.443750 0.454167 0.446875 0.452778 0.451562 0.454167 0.451562 0.450000 0.453125 0.450000 0.459375 0.461111 0.462500 0.469444 0.464062 0.472222 0.467969 0.475000 0.468750 0.477778 0.471094 0.479167 0.481250 0.479167 0.483594 0.477778 0.485156 0.476389 0.489844 0.468056 0.491406 0.461111 0.493750 0.459722 0.495312 0.459722 0.498437 0.461111 0.499219 0.444444 0.500000 0.443056 0.500000 0.438889 0.501563 0.438889 0.501563 0.459722 0.503125 0.462500 0.507031 0.463889 0.509375 0.462500 0.510938 0.459722 0.511719 0.465278 0.512500 0.466667 0.515625 0.469444 0.514062 0.470833 0.516406 0.472222 0.524219 0.472222 0.529687 0.475000 0.532031 0.475000 0.534375 0.470833 0.542188 0.470833 0.545312 0.475000 0.547656 0.476389 0.550000 0.477778 0.562500 0.476389 0.565625 0.476389 0.574219 0.477778 0.577344 0.476389 0.579688 0.473611 0.587500 0.472222 0.597656 0.472222 0.600781 0.475000 0.609375 0.473611 0.614844 0.475000 0.623437 0.473611 0.626563 0.472222 0.627344 0.468056 0.628906 0.468056 0.628906 0.472222 0.630469 0.475000 0.631250 0.476389 0.634375 0.477778 0.635156 0.476389 0.639062 0.477778 0.641406 0.477778 0.641406 0.475000 0.643750 0.480556 0.647656 0.484722 0.648438 0.480556 0.650000 0.480556 0.651563 0.483333 0.653906 0.483333 0.656250 0.486111 0.659375 0.487500 0.664062 0.487500 0.661719 0.488889 0.667188 0.488889 0.665625 0.487500 0.669531 0.490278 0.671094 0.490278 0.674219 0.488889 0.685156 0.490278 0.690625 0.487500 0.692969 0.486111 0.694531 0.483333 0.694531 0.480556 0.697656 0.486111 0.699219 0.486111 0.701562 0.486111 0.703906 0.484722 0.730469 0.484722 0.733594 0.483333 0.735938 0.479167 0.743750 0.480556 0.746094 0.479167 0.748437 0.477778 0.750781 0.473611 0.750781 0.472222 0.753125 0.469444 0.758594 0.480556 0.758594 0.488889 0.760156 0.487500 0.761719 0.484722 0.762500 0.481944 0.758594 0.480556 0.753125 0.469444 0.753906 0.468056 0.756250 0.462500 0.757031 0.458333 0.754687 0.452778 0.753906 0.448611 0.755469 0.445833 0.755469 0.436111 0.756250 0.434722 0.756250 0.426389 0.753125 0.423611 0.744531 0.423611 0.737500 0.422222 0.735156 0.420833 0.732031 0.415278 0.725781 0.415278 0.730469 0.415278 0.732031 0.412500 0.732031 0.400000 0.732812 0.402778
21 0.371094 0.388889 0.371875 0.391667 0.372656 0.390278 0.376563 0.391667 0.380469 0.395833 0.382812 0.400000 0.386719 0.405556 0.389844 0.412500 0.389844 0.413889 0.391406 0.416667 0.389844 0.413889 0.389844 0.411111 0.389062 0.406944 0.386719 0.406944 0.387500 0.402778 0.389062 0.404167 0.386719 0.401389 0.385937 0.404167 0.380469 0.394444 0.376563 0.390278 0.373437 0.390278 0.372656 0.388889 0.371094 0.388889
21 0.339844 0.388889 0.345313 0.388889 0.346875 0.390278 0.339844 0.388889
21 0.362500 0.386111 0.356250 0.387500 0.353906 0.390278 0.356250 0.387500 0.358594 0.390278 0.369531 0.390278 0.368750 0.387500 0.365625 0.387500 0.364844 0.386111 0.362500 0.386111
21 0.349219 0.384722 0.347656 0.386111 0.349219 0.387500 0.353125 0.387500 0.349219 0.384722
21 0.328125 0.383333 0.328125 0.386111 0.325781 0.386111 0.330469 0.386111 0.331250 0.387500 0.336719 0.387500 0.334375 0.387500 0.333594 0.386111 0.331250 0.386111 0.330469 0.383333 0.328125 0.383333
21 0.279687 0.376389 0.282813 0.376389 0.285156 0.377778 0.289844 0.379167 0.296875 0.380556 0.306250 0.381944 0.317188 0.381944 0.317969 0.383333 0.320312 0.381944 0.318750 0.380556 0.306250 0.380556 0.297656 0.377778 0.287500 0.377778 0.282813 0.375000 0.279687 0.376389
21 0.000000 0.337500 0.000000 0.341667 0.003125 0.341667 0.003906 0.343056 0.006250 0.343056 0.004687 0.340278 0.003125 0.338889 0.000000 0.337500
21 0.067969 0.318056 0.075781 0.320833 0.084375 0.322222 0.092969 0.322222 0.094531 0.319444 0.096875 0.319444 0.100000 0.325000 0.109375 0.326389 0.120313 0.327778 0.119531 0.331944 0.122656 0.334722 0.124219 0.333333 0.133594 0.334722 0.139844 0.336111 0.140625 0.337500 0.146094 0.337500 0.147656 0.338889 0.147656 0.343056 0.147656 0.347222 0.150000 0.345833 0.160938 0.347222 0.150000 0.347222 0.148438 0.350000 0.149219 0.352778 0.150781 0.355556 0.156250 0.356944 0.164844 0.358333 0.181250 0.361111 0.189844 0.361111 0.199219 0.362500 0.203906 0.365278 0.205469 0.365278 0.207031 0.362500 0.213281 0.362500 0.220312 0.365278 0.230469 0.365278 0.237500 0.368056 0.246094 0.368056 0.253906 0.369444 0.260937 0.370833 0.267969 0.372222 0.268750 0.373611 0.274219 0.373611 0.271875 0.375000 0.271094 0.373611 0.260156 0.375000 0.257812 0.375000 0.250000 0.373611 0.245312 0.370833 0.220312 0.370833 0.217188 0.368056 0.207031 0.368056 0.200000 0.369444 0.196094 0.370833 0.193750 0.372222 0.189844 0.375000 0.185156 0.379167 0.179688 0.386111 0.177344 0.387500 0.176563 0.388889 0.173437 0.395833 0.171094 0.393056 0.168750 0.391667 0.166406 0.388889 0.164844 0.390278 0.157031 0.391667 0.156250 0.388889 0.154688 0.386111 0.150000 0.381944 0.146094 0.381944 0.144531 0.383333 0.142969 0.386111 0.141406 0.391667 0.141406 0.395833 0.140625 0.397222 0.140625 0.400000 0.141406 0.401389 0.141406 0.405556 0.142187 0.409722 0.142969 0.412500 0.146094 0.418056 0.150781 0.416667 0.153906 0.415278 0.155469 0.413889 0.156250 0.412500 0.157031 0.409722 0.157812 0.405556 0.157812 0.398611 0.157031 0.391667 0.164844 0.390278 0.166406 0.393056 0.168750 0.395833 0.171875 0.398611 0.168750 0.404167 0.166406 0.409722 0.164844 0.413889 0.164062 0.416667 0.163281 0.422222 0.162500 0.425000 0.160156 0.431944 0.155469 0.443056 0.154688 0.445833 0.153906 0.448611 0.153906 0.451389 0.153125 0.454167 0.150781 0.459722 0.148438 0.469444 0.146875 0.475000 0.146094 0.481944 0.146094 0.488889 0.145313 0.493056 0.144531 0.495833 0.142187 0.500000 0.140625 0.500000 0.138281 0.504167 0.137500 0.506944 0.137500 0.509722 0.135937 0.512500 0.133594 0.513889 0.132812 0.515278 0.132031 0.518056 0.132031 0.520833 0.131250 0.523611 0.128125 0.529167 0.127344 0.531944 0.127344 0.554167 0.125781 0.558333 0.125781 0.563889 0.125000 0.568056 0.123438 0.572222 0.123438 0.575000 0.123438 0.570833 0.125000 0.568056 0.125781 0.562500 0.125781 0.556944 0.127344 0.552778 0.127344 0.537500 0.126562 0.534722 0.125781 0.533333 0.124219 0.531944 0.122656 0.531944 0.117969 0.525000 0.115625 0.522222 0.110937 0.518056 0.108594 0.516667 0.103125 0.515278 0.096875 0.513889 0.090625 0.512500 0.077344 0.512500 0.071875 0.513889 0.069531 0.515278 0.064062 0.519444 0.062500 0.522222 0.061719 0.522222 0.060937 0.523611 0.060937 0.525000 0.059375 0.526389 0.059375 0.523611 0.060156 0.519444 0.062500 0.511111 0.064062 0.506944 0.067969 0.500000 0.070312 0.497222 0.074219 0.493056 0.075781 0.491667 0.078906 0.490278 0.080469 0.488889 0.082812 0.486111 0.085156 0.481944 0.085156 0.479167 0.082031 0.473611 0.080469 0.472222 0.078125 0.470833 0.075781 0.469444 0.071875 0.468056 0.067969 0.466667 0.061719 0.466667 0.057031 0.469444 0.052344 0.470833 0.047656 0.470833 0.045312 0.469444 0.043750 0.468056 0.041406 0.463889 0.040625 0.459722 0.039062 0.448611 0.038281 0.445833 0.036719 0.443056 0.033594 0.440278 0.029687 0.440278 0.028125 0.441667 0.026562 0.443056 0.021875 0.451389 0.021094 0.454167 0.020313 0.456944 0.019531 0.461111 0.019531 0.466667 0.021094 0.469444 0.021094 0.472222 0.020313 0.481944 0.021875 0.488889 0.022656 0.497222 0.021875 0.504167 0.019531 0.513889 0.019531 0.518056 0.023438 0.525000 0.025781 0.526389 0.035937 0.526389 0.039062 0.527778 0.040625 0.529167 0.042188 0.530556 0.046094 0.536111 0.046875 0.536111 0.045312 0.544444 0.046094 0.550000 0.043750 0.556944 0.044531 0.565278 0.044531 0.569444 0.042969 0.572222 0.040625 0.573611 0.034375 0.573611 0.028906 0.570833 0.016406 0.570833 0.015625 0.576389 0.015625 0.579167 0.000000 0.579167 0.000000 0.348611 0.007031 0.348611 0.011719 0.351389 0.012500 0.354167 0.012500 0.356944 0.014063 0.359722 0.014844 0.359722 0.017188 0.363889 0.019531 0.370833 0.025000 0.372222 0.032813 0.370833 0.035937 0.365278 0.049219 0.380556 0.048438 0.384722 0.047656 0.386111 0.046875 0.387500 0.046094 0.395833 0.046875 0.419444 0.047656 0.422222 0.051562 0.429167 0.056250 0.433333 0.060937 0.433333 0.066406 0.430556 0.075781 0.431944 0.078906 0.431944 0.082031 0.430556 0.083594 0.429167 0.085156 0.427778 0.089844 0.419444 0.091406 0.415278 0.095312 0.401389 0.096094 0.398611 0.087500 0.383333 0.085156 0.377778 0.084375 0.376389 0.082812 0.375000 0.082031 0.375000 0.078906 0.370833 0.076563 0.369444 0.066406 0.369444 0.062500 0.370833 0.058594 0.373611 0.057031 0.375000 0.053906 0.379167 0.052344 0.380556 0.050781 0.381944 0.049219 0.380556 0.035937 0.365278 0.036719 0.361111 0.037500 0.355556 0.037500 0.351389 0.035937 0.348611 0.037500 0.348611 0.038281 0.337500 0.039844 0.336111 0.043750 0.338889 0.055469 0.340278 0.057813 0.340278 0.060156 0.341667 0.061719 0.338889 0.060937 0.333333 0.061719 0.318056 0.067969 0.318056
21 0.752344 0.315278 0.752344 0.343056 0.753906 0.345833 0.756250 0.347222 0.756250 0.350000 0.755469 0.351389 0.755469 0.354167 0.753906 0.350000 0.752344 0.356944 0.749219 0.358333 0.748437 0.354167 0.745313 0.359722 0.744531 0.359722 0.742188 0.363889 0.744531 0.363889 0.746094 0.363889 0.747656 0.362500 0.748437 0.361111 0.749219 0.358333 0.752344 0.356944 0.753906 0.359722 0.753125 0.363889 0.742969 0.380556 0.740625 0.376389 0.739844 0.373611 0.737500 0.379167 0.736719 0.383333 0.733594 0.384722 0.733594 0.380556 0.732812 0.379167 0.732812 0.369444 0.731250 0.366667 0.729688 0.366667 0.731250 0.366667 0.732031 0.362500 0.728125 0.359722 0.723437 0.359722 0.722656 0.358333 0.718750 0.359722 0.720313 0.362500 0.725000 0.365278 0.727344 0.365278 0.721875 0.363889 0.722656 0.370833 0.719531 0.373611 0.716406 0.372222 0.717187 0.376389 0.715625 0.376389 0.715625 0.380556 0.717187 0.381944 0.719531 0.381944 0.720313 0.383333 0.722656 0.383333 0.715625 0.383333 0.714063 0.411111 0.714844 0.413889 0.714844 0.415278 0.721875 0.416667 0.716406 0.416667 0.712500 0.418056 0.708594 0.420833 0.704688 0.420833 0.700000 0.422222 0.696875 0.426389 0.696875 0.422222 0.697656 0.420833 0.697656 0.400000 0.698438 0.398611 0.698438 0.379167 0.696875 0.376389 0.693750 0.375000 0.695312 0.375000 0.696094 0.376389 0.698438 0.375000 0.699219 0.372222 0.698438 0.370833 0.698438 0.362500 0.696875 0.361111 0.698438 0.361111 0.697656 0.358333 0.696875 0.358333 0.696094 0.355556 0.698438 0.354167 0.698438 0.350000 0.699219 0.329167 0.699219 0.331944 0.700000 0.333333 0.700000 0.356944 0.702344 0.350000 0.704688 0.343056 0.704688 0.340278 0.703906 0.338889 0.703906 0.336111 0.707031 0.336111 0.709375 0.340278 0.710156 0.343056 0.709375 0.345833 0.707812 0.348611 0.708594 0.351389 0.709375 0.351389 0.710156 0.352778 0.710938 0.356944 0.712500 0.359722 0.716406 0.359722 0.718750 0.355556 0.720313 0.354167 0.724219 0.354167 0.728125 0.352778 0.729688 0.351389 0.730469 0.341667 0.729688 0.338889 0.728125 0.336111 0.725000 0.341667 0.721875 0.343056 0.720313 0.341667 0.719531 0.338889 0.719531 0.336111 0.728125 0.336111 0.732031 0.329167 0.731250 0.322222 0.733594 0.318056 0.735156 0.316667 0.737500 0.315278 0.744531 0.313889 0.750781 0.315278 0.752344 0.313889 0.753906 0.312500 0.752344 0.315278
21 0.768750 0.286111 0.767969 0.290278 0.771094 0.287500 0.770312 0.290278 0.771875 0.286111 0.768750 0.286111
21 0.767969 0.261111 0.769531 0.261111 0.770312 0.262500 0.775000 0.262500 0.773438 0.261111 0.767969 0.261111
22 0.594531 0.663889 0.592969 0.666667 0.591406 0.666667 0.589844 0.668056 0.589063 0.677778 0.592187 0.683333 0.595313 0.684722 0.604688 0.686111 0.608594 0.688889 0.613281 0.690278 0.621094 0.691667 0.628125 0.691667 0.634375 0.693056 0.638281 0.697222 0.643750 0.697222 0.647656 0.698611 0.654687 0.701389 0.657813 0.704167 0.664062 0.704167 0.667969 0.705556 0.675000 0.709722 0.678906 0.711111 0.684375 0.712500 0.691406 0.712500 0.696875 0.713889 0.700781 0.718056 0.709375 0.719444 0.712500 0.722222 0.715625 0.723611 0.721094 0.725000 0.731250 0.727778 0.736719 0.729167 0.746875 0.729167 0.749219 0.733333 0.751563 0.734722 0.757812 0.734722 0.764844 0.738889 0.769531 0.740278 0.779687 0.743056 0.794531 0.747222 0.875781 0.769444 0.887500 0.772222 0.899219 0.775000 0.988281 0.794444 0.994531 0.797222 0.999219 0.797222 0.999219 0.781944 0.996094 0.781944 0.995313 0.780556 0.990625 0.779167 0.984375 0.777778 0.977344 0.777778 0.971875 0.773611 0.966406 0.773611 0.961719 0.772222 0.958594 0.769444 0.953125 0.769444 0.950000 0.766667 0.945312 0.766667 0.940625 0.763889 0.935156 0.763889 0.930469 0.762500 0.928125 0.759722 0.925000 0.758333 0.920312 0.756944 0.915625 0.756944 0.908594 0.752778 0.903125 0.752778 0.897656 0.750000 0.892188 0.750000 0.888281 0.748611 0.885938 0.745833 0.882031 0.744444 0.877344 0.743056 0.867969 0.741667 0.864844 0.738889 0.860156 0.737500 0.853906 0.737500 0.846875 0.733333 0.842969 0.731944 0.836719 0.731944 0.832812 0.730556 0.828906 0.729167 0.825781 0.727778 0.823438 0.725000 0.818750 0.723611 0.814844 0.725000 0.810156 0.723611 0.805469 0.722222 0.798438 0.719444 0.795312 0.716667 0.791406 0.715278 0.783594 0.713889 0.779687 0.711111 0.768750 0.709722 0.764844 0.708333 0.760938 0.706944 0.757812 0.704167 0.755469 0.704167 0.754687 0.702778 0.752344 0.702778 0.753906 0.704167 0.750000 0.705556 0.749219 0.704167 0.744531 0.704167 0.739844 0.702778 0.731250 0.700000 0.727344 0.697222 0.723437 0.695833 0.708594 0.691667 0.697656 0.690278 0.692187 0.688889 0.682813 0.686111 0.678125 0.684722 0.674219 0.681944 0.667969 0.680556 0.660156 0.680556 0.653906 0.679167 0.634375 0.672222 0.628906 0.672222 0.613281 0.666667 0.607031 0.666667 0.601562 0.663889 0.594531 0.663889
22 0.492969 0.638889 0.486719 0.640278 0.483594 0.641667 0.482031 0.643056 0.484375 0.643056 0.487500 0.645833 0.490625 0.645833 0.493750 0.648611 0.501563 0.650000 0.502344 0.651389 0.504687 0.651389 0.503125 0.644444 0.501563 0.643056 0.500000 0.643056 0.500000 0.640278 0.497656 0.638889 0.496094 0.638889 0.493750 0.641667 0.492969 0.638889
22 0.047656 0.576389 0.046875 0.577778 0.044531 0.577778 0.055469 0.577778 0.049219 0.576389 0.047656 0.576389
24 0.745313 0.625000 0.744531 0.631944 0.742969 0.630556 0.742969 0.665278 0.743750 0.666667 0.743750 0.672222 0.745313 0.669444 0.746875 0.673611 0.746875 0.666667 0.747656 0.665278 0.747656 0.633333 0.746875 0.629167 0.746094 0.627778 0.745313 0.625000
24 0.178906 0.387500 0.177344 0.388889 0.172656 0.397222 0.171094 0.394444 0.166406 0.390278 0.164844 0.388889 0.166406 0.391667 0.167187 0.391667 0.168750 0.394444 0.172656 0.398611 0.174219 0.397222 0.175781 0.394444 0.175781 0.393056 0.178906 0.387500
24 0.272656 0.293056 0.274219 0.294444 0.276562 0.293056 0.272656 0.293056
24 0.287500 0.122222 0.289062 0.122222 0.289062 0.127778 0.289062 0.138889 0.288281 0.144444 0.288281 0.148611 0.289844 0.151389 0.291406 0.151389 0.292187 0.155556 0.289062 0.154167 0.288281 0.158333 0.290625 0.159722 0.289062 0.159722 0.287500 0.166667 0.286719 0.180556 0.285938 0.198611 0.286719 0.219444 0.285156 0.236111 0.285156 0.238889 0.285938 0.241667 0.288281 0.243056 0.285938 0.251389 0.285156 0.254167 0.283594 0.266667 0.284375 0.273611 0.286719 0.275000 0.283594 0.275000 0.282031 0.291667 0.284375 0.294444 0.282813 0.301389 0.284375 0.306944 0.283594 0.309722 0.282813 0.316667 0.285156 0.319444 0.283594 0.319444 0.282813 0.325000 0.285156 0.326389 0.285938 0.329167 0.285938 0.331944 0.282813 0.331944 0.281250 0.338889 0.282031 0.347222 0.282031 0.352778 0.282813 0.355556 0.282031 0.352778 0.281250 0.362500 0.280469 0.369444 0.278906 0.375000 0.277344 0.376389 0.275000 0.376389 0.275000 0.373611 0.274219 0.372222 0.274219 0.366667 0.275000 0.350000 0.273438 0.347222 0.271094 0.347222 0.267188 0.348611 0.271875 0.347222 0.274219 0.345833 0.275781 0.334722 0.275781 0.331944 0.270313 0.330556 0.271875 0.327778 0.271094 0.325000 0.276562 0.323611 0.272656 0.322222 0.275000 0.319444 0.272656 0.316667 0.275781 0.318056 0.276562 0.312500 0.274219 0.311111 0.275781 0.311111 0.277344 0.308333 0.278125 0.297222 0.277344 0.288889 0.278906 0.276389 0.278125 0.272222 0.278906 0.262500 0.278125 0.258333 0.276562 0.256944 0.277344 0.248611 0.278906 0.248611 0.278125 0.243056 0.279687 0.241667 0.280469 0.237500 0.280469 0.234722 0.281250 0.223611 0.282031 0.212500 0.282813 0.198611 0.283594 0.176389 0.284375 0.177778 0.286719 0.177778 0.285156 0.170833 0.284375 0.177778 0.283594 0.176389 0.282813 0.162500 0.284375 0.162500 0.282813 0.158333 0.284375 0.158333 0.285156 0.154167 0.283594 0.154167 0.283594 0.150000 0.284375 0.152778 0.285938 0.134722 0.285938 0.130556 0.285156 0.129167 0.285156 0.125000 0.285938 0.123611 0.285938 0.120833 0.287500 0.122222
24 0.639062 0.004167 0.639844 0.000000 0.643750 0.000000 0.642969 0.002778 0.644531 0.005556 0.642969 0.006944 0.642188 0.016667 0.643750 0.020833 0.642188 0.022222 0.642969 0.026389 0.645312 0.023611 0.642188 0.033333 0.642969 0.043056 0.641406 0.044444 0.641406 0.054167 0.642188 0.072222 0.643750 0.070833 0.642969 0.073611 0.641406 0.076389 0.642188 0.080556 0.640625 0.081944 0.639844 0.106944 0.639062 0.144444 0.640625 0.148611 0.639062 0.151389 0.639062 0.161111 0.640625 0.162500 0.639062 0.165278 0.639062 0.168056 0.639844 0.175000 0.638281 0.191667 0.638281 0.201389 0.639844 0.205556 0.638281 0.206944 0.639062 0.215278 0.638281 0.216667 0.638281 0.222222 0.640625 0.223611 0.639062 0.225000 0.637500 0.227778 0.638281 0.229167 0.637500 0.231944 0.638281 0.237500 0.639844 0.240278 0.640625 0.244444 0.639844 0.243056 0.638281 0.240278 0.637500 0.243056 0.639844 0.243056 0.640625 0.244444 0.640625 0.247222 0.638281 0.247222 0.638281 0.279167 0.638281 0.281944 0.638281 0.320833 0.637500 0.326389 0.638281 0.327778 0.637500 0.331944 0.637500 0.334722 0.637500 0.340278 0.638281 0.351389 0.638281 0.354167 0.637500 0.356944 0.641406 0.359722 0.639844 0.359722 0.638281 0.362500 0.637500 0.372222 0.637500 0.412500 0.640625 0.419444 0.641406 0.425000 0.639844 0.427778 0.639844 0.434722 0.639062 0.441667 0.638281 0.445833 0.639062 0.456944 0.639062 0.463889 0.638281 0.466667 0.637500 0.462500 0.636719 0.466667 0.635938 0.469444 0.634375 0.472222 0.630469 0.473611 0.629687 0.466667 0.627344 0.466667 0.627344 0.459722 0.628906 0.458333 0.628906 0.455556 0.628125 0.448611 0.625781 0.440278 0.625781 0.436111 0.628906 0.426389 0.629687 0.422222 0.630469 0.409722 0.629687 0.406944 0.630469 0.390278 0.629687 0.361111 0.626563 0.359722 0.625781 0.358333 0.623437 0.359722 0.625781 0.362500 0.626563 0.365278 0.626563 0.373611 0.625781 0.376389 0.624219 0.379167 0.622656 0.379167 0.625000 0.375000 0.625000 0.365278 0.622656 0.361111 0.624219 0.356944 0.627344 0.355556 0.628906 0.356944 0.630469 0.352778 0.625781 0.351389 0.625000 0.350000 0.623437 0.350000 0.631250 0.348611 0.631250 0.341667 0.631250 0.338889 0.628125 0.337500 0.628906 0.334722 0.629687 0.336111 0.631250 0.333333 0.631250 0.330556 0.627344 0.329167 0.625781 0.327778 0.630469 0.327778 0.630469 0.323611 0.629687 0.322222 0.628906 0.320833 0.627344 0.319444 0.625000 0.319444 0.630469 0.318056 0.631250 0.315278 0.631250 0.308333 0.629687 0.287500 0.628906 0.291667 0.625781 0.293056 0.628906 0.286111 0.628906 0.281944 0.627344 0.279167 0.626563 0.276389 0.627344 0.270833 0.629687 0.273611 0.631250 0.270833 0.629687 0.269444 0.628906 0.268056 0.625781 0.268056 0.623437 0.263889 0.621094 0.262500 0.620313 0.258333 0.622656 0.258333 0.625781 0.261111 0.628906 0.259722 0.627344 0.258333 0.628125 0.255556 0.624219 0.254167 0.623437 0.229167 0.624219 0.225000 0.625781 0.225000 0.627344 0.222222 0.628125 0.216667 0.628906 0.216667 0.630469 0.213889 0.630469 0.211111 0.626563 0.208333 0.625000 0.205556 0.626563 0.201389 0.627344 0.197222 0.628125 0.197222 0.630469 0.198611 0.631250 0.194444 0.632031 0.198611 0.632812 0.193056 0.631250 0.190278 0.629687 0.191667 0.628906 0.191667 0.628125 0.197222 0.627344 0.197222 0.627344 0.190278 0.630469 0.188889 0.632031 0.184722 0.632031 0.176389 0.628906 0.177778 0.632031 0.173611 0.631250 0.169444 0.629687 0.168056 0.629687 0.166667 0.631250 0.166667 0.632031 0.162500 0.628906 0.162500 0.628125 0.165278 0.629687 0.166667 0.629687 0.168056 0.627344 0.169444 0.626563 0.163889 0.625000 0.165278 0.626563 0.161111 0.626563 0.158333 0.630469 0.158333 0.632031 0.158333 0.632812 0.151389 0.631250 0.154167 0.632031 0.151389 0.629687 0.150000 0.627344 0.154167 0.626563 0.148611 0.628125 0.150000 0.631250 0.148611 0.631250 0.144444 0.632812 0.143056 0.633594 0.127778 0.633594 0.101389 0.635156 0.101389 0.635156 0.095833 0.635156 0.080556 0.634375 0.076389 0.629687 0.076389 0.628906 0.073611 0.631250 0.072222 0.634375 0.073611 0.635938 0.070833 0.635156 0.062500 0.635938 0.056944 0.631250 0.055556 0.630469 0.054167 0.628906 0.054167 0.635938 0.054167 0.636719 0.038889 0.633594 0.036111 0.628906 0.036111 0.628906 0.033333 0.632031 0.033333 0.635156 0.030556 0.636719 0.029167 0.638281 0.022222 0.639062 0.013889 0.639062 0.009722 0.638281 0.008333 0.636719 0.004167 0.632031 0.002778 0.633594 0.002778 0.634375 0.004167 0.638281 0.002778 0.638281 0.000000 0.639062 0.004167
29 0.146094 0.383333 0.144531 0.384722 0.143750 0.386111 0.142969 0.388889 0.142187 0.391667 0.142187 0.395833 0.141406 0.397222 0.141406 0.400000 0.142187 0.401389 0.142187 0.405556 0.142969 0.409722 0.143750 0.412500 0.146875 0.416667 0.150781 0.415278 0.153906 0.413889 0.155469 0.412500 0.156250 0.409722 0.157031 0.405556 0.157031 0.398611 0.156250 0.391667 0.155469 0.388889 0.154688 0.387500 0.153125 0.386111 0.150000 0.383333 0.146094 0.383333
29 0.025000 0.327778 0.022656 0.330556 0.021094 0.330556 0.018750 0.334722 0.016406 0.336111 0.014063 0.341667 0.013281 0.344444 0.012500 0.347222 0.012500 0.352778 0.014063 0.358333 0.017969 0.363889 0.020313 0.370833 0.025000 0.370833 0.027344 0.368056 0.028906 0.365278 0.030469 0.361111 0.031250 0.358333 0.031250 0.343056 0.030469 0.337500 0.028125 0.333333 0.027344 0.333333 0.025000 0.327778
25 0.958594 0.652778 0.957812 0.655556 0.960938 0.655556 0.958594 0.652778
25 0.958594 0.638889 0.953906 0.640278 0.952344 0.641667 0.953906 0.643056 0.956250 0.643056 0.957031 0.644444 0.958594 0.644444 0.960156 0.643056 0.961719 0.641667 0.960156 0.641667 0.958594 0.638889
25 0.932031 0.636111 0.930469 0.637500 0.937500 0.638889 0.935156 0.637500 0.934375 0.636111 0.932031 0.636111
25 0.981250 0.631944 0.979688 0.633333 0.978906 0.634722 0.978906 0.636111 0.977344 0.637500 0.976562 0.634722 0.974219 0.634722 0.973437 0.636111 0.971875 0.637500 0.973437 0.636111 0.977344 0.637500 0.977344 0.641667 0.978906 0.641667 0.978125 0.637500 0.984375 0.636111 0.983594 0.631944 0.981250 0.631944
25 0.862500 0.630556 0.864062 0.630556 0.865625 0.631944 0.862500 0.630556
25 0.993750 0.629167 0.992188 0.633333 0.987500 0.634722 0.994531 0.636111 0.996094 0.638889 0.997656 0.634722 0.999219 0.634722 0.996875 0.634722 0.993750 0.629167
25 0.968750 0.627778 0.968750 0.631944 0.969531 0.627778 0.971094 0.626389 0.968750 0.627778
25 0.994531 0.622222 0.987500 0.620833 0.985156 0.623611 0.987500 0.620833 0.992969 0.620833 0.996875 0.622222 0.999219 0.619444 0.994531 0.622222
25 0.838281 0.605556 0.838281 0.608333 0.835938 0.609722 0.839063 0.612500 0.842187 0.613889 0.847656 0.618056 0.849219 0.620833 0.854688 0.623611 0.858594 0.627778 0.860938 0.629167 0.859375 0.627778 0.857031 0.625000 0.852344 0.620833 0.850000 0.620833 0.848437 0.619444 0.842187 0.613889 0.840625 0.611111 0.840625 0.605556 0.838281 0.605556
25 0.808594 0.597222 0.810156 0.597222 0.810937 0.598611 0.818750 0.598611 0.817187 0.598611 0.816406 0.597222 0.808594 0.597222
25 0.746875 0.576389 0.744531 0.580556 0.742969 0.584722 0.739844 0.598611 0.745313 0.601389 0.747656 0.601389 0.761719 0.600000 0.768750 0.602778 0.770312 0.601389 0.771094 0.598611 0.775000 0.597222 0.777344 0.593056 0.778906 0.591667 0.782031 0.590278 0.784375 0.587500 0.782031 0.584722 0.778906 0.581944 0.775000 0.577778 0.773438 0.576389 0.768750 0.576389 0.763281 0.579167 0.755469 0.579167 0.753906 0.581944 0.751563 0.583333 0.749219 0.579167 0.749219 0.575000 0.746875 0.576389
25 0.799219 0.515278 0.803125 0.522222 0.803906 0.526389 0.803906 0.520833 0.803125 0.518056 0.801562 0.515278 0.799219 0.515278
25 0.503125 0.491667 0.501563 0.494444 0.500781 0.494444 0.500000 0.495833 0.500000 0.497222 0.498437 0.500000 0.496094 0.508333 0.495312 0.516667 0.496094 0.522222 0.496094 0.525000 0.495312 0.526389 0.495312 0.530556 0.494531 0.533333 0.491406 0.538889 0.486719 0.538889 0.485156 0.537500 0.483594 0.536111 0.480469 0.530556 0.477344 0.527778 0.471875 0.523611 0.469531 0.520833 0.464844 0.512500 0.462500 0.511111 0.457813 0.513889 0.453125 0.513889 0.450000 0.511111 0.442969 0.512500 0.439063 0.509722 0.430469 0.509722 0.428906 0.511111 0.425781 0.516667 0.424219 0.522222 0.423438 0.526389 0.425000 0.527778 0.425781 0.529167 0.428125 0.530556 0.428906 0.533333 0.429688 0.543056 0.429688 0.556944 0.428906 0.575000 0.430469 0.575000 0.433594 0.576389 0.444531 0.586111 0.448437 0.587500 0.457031 0.586111 0.457031 0.580556 0.457813 0.577778 0.458594 0.575000 0.463281 0.566667 0.465625 0.565278 0.468750 0.563889 0.472656 0.563889 0.480469 0.565278 0.481250 0.563889 0.484375 0.563889 0.484375 0.559722 0.485156 0.559722 0.486719 0.556944 0.489063 0.555556 0.492188 0.550000 0.494531 0.550000 0.496094 0.551389 0.496875 0.555556 0.496094 0.558333 0.495312 0.559722 0.494531 0.559722 0.492969 0.562500 0.489063 0.561111 0.487500 0.562500 0.489063 0.562500 0.491406 0.563889 0.492969 0.565278 0.496875 0.570833 0.499219 0.572222 0.504687 0.572222 0.510156 0.568056 0.517969 0.566667 0.521094 0.563889 0.524219 0.563889 0.525781 0.561111 0.528906 0.559722 0.528906 0.558333 0.529687 0.555556 0.529687 0.545833 0.527344 0.530556 0.525781 0.527778 0.524219 0.526389 0.517969 0.525000 0.514844 0.519444 0.514062 0.516667 0.514844 0.506944 0.514844 0.502778 0.513281 0.498611 0.510938 0.494444 0.509375 0.493056 0.507812 0.491667 0.503125 0.491667
25 0.764062 0.476389 0.763281 0.479167 0.761719 0.481944 0.758594 0.481944 0.758594 0.487500 0.760156 0.486111 0.760938 0.484722 0.763281 0.479167 0.764062 0.476389
25 0.751563 0.452778 0.752344 0.456944 0.756250 0.458333 0.754687 0.455556 0.753906 0.450000 0.751563 0.452778
25 0.029687 0.441667 0.028125 0.443056 0.026562 0.444444 0.022656 0.451389 0.021875 0.454167 0.021094 0.456944 0.020313 0.461111 0.020313 0.466667 0.021875 0.469444 0.021875 0.472222 0.021094 0.481944 0.022656 0.488889 0.023438 0.497222 0.022656 0.504167 0.020313 0.513889 0.020313 0.518056 0.023438 0.523611 0.025781 0.525000 0.035937 0.525000 0.039062 0.526389 0.040625 0.527778 0.042188 0.529167 0.046094 0.534722 0.047656 0.536111 0.049219 0.536111 0.050781 0.533333 0.052344 0.531944 0.056250 0.530556 0.059375 0.527778 0.058594 0.523611 0.059375 0.519444 0.061719 0.511111 0.063281 0.506944 0.067969 0.498611 0.070312 0.495833 0.074219 0.491667 0.075781 0.490278 0.078906 0.488889 0.080469 0.487500 0.082812 0.484722 0.084375 0.481944 0.084375 0.479167 0.082031 0.475000 0.080469 0.473611 0.078125 0.472222 0.075781 0.470833 0.067969 0.468056 0.061719 0.468056 0.057031 0.470833 0.052344 0.472222 0.047656 0.472222 0.045312 0.470833 0.043750 0.469444 0.040625 0.463889 0.039844 0.459722 0.038281 0.448611 0.037500 0.445833 0.036719 0.444444 0.035156 0.443056 0.033594 0.441667 0.029687 0.441667
25 0.409375 0.422222 0.410938 0.425000 0.412500 0.426389 0.411719 0.426389 0.410156 0.427778 0.408594 0.430556 0.409375 0.436111 0.410156 0.431944 0.411719 0.434722 0.413281 0.431944 0.413281 0.430556 0.415625 0.429167 0.413281 0.431944 0.414062 0.434722 0.413281 0.436111 0.414844 0.438889 0.416406 0.437500 0.415625 0.434722 0.417187 0.431944 0.416406 0.426389 0.414844 0.425000 0.411719 0.426389 0.412500 0.426389 0.415625 0.422222 0.419531 0.422222 0.421094 0.425000 0.421875 0.425000 0.422656 0.426389 0.422656 0.427778 0.421094 0.430556 0.418750 0.430556 0.420312 0.434722 0.422656 0.434722 0.421094 0.430556 0.422656 0.427778 0.423438 0.429167 0.425000 0.431944 0.427344 0.433333 0.429688 0.434722 0.428125 0.436111 0.427344 0.438889 0.428906 0.441667 0.430469 0.445833 0.428906 0.450000 0.428906 0.450000 0.429688 0.445833 0.425781 0.445833 0.427344 0.447222 0.428906 0.450000 0.428906 0.450000 0.431250 0.451389 0.428906 0.451389 0.428125 0.448611 0.425000 0.452778 0.421094 0.454167 0.417969 0.454167 0.417187 0.455556 0.414844 0.455556 0.414062 0.454167 0.410938 0.454167 0.406250 0.447222 0.403125 0.447222 0.401562 0.444444 0.400781 0.441667 0.402344 0.441667 0.402344 0.438889 0.404687 0.436111 0.405469 0.433333 0.406250 0.429167 0.409375 0.426389 0.407813 0.423611 0.407813 0.420833 0.409375 0.422222
25 0.653125 0.418056 0.650781 0.420833 0.646094 0.430556 0.644531 0.429167 0.642188 0.425000 0.640625 0.427778 0.640625 0.434722 0.639844 0.441667 0.639062 0.445833 0.638281 0.448611 0.639844 0.456944 0.639844 0.463889 0.639062 0.465278 0.638281 0.468056 0.637500 0.463889 0.636719 0.469444 0.634375 0.473611 0.631250 0.473611 0.632031 0.476389 0.634375 0.476389 0.635156 0.475000 0.638281 0.475000 0.639062 0.476389 0.642188 0.477778 0.640625 0.475000 0.642188 0.473611 0.643750 0.476389 0.643750 0.479167 0.646094 0.480556 0.647656 0.483333 0.648438 0.479167 0.650000 0.479167 0.651563 0.481944 0.653906 0.481944 0.656250 0.484722 0.659375 0.486111 0.664844 0.487500 0.662500 0.488889 0.667188 0.487500 0.668750 0.487500 0.669531 0.488889 0.671094 0.488889 0.671875 0.487500 0.674219 0.487500 0.685156 0.488889 0.690625 0.486111 0.693750 0.483333 0.694531 0.479167 0.694531 0.437500 0.693750 0.436111 0.693750 0.433333 0.692187 0.431944 0.689844 0.430556 0.687500 0.430556 0.685937 0.430556 0.683594 0.430556 0.678906 0.431944 0.673438 0.436111 0.671875 0.433333 0.671094 0.429167 0.668750 0.425000 0.667969 0.425000 0.665625 0.420833 0.665625 0.419444 0.660937 0.420833 0.657031 0.418056 0.653125 0.418056
25 0.625781 0.420833 0.623437 0.422222 0.627344 0.420833 0.628906 0.418056 0.625781 0.420833
25 0.410156 0.416667 0.414844 0.416667 0.417969 0.419444 0.420312 0.418056 0.425781 0.419444 0.421875 0.419444 0.421094 0.418056 0.415625 0.416667 0.410156 0.416667
25 0.472656 0.418056 0.473438 0.419444 0.474219 0.425000 0.476562 0.423611 0.478906 0.426389 0.480469 0.425000 0.478125 0.425000 0.474219 0.425000 0.472656 0.426389 0.473438 0.429167 0.475000 0.431944 0.475781 0.429167 0.477344 0.429167 0.478125 0.430556 0.481250 0.431944 0.485938 0.431944 0.486719 0.433333 0.489063 0.433333 0.480469 0.431944 0.479687 0.436111 0.479687 0.438889 0.481250 0.441667 0.483594 0.436111 0.485156 0.438889 0.485156 0.444444 0.486719 0.445833 0.488281 0.450000 0.489063 0.452778 0.489063 0.456944 0.487500 0.458333 0.487500 0.455556 0.485156 0.454167 0.484375 0.441667 0.483594 0.448611 0.482031 0.454167 0.483594 0.456944 0.487500 0.455556 0.487500 0.458333 0.489063 0.461111 0.490625 0.459722 0.492188 0.459722 0.489063 0.468056 0.485156 0.475000 0.483594 0.476389 0.481250 0.477778 0.471094 0.477778 0.470313 0.476389 0.468750 0.476389 0.466406 0.472222 0.465625 0.472222 0.464062 0.470833 0.463281 0.469444 0.460156 0.461111 0.452344 0.448611 0.454688 0.451389 0.455469 0.448611 0.457813 0.447222 0.458594 0.451389 0.460156 0.448611 0.460156 0.445833 0.459375 0.444444 0.459375 0.441667 0.460156 0.438889 0.461719 0.441667 0.463281 0.437500 0.465625 0.436111 0.466406 0.430556 0.462500 0.429167 0.461719 0.427778 0.458594 0.427778 0.467187 0.429167 0.468750 0.426389 0.467187 0.423611 0.464844 0.423611 0.468750 0.422222 0.468750 0.426389 0.470313 0.423611 0.471875 0.423611 0.471875 0.419444 0.472656 0.418056 0.472656 0.413889 0.472656 0.418056
25 0.535156 0.411111 0.537500 0.412500 0.539844 0.413889 0.541406 0.418056 0.544531 0.418056 0.553125 0.423611 0.557813 0.425000 0.562500 0.425000 0.563281 0.419444 0.564063 0.416667 0.565625 0.420833 0.573438 0.422222 0.575000 0.420833 0.582812 0.422222 0.585938 0.420833 0.589063 0.419444 0.589844 0.416667 0.591406 0.416667 0.592187 0.419444 0.595313 0.420833 0.597656 0.420833 0.598437 0.419444 0.600781 0.419444 0.601562 0.422222 0.603125 0.423611 0.604688 0.422222 0.607031 0.423611 0.609375 0.426389 0.611719 0.427778 0.614844 0.427778 0.618750 0.426389 0.620313 0.423611 0.621875 0.423611 0.625781 0.423611 0.628125 0.426389 0.625000 0.436111 0.625000 0.440278 0.627344 0.448611 0.628125 0.455556 0.628125 0.458333 0.626563 0.459722 0.626563 0.470833 0.624219 0.470833 0.623437 0.472222 0.614844 0.473611 0.609375 0.472222 0.600781 0.473611 0.597656 0.470833 0.587500 0.470833 0.579688 0.472222 0.577344 0.475000 0.574219 0.476389 0.565625 0.475000 0.562500 0.475000 0.550000 0.476389 0.547656 0.475000 0.545312 0.473611 0.542188 0.469444 0.534375 0.469444 0.532031 0.473611 0.529687 0.473611 0.524219 0.470833 0.517969 0.469444 0.516406 0.470833 0.514844 0.470833 0.513281 0.469444 0.514844 0.468056 0.512500 0.465278 0.510938 0.461111 0.511719 0.455556 0.512500 0.452778 0.514062 0.450000 0.513281 0.447222 0.511719 0.450000 0.510938 0.450000 0.509375 0.452778 0.509375 0.458333 0.507031 0.462500 0.503125 0.461111 0.502344 0.456944 0.503906 0.455556 0.503906 0.451389 0.505469 0.448611 0.506250 0.445833 0.510938 0.443056 0.509375 0.440278 0.507031 0.437500 0.505469 0.437500 0.514844 0.437500 0.516406 0.437500 0.517969 0.437500 0.517188 0.440278 0.519531 0.438889 0.522656 0.437500 0.524219 0.434722 0.521094 0.433333 0.519531 0.434722 0.517969 0.437500 0.516406 0.437500 0.517969 0.434722 0.514844 0.433333 0.514062 0.431944 0.512500 0.431944 0.516406 0.430556 0.518750 0.431944 0.521875 0.430556 0.522656 0.426389 0.524219 0.422222 0.525000 0.426389 0.525000 0.419444 0.528125 0.415278 0.530469 0.415278 0.532031 0.416667 0.529687 0.419444 0.528906 0.423611 0.527344 0.427778 0.528125 0.430556 0.530469 0.426389 0.530469 0.425000 0.533594 0.419444 0.532031 0.416667 0.530469 0.415278 0.531250 0.408333 0.535156 0.411111
25 0.066406 0.370833 0.062500 0.372222 0.058594 0.375000 0.057031 0.376389 0.052344 0.381944 0.050781 0.383333 0.049219 0.381944 0.049219 0.384722 0.046875 0.388889 0.046875 0.395833 0.047656 0.419444 0.048438 0.422222 0.051562 0.427778 0.056250 0.431944 0.060937 0.431944 0.066406 0.429167 0.075781 0.430556 0.078906 0.430556 0.082031 0.429167 0.083594 0.427778 0.085156 0.426389 0.089063 0.419444 0.090625 0.415278 0.092188 0.408333 0.095312 0.397222 0.087500 0.384722 0.084375 0.377778 0.078906 0.372222 0.076563 0.370833 0.066406 0.370833
25 0.758594 0.356944 0.757812 0.361111 0.760938 0.361111 0.758594 0.356944
25 0.748437 0.355556 0.745313 0.361111 0.741406 0.366667 0.739062 0.368056 0.741406 0.366667 0.742969 0.363889 0.744531 0.362500 0.746094 0.362500 0.747656 0.361111 0.748437 0.358333 0.748437 0.355556
25 0.760156 0.326389 0.759375 0.331944 0.759375 0.329167 0.760156 0.326389
25 0.011719 0.316667 0.013281 0.316667 0.015625 0.319444 0.019531 0.320833 0.021094 0.325000 0.019531 0.326389 0.020313 0.330556 0.018750 0.331944 0.017969 0.333333 0.005469 0.331944 0.000000 0.331944 0.000781 0.337500 0.003125 0.337500 0.004687 0.338889 0.007031 0.343056 0.010937 0.344444 0.013281 0.343056 0.015625 0.336111 0.016406 0.334722 0.018750 0.333333 0.021875 0.327778 0.024219 0.325000 0.025000 0.326389 0.027344 0.331944 0.031250 0.337500 0.032031 0.343056 0.032031 0.358333 0.031250 0.361111 0.029687 0.365278 0.027344 0.369444 0.026562 0.369444 0.032813 0.369444 0.035156 0.365278 0.035937 0.361111 0.036719 0.355556 0.036719 0.351389 0.035156 0.348611 0.037500 0.347222 0.037500 0.337500 0.035156 0.337500 0.034375 0.336111 0.031250 0.336111 0.027344 0.331944 0.025781 0.329167 0.025781 0.326389 0.027344 0.320833 0.025781 0.319444 0.022656 0.318056 0.019531 0.316667 0.011719 0.316667
25 0.767969 0.265278 0.769531 0.269444 0.768750 0.276389 0.767188 0.276389 0.767188 0.284722 0.768750 0.284722 0.770312 0.283333 0.771094 0.280556 0.771094 0.272222 0.770312 0.270833 0.770312 0.265278 0.767969 0.265278
25 0.767969 0.259722 0.769531 0.259722 0.770312 0.254167 0.767969 0.259722
25 0.917969 0.105556 0.918750 0.108333 0.919531 0.109722 0.918750 0.122222 0.918750 0.127778 0.919531 0.131944 0.930469 0.130556 0.932813 0.125000 0.934375 0.126389 0.935156 0.123611 0.935937 0.127778 0.937500 0.131944 0.939844 0.136111 0.941406 0.137500 0.943750 0.137500 0.950781 0.133333 0.953125 0.131944 0.954688 0.129167 0.950781 0.129167 0.948438 0.127778 0.946875 0.125000 0.944531 0.129167 0.942969 0.129167 0.941406 0.126389 0.940625 0.120833 0.934375 0.120833 0.931250 0.118056 0.926562 0.118056 0.921875 0.113889 0.920312 0.112500 0.919531 0.111111 0.918750 0.108333 0.917969 0.105556
25 0.886719 0.000000 0.885156 0.002778 0.885938 0.013889 0.887500 0.020833 0.889062 0.015278 0.889062 0.016667 0.892188 0.022222 0.896094 0.025000 0.897656 0.029167 0.895312 0.030556 0.897656 0.034722 0.900781 0.037500 0.903906 0.044444 0.907031 0.056944 0.907813 0.061111 0.907813 0.073611 0.910156 0.086111 0.911719 0.090278 0.911719 0.100000 0.912500 0.102778 0.914844 0.108333 0.913281 0.109722 0.914062 0.113889 0.912500 0.115278 0.912500 0.136111 0.913281 0.138889 0.915625 0.143056 0.917188 0.144444 0.918750 0.145833 0.922656 0.147222 0.932031 0.145833 0.932813 0.148611 0.935156 0.147222 0.936719 0.148611 0.936719 0.150000 0.943750 0.152778 0.945312 0.152778 0.950781 0.151389 0.952344 0.150000 0.955469 0.145833 0.959375 0.143056 0.961719 0.141667 0.964063 0.140278 0.968750 0.138889 0.973437 0.138889 0.974219 0.140278 0.980469 0.138889 0.978906 0.136111 0.976562 0.134722 0.975000 0.134722 0.978906 0.134722 0.982031 0.137500 0.992188 0.137500 0.992969 0.133333 0.995313 0.131944 0.997656 0.130556 0.999219 0.131944 0.999219 0.613889 0.993750 0.618056 0.990625 0.618056 0.983594 0.616667 0.978906 0.619444 0.970313 0.618056 0.965625 0.619444 0.965625 0.620833 0.962500 0.627778 0.964844 0.629167 0.965625 0.627778 0.966406 0.625000 0.966406 0.629167 0.964844 0.630556 0.967187 0.631944 0.966406 0.634722 0.967187 0.638889 0.969531 0.637500 0.967187 0.638889 0.967187 0.652778 0.968750 0.655556 0.972656 0.655556 0.975000 0.655556 0.967969 0.655556 0.965625 0.654167 0.964844 0.644444 0.963281 0.641667 0.964844 0.641667 0.966406 0.638889 0.961719 0.637500 0.960156 0.637500 0.958594 0.636111 0.958594 0.633333 0.959375 0.631944 0.960156 0.629167 0.961719 0.630556 0.959375 0.625000 0.957812 0.625000 0.953906 0.627778 0.951562 0.631944 0.951562 0.636111 0.950781 0.638889 0.950000 0.641667 0.948438 0.644444 0.946094 0.644444 0.944531 0.643056 0.942969 0.641667 0.945312 0.640278 0.946094 0.638889 0.950000 0.638889 0.950781 0.629167 0.947656 0.623611 0.946094 0.622222 0.942187 0.620833 0.935156 0.613889 0.926562 0.613889 0.925781 0.615278 0.924219 0.616667 0.928906 0.618056 0.924219 0.616667 0.915625 0.618056 0.907813 0.615278 0.909375 0.552778 0.909375 0.548611 0.907813 0.547222 0.905469 0.548611 0.904687 0.543056 0.912500 0.544444 0.914062 0.543056 0.916406 0.538889 0.917969 0.541667 0.919531 0.538889 0.918750 0.533333 0.916406 0.531944 0.915625 0.529167 0.917969 0.525000 0.917969 0.522222 0.916406 0.519444 0.915625 0.523611 0.913281 0.519444 0.910937 0.518056 0.910937 0.512500 0.909375 0.511111 0.907031 0.512500 0.907031 0.513889 0.905469 0.518056 0.905469 0.525000 0.904687 0.527778 0.901563 0.533333 0.899219 0.534722 0.900000 0.537500 0.901563 0.540278 0.903906 0.540278 0.904687 0.543056 0.905469 0.548611 0.893750 0.540278 0.893750 0.537500 0.892188 0.534722 0.890625 0.537500 0.887500 0.538889 0.887500 0.526389 0.886719 0.520833 0.885156 0.516667 0.885156 0.512500 0.882031 0.508333 0.881250 0.505556 0.881250 0.502778 0.876563 0.500000 0.875000 0.495833 0.875781 0.488889 0.874219 0.487500 0.873437 0.486111 0.870313 0.486111 0.868750 0.488889 0.867188 0.486111 0.865625 0.486111 0.864062 0.488889 0.863281 0.491667 0.862500 0.495833 0.862500 0.500000 0.861719 0.502778 0.860938 0.505556 0.859375 0.508333 0.857812 0.509722 0.849219 0.513889 0.847656 0.515278 0.846094 0.516667 0.842969 0.520833 0.842187 0.522222 0.842187 0.523611 0.840625 0.526389 0.840625 0.529167 0.840625 0.534722 0.843750 0.540278 0.848437 0.540278 0.853125 0.544444 0.858594 0.554167 0.860156 0.555556 0.873437 0.555556 0.875000 0.554167 0.876563 0.551389 0.876563 0.544444 0.879687 0.545833 0.885156 0.541667 0.880469 0.538889 0.875000 0.540278 0.871094 0.547222 0.869531 0.545833 0.867969 0.545833 0.867188 0.540278 0.864844 0.538889 0.864062 0.536111 0.864844 0.531944 0.867969 0.531944 0.871094 0.530556 0.875000 0.531944 0.877344 0.529167 0.881250 0.530556 0.882031 0.529167 0.883594 0.529167 0.884375 0.537500 0.885156 0.538889 0.885938 0.541667 0.887500 0.538889 0.890625 0.537500 0.891406 0.540278 0.892188 0.543056 0.893750 0.540278 0.905469 0.548611 0.906250 0.551389 0.909375 0.552778 0.907813 0.615278 0.899219 0.613889 0.897656 0.613889 0.895312 0.616667 0.893750 0.616667 0.887500 0.615278 0.883594 0.616667 0.881250 0.618056 0.880469 0.620833 0.878125 0.620833 0.875781 0.618056 0.871094 0.618056 0.867969 0.616667 0.865625 0.615278 0.861719 0.612500 0.858594 0.608333 0.853125 0.606944 0.847656 0.602778 0.846094 0.601389 0.844531 0.600000 0.843750 0.593056 0.840625 0.587500 0.837500 0.587500 0.835938 0.584722 0.831250 0.583333 0.828906 0.581944 0.827344 0.580556 0.825781 0.577778 0.825000 0.572222 0.825000 0.568056 0.825781 0.566667 0.827344 0.552778 0.827344 0.545833 0.825781 0.538889 0.825000 0.538889 0.824219 0.537500 0.823438 0.533333 0.817187 0.520833 0.812500 0.516667 0.810937 0.518056 0.810937 0.508333 0.807813 0.502778 0.807813 0.497222 0.806250 0.491667 0.807031 0.486111 0.805469 0.481944 0.803906 0.481944 0.801562 0.477778 0.800000 0.476389 0.794531 0.477778 0.792188 0.477778 0.793750 0.481944 0.791406 0.483333 0.789844 0.483333 0.788281 0.481944 0.784375 0.475000 0.782031 0.473611 0.779687 0.473611 0.775781 0.468056 0.773438 0.466667 0.771094 0.465278 0.772656 0.462500 0.777344 0.462500 0.780469 0.463889 0.782813 0.466667 0.788281 0.468056 0.789844 0.475000 0.792188 0.473611 0.793750 0.472222 0.796094 0.468056 0.795312 0.461111 0.790625 0.461111 0.784375 0.456944 0.781250 0.456944 0.778906 0.459722 0.777344 0.459722 0.775781 0.456944 0.775781 0.454167 0.771875 0.455556 0.770312 0.458333 0.771094 0.461111 0.772656 0.462500 0.771094 0.465278 0.768750 0.465278 0.767969 0.466667 0.766406 0.468056 0.766406 0.463889 0.765625 0.459722 0.764062 0.458333 0.757812 0.458333 0.758594 0.455556 0.760156 0.454167 0.758594 0.451389 0.761719 0.448611 0.762500 0.447222 0.764844 0.447222 0.766406 0.440278 0.762500 0.433333 0.762500 0.427778 0.761719 0.427778 0.760938 0.425000 0.759375 0.420833 0.756250 0.415278 0.753906 0.412500 0.750000 0.411111 0.748437 0.413889 0.748437 0.416667 0.748437 0.420833 0.743750 0.419444 0.740625 0.418056 0.738281 0.413889 0.735156 0.404167 0.734375 0.401389 0.734375 0.395833 0.732812 0.391667 0.732812 0.386111 0.735938 0.386111 0.737500 0.383333 0.738281 0.379167 0.739844 0.375000 0.741406 0.379167 0.742188 0.380556 0.752344 0.365278 0.753906 0.362500 0.755469 0.361111 0.758594 0.368056 0.760156 0.368056 0.762500 0.368056 0.764844 0.366667 0.764844 0.365278 0.766406 0.362500 0.766406 0.359722 0.765625 0.356944 0.764062 0.354167 0.764062 0.350000 0.761719 0.348611 0.761719 0.344444 0.761719 0.336111 0.763281 0.329167 0.762500 0.326389 0.766406 0.320833 0.767969 0.316667 0.767969 0.313889 0.767188 0.304167 0.768750 0.301389 0.768750 0.297222 0.769531 0.293056 0.771875 0.288889 0.772656 0.286111 0.773438 0.281944 0.774219 0.277778 0.776563 0.261111 0.777344 0.254167 0.775000 0.251389 0.775781 0.247222 0.777344 0.247222 0.778125 0.241667 0.779687 0.238889 0.780469 0.234722 0.779687 0.226389 0.780469 0.222222 0.778906 0.220833 0.782031 0.219444 0.782813 0.215278 0.784375 0.212500 0.787500 0.201389 0.787500 0.198611 0.787500 0.194444 0.789062 0.194444 0.792188 0.190278 0.796875 0.181944 0.797656 0.179167 0.798438 0.175000 0.798438 0.170833 0.799219 0.166667 0.802344 0.156944 0.803906 0.147222 0.804688 0.141667 0.803906 0.138889 0.805469 0.136111 0.805469 0.131944 0.804688 0.118056 0.804688 0.115278 0.806250 0.112500 0.807031 0.108333 0.807031 0.095833 0.804688 0.093056 0.806250 0.091667 0.806250 0.090278 0.807813 0.088889 0.808594 0.087500 0.809375 0.084722 0.811719 0.076389 0.812500 0.072222 0.811719 0.063889 0.812500 0.061111 0.811719 0.056944 0.813281 0.056944 0.814063 0.052778 0.814063 0.044444 0.814844 0.037500 0.817187 0.031944 0.819531 0.019444 0.818750 0.018056 0.820312 0.013889 0.819531 0.011111 0.821094 0.006944 0.826562 0.005556 0.826562 0.001389 0.886719 0.000000
26 0.721094 0.593056 0.725000 0.593056 0.728125 0.594444 0.732031 0.598611 0.734375 0.600000 0.739844 0.600000 0.745313 0.602778 0.745313 0.623611 0.744531 0.630556 0.742969 0.629167 0.742188 0.665278 0.743750 0.673611 0.745313 0.670833 0.746875 0.675000 0.748437 0.665278 0.748437 0.633333 0.747656 0.629167 0.746875 0.626389 0.745313 0.623611 0.745313 0.602778 0.747656 0.602778 0.761719 0.601389 0.768750 0.604167 0.770312 0.602778 0.771094 0.600000 0.775781 0.597222 0.776563 0.595833 0.777344 0.594444 0.778906 0.594444 0.779687 0.591667 0.782031 0.591667 0.783594 0.588889 0.785937 0.588889 0.797656 0.590278 0.798438 0.591667 0.800000 0.591667 0.800781 0.594444 0.805469 0.594444 0.807031 0.595833 0.808594 0.598611 0.810937 0.600000 0.818750 0.600000 0.818750 0.597222 0.820312 0.597222 0.821094 0.598611 0.825781 0.598611 0.826562 0.600000 0.832031 0.601389 0.838281 0.600000 0.839844 0.600000 0.843750 0.600000 0.853125 0.608333 0.858594 0.609722 0.861719 0.613889 0.865625 0.616667 0.867969 0.618056 0.864844 0.629167 0.861719 0.630556 0.860938 0.627778 0.856250 0.623611 0.852344 0.619444 0.850000 0.619444 0.849219 0.616667 0.848437 0.618056 0.843750 0.613889 0.842187 0.612500 0.841406 0.605556 0.838281 0.604167 0.838281 0.606944 0.836719 0.606944 0.835156 0.609722 0.836719 0.612500 0.842187 0.615278 0.846094 0.619444 0.848437 0.618056 0.849219 0.616667 0.847656 0.619444 0.849219 0.622222 0.854688 0.625000 0.858594 0.629167 0.860938 0.627778 0.861719 0.630556 0.864062 0.631944 0.866406 0.631944 0.864844 0.629167 0.867969 0.618056 0.871094 0.619444 0.875781 0.619444 0.878125 0.622222 0.881250 0.620833 0.882812 0.619444 0.883594 0.618056 0.887500 0.616667 0.890625 0.618056 0.893750 0.618056 0.895312 0.618056 0.897656 0.615278 0.899219 0.615278 0.907813 0.616667 0.915625 0.619444 0.923438 0.619444 0.926562 0.615278 0.935156 0.615278 0.942187 0.622222 0.946094 0.623611 0.947656 0.625000 0.950000 0.629167 0.950000 0.637500 0.946094 0.637500 0.942969 0.638889 0.937500 0.637500 0.934375 0.634722 0.932031 0.634722 0.931250 0.636111 0.929688 0.637500 0.937500 0.637500 0.942969 0.638889 0.942969 0.643056 0.944531 0.644444 0.946094 0.645833 0.948438 0.645833 0.950781 0.641667 0.951562 0.638889 0.952344 0.636111 0.952344 0.631944 0.953906 0.629167 0.957812 0.626389 0.959375 0.626389 0.960156 0.627778 0.961719 0.627778 0.958594 0.630556 0.957812 0.633333 0.958594 0.637500 0.958594 0.637500 0.953906 0.638889 0.953125 0.640278 0.951562 0.641667 0.953125 0.643056 0.953906 0.644444 0.956250 0.644444 0.957031 0.645833 0.958594 0.645833 0.962500 0.641667 0.960156 0.640278 0.958594 0.637500 0.958594 0.637500 0.960156 0.638889 0.961719 0.638889 0.965625 0.637500 0.962500 0.641667 0.964063 0.644444 0.964063 0.652778 0.961719 0.655556 0.960156 0.654167 0.958594 0.651389 0.957031 0.654167 0.961719 0.655556 0.964063 0.652778 0.965625 0.655556 0.967969 0.656944 0.975781 0.655556 0.974219 0.652778 0.968750 0.654167 0.967969 0.643056 0.967187 0.640278 0.968750 0.641667 0.970313 0.638889 0.971094 0.637500 0.976562 0.637500 0.974219 0.633333 0.972656 0.634722 0.971094 0.637500 0.970313 0.638889 0.976562 0.641667 0.978906 0.643056 0.979688 0.638889 0.978125 0.636111 0.978125 0.634722 0.984375 0.637500 0.985156 0.633333 0.983594 0.630556 0.981250 0.630556 0.979688 0.631944 0.978125 0.634722 0.978125 0.636111 0.976562 0.641667 0.970313 0.638889 0.969531 0.636111 0.967969 0.634722 0.967187 0.637500 0.967187 0.634722 0.965625 0.630556 0.967187 0.629167 0.967969 0.626389 0.967969 0.627778 0.968750 0.633333 0.969531 0.629167 0.971094 0.629167 0.969531 0.625000 0.967969 0.627778 0.967969 0.626389 0.966406 0.623611 0.965625 0.626389 0.964063 0.629167 0.964844 0.623611 0.966406 0.619444 0.970313 0.619444 0.978906 0.620833 0.983594 0.618056 0.990625 0.619444 0.993750 0.619444 0.997656 0.615278 0.999219 0.615278 0.999219 0.618056 0.996094 0.622222 0.999219 0.633333 0.996875 0.633333 0.993750 0.627778 0.992188 0.631944 0.989062 0.631944 0.988281 0.633333 0.986719 0.634722 0.988281 0.637500 0.994531 0.637500 0.996094 0.640278 0.997656 0.636111 0.999219 0.636111 0.999219 0.780556 0.996094 0.780556 0.995313 0.779167 0.990625 0.777778 0.984375 0.776389 0.977344 0.776389 0.971875 0.772222 0.966406 0.772222 0.961719 0.770833 0.958594 0.768056 0.953125 0.768056 0.950000 0.765278 0.945312 0.765278 0.940625 0.762500 0.935156 0.762500 0.930469 0.761111 0.928125 0.758333 0.925000 0.756944 0.920312 0.755556 0.915625 0.755556 0.908594 0.751389 0.903125 0.751389 0.897656 0.748611 0.892188 0.748611 0.888281 0.747222 0.885938 0.744444 0.882031 0.743056 0.877344 0.741667 0.867969 0.740278 0.864844 0.737500 0.860156 0.736111 0.853906 0.736111 0.846875 0.731944 0.842969 0.730556 0.836719 0.730556 0.832812 0.729167 0.828906 0.727778 0.825781 0.726389 0.823438 0.723611 0.818750 0.722222 0.815625 0.723611 0.810156 0.722222 0.805469 0.720833 0.798438 0.718056 0.795312 0.715278 0.791406 0.713889 0.783594 0.712500 0.779687 0.709722 0.768750 0.708333 0.764844 0.706944 0.760938 0.705556 0.757812 0.702778 0.754687 0.701389 0.751563 0.702778 0.753125 0.704167 0.750000 0.704167 0.749219 0.702778 0.744531 0.702778 0.739844 0.701389 0.731250 0.698611 0.727344 0.695833 0.723437 0.694444 0.708594 0.690278 0.697656 0.688889 0.692187 0.687500 0.682813 0.684722 0.678125 0.683333 0.674219 0.680556 0.667969 0.679167 0.660156 0.679167 0.653906 0.677778 0.634375 0.670833 0.628906 0.670833 0.613281 0.665278 0.607031 0.665278 0.601562 0.662500 0.594531 0.662500 0.592969 0.665278 0.591406 0.665278 0.589844 0.666667 0.588281 0.669444 0.588281 0.677778 0.589844 0.680556 0.588281 0.679167 0.586719 0.677778 0.581250 0.677778 0.577344 0.675000 0.572656 0.675000 0.568750 0.673611 0.561719 0.669444 0.556250 0.669444 0.553125 0.666667 0.549219 0.665278 0.538281 0.663889 0.534375 0.662500 0.530469 0.659722 0.526563 0.658333 0.510156 0.652778 0.505469 0.651389 0.504687 0.648611 0.504687 0.647222 0.503906 0.644444 0.503125 0.643056 0.501563 0.641667 0.500000 0.641667 0.497656 0.637500 0.496094 0.637500 0.494531 0.638889 0.492969 0.637500 0.486719 0.638889 0.483594 0.640278 0.481250 0.643056 0.475781 0.641667 0.472656 0.638889 0.466406 0.637500 0.462500 0.636111 0.458594 0.633333 0.456250 0.631944 0.454688 0.629167 0.454688 0.626389 0.453125 0.620833 0.457031 0.619444 0.455469 0.618056 0.453906 0.615278 0.453125 0.612500 0.454688 0.608333 0.456250 0.606944 0.459375 0.605556 0.462500 0.604167 0.466406 0.602778 0.484375 0.602778 0.490625 0.605556 0.490625 0.611111 0.492188 0.613889 0.495312 0.613889 0.499219 0.616667 0.503906 0.616667 0.505469 0.615278 0.507812 0.611111 0.490625 0.611111 0.490625 0.605556 0.495312 0.605556 0.496875 0.602778 0.496875 0.601389 0.498437 0.598611 0.502344 0.598611 0.505469 0.597222 0.509375 0.595833 0.512500 0.591667 0.530469 0.591667 0.531250 0.593056 0.539844 0.593056 0.539844 0.595833 0.541406 0.595833 0.542969 0.598611 0.545312 0.600000 0.548438 0.598611 0.550000 0.600000 0.551562 0.598611 0.553906 0.597222 0.543750 0.593056 0.561719 0.591667 0.563281 0.591667 0.606250 0.594444 0.627344 0.593056 0.629687 0.595833 0.638281 0.597222 0.639844 0.597222 0.661719 0.595833 0.668750 0.593056 0.674219 0.594444 0.681250 0.594444 0.685156 0.594444 0.686719 0.591667 0.691406 0.594444 0.692969 0.594444 0.701562 0.593056 0.707031 0.590278 0.712500 0.591667 0.715625 0.591667 0.718750 0.588889 0.721094 0.593056
27 0.513281 0.448611 0.511719 0.451389 0.510938 0.451389 0.510156 0.458333 0.508594 0.461111 0.510938 0.458333 0.511719 0.452778 0.513281 0.448611
27 0.484375 0.443056 0.484375 0.448611 0.482812 0.454167 0.486719 0.455556 0.484375 0.454167 0.484375 0.443056
27 0.521094 0.434722 0.519531 0.436111 0.518750 0.437500 0.518750 0.438889 0.517188 0.441667 0.518750 0.440278 0.519531 0.437500 0.521094 0.437500 0.521875 0.436111 0.523438 0.434722 0.521094 0.434722
27 0.419531 0.430556 0.420312 0.433333 0.422656 0.433333 0.421094 0.431944 0.419531 0.430556
27 0.414844 0.426389 0.411719 0.427778 0.410156 0.429167 0.408594 0.436111 0.410938 0.430556 0.411719 0.433333 0.412500 0.430556 0.414062 0.427778 0.416406 0.429167 0.414062 0.433333 0.414062 0.436111 0.415625 0.437500 0.414844 0.434722 0.416406 0.431944 0.416406 0.427778 0.414844 0.426389
27 0.530469 0.419444 0.529687 0.422222 0.528125 0.427778 0.527344 0.430556 0.529687 0.426389 0.529687 0.425000 0.532813 0.419444 0.530469 0.419444
27 0.260937 0.375000 0.267969 0.375000 0.268750 0.376389 0.274219 0.376389 0.271875 0.376389 0.271094 0.375000 0.260937 0.375000
27 0.719531 0.359722 0.722656 0.362500 0.725000 0.363889 0.728125 0.365278 0.721875 0.365278 0.722656 0.368056 0.723437 0.370833 0.721875 0.373611 0.719531 0.375000 0.715625 0.372222 0.716406 0.375000 0.717969 0.376389 0.715625 0.379167 0.717187 0.380556 0.720313 0.381944 0.723437 0.383333 0.715625 0.384722 0.714844 0.412500 0.715625 0.415278 0.725000 0.415278 0.731250 0.412500 0.732031 0.398611 0.732812 0.401389 0.733594 0.398611 0.733594 0.395833 0.732031 0.391667 0.732031 0.386111 0.732812 0.384722 0.732812 0.380556 0.731250 0.368056 0.728906 0.366667 0.731250 0.365278 0.731250 0.362500 0.728906 0.362500 0.728125 0.361111 0.723437 0.361111 0.722656 0.359722 0.719531 0.359722
27 0.000000 0.343056 0.000000 0.347222 0.007812 0.348611 0.010937 0.347222 0.011719 0.350000 0.011719 0.347222 0.012500 0.344444 0.003125 0.343056 0.000000 0.343056
27 0.021875 0.329167 0.023438 0.327778 0.023438 0.325000 0.021875 0.329167
27 0.767969 0.286111 0.768750 0.288889 0.770312 0.287500 0.769531 0.291667 0.767969 0.294444 0.767188 0.297222 0.767969 0.301389 0.765625 0.304167 0.764844 0.308333 0.766406 0.312500 0.767188 0.313889 0.767188 0.316667 0.765625 0.320833 0.764062 0.323611 0.760938 0.326389 0.760156 0.325000 0.758594 0.327778 0.759375 0.333333 0.760156 0.329167 0.760156 0.325000 0.760938 0.326389 0.762500 0.327778 0.761719 0.330556 0.760938 0.334722 0.760938 0.344444 0.760938 0.347222 0.763281 0.350000 0.763281 0.354167 0.764844 0.356944 0.765625 0.359722 0.765625 0.362500 0.764062 0.366667 0.761719 0.365278 0.760938 0.362500 0.759375 0.355556 0.757812 0.356944 0.757812 0.358333 0.760938 0.362500 0.761719 0.365278 0.760156 0.366667 0.758594 0.366667 0.756250 0.361111 0.755469 0.359722 0.754687 0.359722 0.753125 0.356944 0.753906 0.351389 0.753906 0.354167 0.757031 0.350000 0.756250 0.345833 0.753906 0.344444 0.753125 0.315278 0.755469 0.311111 0.760938 0.306944 0.765625 0.300000 0.766406 0.288889 0.767969 0.286111
27 0.767188 0.269444 0.767969 0.276389 0.768750 0.269444 0.767188 0.269444
27 0.769531 0.262500 0.767969 0.263889 0.771094 0.265278 0.771875 0.272222 0.771875 0.280556 0.769531 0.284722 0.771875 0.284722 0.772656 0.281944 0.773438 0.277778 0.775000 0.263889 0.769531 0.262500
27 0.628906 0.193056 0.628906 0.197222 0.630469 0.197222 0.631250 0.193056 0.632031 0.197222 0.631250 0.191667 0.628906 0.193056
27 0.629687 0.162500 0.628906 0.165278 0.631250 0.165278 0.631250 0.162500 0.629687 0.162500
27 0.999219 0.000000 0.999219 0.130556 0.995313 0.130556 0.992188 0.133333 0.993750 0.136111 0.982031 0.136111 0.978906 0.133333 0.974219 0.134722 0.979688 0.138889 0.974219 0.138889 0.973437 0.137500 0.968750 0.137500 0.964063 0.138889 0.961719 0.140278 0.959375 0.141667 0.955469 0.144444 0.952344 0.148611 0.950781 0.150000 0.945312 0.151389 0.943750 0.151389 0.937500 0.150000 0.935937 0.145833 0.932813 0.147222 0.932031 0.144444 0.922656 0.145833 0.918750 0.144444 0.917188 0.143056 0.915625 0.141667 0.914062 0.138889 0.913281 0.136111 0.913281 0.115278 0.914844 0.113889 0.915625 0.108333 0.919531 0.108333 0.917969 0.122222 0.917969 0.127778 0.919531 0.133333 0.931250 0.130556 0.931250 0.129167 0.932813 0.126389 0.934375 0.127778 0.935156 0.125000 0.935156 0.127778 0.936719 0.131944 0.939844 0.137500 0.941406 0.138889 0.943750 0.138889 0.953125 0.133333 0.954688 0.131944 0.950781 0.127778 0.948438 0.126389 0.946875 0.123611 0.944531 0.127778 0.942969 0.127778 0.942187 0.122222 0.940625 0.119444 0.934375 0.119444 0.931250 0.116667 0.926562 0.116667 0.921094 0.111111 0.919531 0.108333 0.915625 0.108333 0.913281 0.102778 0.912500 0.100000 0.912500 0.090278 0.910937 0.086111 0.908594 0.073611 0.908594 0.061111 0.907813 0.056944 0.904687 0.044444 0.901563 0.037500 0.900781 0.036111 0.897656 0.033333 0.896094 0.030556 0.897656 0.030556 0.896094 0.023611 0.892188 0.020833 0.889844 0.016667 0.889062 0.012500 0.888281 0.015278 0.887500 0.019444 0.887500 0.015278 0.886719 0.013889 0.885938 0.002778 0.887500 0.000000 0.999219 0.000000
27 0.819531 0.002778 0.826562 0.000000 0.826562 0.004167 0.821875 0.004167 0.820312 0.006944 0.820312 0.008333 0.818750 0.011111 0.819531 0.013889 0.817969 0.018056 0.818750 0.019444 0.816406 0.031944 0.814063 0.037500 0.813281 0.044444 0.813281 0.052778 0.811719 0.061111 0.811719 0.072222 0.810937 0.076389 0.808594 0.083333 0.807813 0.087500 0.805469 0.091667 0.803906 0.093056 0.805469 0.095833 0.806250 0.108333 0.805469 0.112500 0.803906 0.115278 0.803906 0.118056 0.804688 0.131944 0.804688 0.136111 0.802344 0.138889 0.799219 0.136111 0.796875 0.133333 0.796094 0.136111 0.799219 0.136111 0.802344 0.138889 0.803906 0.140278 0.803125 0.147222 0.801562 0.156944 0.798438 0.166667 0.797656 0.170833 0.797656 0.175000 0.796875 0.179167 0.796094 0.181944 0.792188 0.188889 0.789062 0.193056 0.786719 0.194444 0.787500 0.197222 0.786719 0.201389 0.783594 0.212500 0.781250 0.219444 0.778125 0.220833 0.778906 0.226389 0.779687 0.234722 0.778906 0.238889 0.777344 0.241667 0.777344 0.245833 0.775000 0.245833 0.773438 0.248611 0.773438 0.251389 0.775781 0.251389 0.775781 0.261111 0.774219 0.261111 0.773438 0.259722 0.770312 0.259722 0.771094 0.254167 0.768750 0.258333 0.768750 0.234722 0.767188 0.231944 0.765625 0.230556 0.760938 0.229167 0.746094 0.223611 0.740625 0.222222 0.732031 0.222222 0.725000 0.219444 0.717187 0.219444 0.715625 0.220833 0.713281 0.223611 0.707031 0.233333 0.704688 0.234722 0.698438 0.245833 0.695312 0.248611 0.689844 0.258333 0.689063 0.262500 0.688281 0.276389 0.688281 0.293056 0.687500 0.294444 0.687500 0.309722 0.688281 0.316667 0.689844 0.319444 0.692969 0.322222 0.694531 0.322222 0.696094 0.323611 0.698438 0.327778 0.697656 0.350000 0.698438 0.352778 0.696094 0.354167 0.697656 0.359722 0.696875 0.362500 0.698438 0.363889 0.696875 0.370833 0.698438 0.372222 0.697656 0.375000 0.696094 0.375000 0.695312 0.373611 0.692969 0.375000 0.694531 0.377778 0.696875 0.377778 0.697656 0.398611 0.696875 0.400000 0.696875 0.420833 0.696094 0.431944 0.695312 0.433333 0.694531 0.436111 0.693750 0.431944 0.692187 0.430556 0.689844 0.429167 0.687500 0.429167 0.685937 0.429167 0.683594 0.429167 0.678906 0.430556 0.674219 0.434722 0.672656 0.433333 0.671875 0.429167 0.667969 0.423611 0.666406 0.420833 0.665625 0.418056 0.660937 0.419444 0.657031 0.416667 0.653125 0.416667 0.650781 0.419444 0.646094 0.429167 0.644531 0.427778 0.641406 0.423611 0.641406 0.419444 0.638281 0.412500 0.638281 0.372222 0.639844 0.366667 0.639844 0.361111 0.639844 0.361111 0.642188 0.359722 0.640625 0.356944 0.638281 0.356944 0.639062 0.354167 0.640625 0.352778 0.638281 0.341667 0.638281 0.334722 0.638281 0.331944 0.639062 0.327778 0.638281 0.326389 0.639062 0.322222 0.639062 0.281944 0.639062 0.279167 0.638281 0.248611 0.640625 0.248611 0.641406 0.244444 0.640625 0.240278 0.639062 0.237500 0.638281 0.230556 0.638281 0.227778 0.640625 0.226389 0.639062 0.222222 0.639062 0.216667 0.639844 0.215278 0.639062 0.206944 0.640625 0.205556 0.639062 0.201389 0.639062 0.191667 0.640625 0.175000 0.639844 0.168056 0.639844 0.165278 0.641406 0.163889 0.640625 0.161111 0.639844 0.151389 0.641406 0.148611 0.639844 0.145833 0.640625 0.106944 0.641406 0.105556 0.641406 0.081944 0.642969 0.080556 0.642188 0.076389 0.643750 0.073611 0.644531 0.070833 0.642188 0.054167 0.642188 0.044444 0.643750 0.043056 0.642969 0.033333 0.645312 0.026389 0.646094 0.023611 0.642969 0.025000 0.642969 0.022222 0.644531 0.020833 0.642969 0.016667 0.645312 0.005556 0.643750 0.002778 0.644531 0.000000 0.819531 0.002778
27 0.637500 0.000000 0.637500 0.002778 0.634375 0.002778 0.633594 0.001389 0.631250 0.002778 0.632812 0.005556 0.637500 0.006944 0.638281 0.009722 0.638281 0.013889 0.636719 0.018056 0.637500 0.022222 0.635938 0.023611 0.636719 0.027778 0.632031 0.031944 0.628906 0.031944 0.628125 0.036111 0.633594 0.037500 0.634375 0.038889 0.635938 0.038889 0.635938 0.052778 0.628125 0.054167 0.631250 0.056944 0.635156 0.056944 0.634375 0.062500 0.635156 0.070833 0.631250 0.070833 0.628125 0.073611 0.628906 0.076389 0.630469 0.079167 0.634375 0.077778 0.634375 0.080556 0.633594 0.081944 0.633594 0.094444 0.634375 0.095833 0.634375 0.101389 0.632812 0.101389 0.632812 0.127778 0.632031 0.129167 0.632031 0.143056 0.630469 0.144444 0.631250 0.147222 0.628125 0.148611 0.626563 0.147222 0.625781 0.154167 0.628125 0.152778 0.629687 0.151389 0.631250 0.151389 0.630469 0.154167 0.632812 0.152778 0.632812 0.156944 0.628906 0.156944 0.625781 0.158333 0.625781 0.161111 0.624219 0.165278 0.626563 0.169444 0.629687 0.169444 0.631250 0.170833 0.631250 0.173611 0.629687 0.176389 0.628125 0.177778 0.632031 0.177778 0.632031 0.183333 0.630469 0.184722 0.630469 0.187500 0.628125 0.187500 0.626563 0.190278 0.626563 0.197222 0.625781 0.201389 0.624219 0.204167 0.625781 0.206944 0.627344 0.211111 0.629687 0.211111 0.628906 0.215278 0.628125 0.215278 0.626563 0.218056 0.626563 0.222222 0.624219 0.223611 0.622656 0.229167 0.623437 0.254167 0.627344 0.255556 0.626563 0.258333 0.628125 0.259722 0.625781 0.259722 0.622656 0.256944 0.620313 0.256944 0.614062 0.255556 0.612500 0.254167 0.610156 0.254167 0.611719 0.256944 0.614062 0.255556 0.620313 0.256944 0.619531 0.261111 0.621094 0.263889 0.623437 0.265278 0.625781 0.269444 0.628906 0.269444 0.630469 0.270833 0.627344 0.269444 0.625781 0.272222 0.625781 0.276389 0.626563 0.279167 0.628125 0.281944 0.628125 0.286111 0.624219 0.291667 0.625781 0.294444 0.627344 0.291667 0.628125 0.291667 0.629687 0.288889 0.630469 0.308333 0.630469 0.315278 0.629687 0.318056 0.624219 0.319444 0.627344 0.320833 0.628906 0.322222 0.630469 0.325000 0.625000 0.327778 0.626563 0.329167 0.627344 0.330556 0.630469 0.330556 0.629687 0.334722 0.628906 0.333333 0.627344 0.336111 0.630469 0.338889 0.630469 0.341667 0.629687 0.343056 0.630469 0.348611 0.622656 0.350000 0.625781 0.352778 0.629687 0.352778 0.628906 0.355556 0.627344 0.354167 0.624219 0.355556 0.621875 0.359722 0.624219 0.365278 0.624219 0.375000 0.621875 0.379167 0.625000 0.379167 0.625781 0.377778 0.626563 0.376389 0.627344 0.373611 0.627344 0.365278 0.626563 0.362500 0.624219 0.359722 0.625781 0.359722 0.626563 0.361111 0.628906 0.361111 0.629687 0.390278 0.628906 0.406944 0.629687 0.409722 0.628906 0.416667 0.623437 0.420833 0.624219 0.423611 0.622656 0.423611 0.621875 0.422222 0.620313 0.422222 0.618750 0.425000 0.614844 0.426389 0.611719 0.426389 0.609375 0.425000 0.607031 0.422222 0.604688 0.420833 0.603125 0.422222 0.601562 0.420833 0.600781 0.418056 0.598437 0.418056 0.597656 0.419444 0.595313 0.419444 0.594531 0.418056 0.592187 0.416667 0.589063 0.416667 0.586719 0.418056 0.582812 0.420833 0.575000 0.418056 0.573438 0.420833 0.566406 0.420833 0.565625 0.416667 0.563281 0.416667 0.562500 0.419444 0.562500 0.423611 0.558594 0.423611 0.553125 0.422222 0.544531 0.416667 0.540625 0.415278 0.540625 0.413889 0.537500 0.411111 0.535156 0.409722 0.533594 0.411111 0.531250 0.406944 0.530469 0.413889 0.528125 0.413889 0.525781 0.416667 0.524219 0.419444 0.525000 0.425000 0.524219 0.420833 0.521875 0.426389 0.521875 0.429167 0.518750 0.430556 0.516406 0.429167 0.511719 0.431944 0.514844 0.434722 0.517188 0.434722 0.515625 0.434722 0.504687 0.437500 0.507031 0.438889 0.508594 0.441667 0.510156 0.443056 0.507812 0.443056 0.507031 0.444444 0.506250 0.447222 0.503906 0.450000 0.503125 0.455556 0.502344 0.438889 0.500000 0.437500 0.498437 0.444444 0.498437 0.459722 0.496094 0.459722 0.493750 0.458333 0.490625 0.458333 0.488281 0.458333 0.489844 0.456944 0.489844 0.452778 0.489063 0.450000 0.486719 0.448611 0.485938 0.444444 0.485938 0.438889 0.485156 0.436111 0.482812 0.436111 0.482812 0.437500 0.481250 0.440278 0.480469 0.436111 0.479687 0.433333 0.481250 0.436111 0.489844 0.433333 0.485938 0.430556 0.481250 0.430556 0.478125 0.429167 0.477344 0.427778 0.478125 0.426389 0.480469 0.427778 0.480469 0.423611 0.478125 0.426389 0.477344 0.427778 0.475781 0.427778 0.475781 0.430556 0.474219 0.429167 0.473438 0.426389 0.475000 0.427778 0.477344 0.427778 0.478906 0.425000 0.477344 0.423611 0.476562 0.422222 0.474219 0.423611 0.474219 0.419444 0.473438 0.418056 0.472656 0.412500 0.471875 0.418056 0.471094 0.423611 0.470313 0.426389 0.468750 0.420833 0.465625 0.420833 0.464062 0.423611 0.467969 0.426389 0.457813 0.427778 0.461719 0.429167 0.462500 0.430556 0.465625 0.430556 0.465625 0.434722 0.463281 0.436111 0.463281 0.438889 0.460156 0.437500 0.459375 0.440278 0.458594 0.441667 0.458594 0.444444 0.459375 0.445833 0.458594 0.450000 0.457813 0.445833 0.456250 0.445833 0.454688 0.450000 0.453125 0.447222 0.450781 0.450000 0.451562 0.452778 0.453125 0.452778 0.451562 0.452778 0.447656 0.451389 0.443750 0.452778 0.432031 0.451389 0.428906 0.448611 0.427344 0.451389 0.428906 0.448611 0.426563 0.445833 0.428906 0.445833 0.429688 0.450000 0.431250 0.445833 0.430469 0.441667 0.428125 0.438889 0.428906 0.436111 0.430469 0.434722 0.428906 0.430556 0.427344 0.431944 0.425781 0.431944 0.425781 0.429167 0.423438 0.427778 0.421875 0.423611 0.419531 0.420833 0.420312 0.419444 0.426563 0.419444 0.421094 0.416667 0.415625 0.415278 0.409375 0.416667 0.414844 0.418056 0.417187 0.420833 0.420312 0.419444 0.419531 0.420833 0.415625 0.420833 0.412500 0.425000 0.410938 0.423611 0.409375 0.420833 0.407813 0.419444 0.407031 0.423611 0.408594 0.426389 0.407031 0.426389 0.405469 0.429167 0.405469 0.431944 0.403906 0.433333 0.403906 0.436111 0.401562 0.438889 0.401562 0.441667 0.400000 0.438889 0.400000 0.436111 0.399219 0.433333 0.396875 0.429167 0.396094 0.425000 0.395313 0.422222 0.394531 0.420833 0.392188 0.418056 0.390625 0.413889 0.389844 0.409722 0.390625 0.411111 0.393750 0.413889 0.398438 0.412500 0.394531 0.411111 0.393750 0.409722 0.390625 0.411111 0.389844 0.409722 0.387500 0.406944 0.387500 0.404167 0.389844 0.404167 0.388281 0.401389 0.386719 0.400000 0.385937 0.402778 0.380469 0.393056 0.376563 0.388889 0.372656 0.387500 0.371094 0.387500 0.371094 0.391667 0.364063 0.393056 0.355469 0.391667 0.354687 0.388889 0.353906 0.387500 0.352344 0.386111 0.351562 0.384722 0.349219 0.383333 0.346875 0.386111 0.348438 0.387500 0.349219 0.388889 0.353906 0.387500 0.354687 0.388889 0.355469 0.387500 0.357031 0.390278 0.358594 0.391667 0.369531 0.391667 0.368750 0.386111 0.365625 0.386111 0.364844 0.384722 0.362500 0.384722 0.355469 0.387500 0.354687 0.388889 0.347656 0.390278 0.346094 0.387500 0.339062 0.388889 0.336719 0.386111 0.333594 0.384722 0.331250 0.384722 0.330469 0.381944 0.327344 0.383333 0.322656 0.384722 0.321094 0.383333 0.320312 0.380556 0.318750 0.379167 0.306250 0.379167 0.297656 0.376389 0.287500 0.376389 0.283594 0.375000 0.282813 0.373611 0.280469 0.373611 0.280469 0.370833 0.282031 0.362500 0.281250 0.354167 0.282813 0.356944 0.284375 0.354167 0.282031 0.351389 0.282031 0.338889 0.282813 0.337500 0.282813 0.333333 0.285938 0.333333 0.286719 0.329167 0.285938 0.326389 0.283594 0.325000 0.283594 0.320833 0.285938 0.319444 0.283594 0.316667 0.285156 0.312500 0.285156 0.306944 0.283594 0.301389 0.284375 0.297222 0.282813 0.291667 0.283594 0.276389 0.287500 0.275000 0.285156 0.273611 0.284375 0.266667 0.285938 0.265278 0.285938 0.254167 0.286719 0.251389 0.289844 0.245833 0.288281 0.241667 0.286719 0.241667 0.285938 0.238889 0.285938 0.236111 0.287500 0.219444 0.286719 0.198611 0.287500 0.180556 0.288281 0.166667 0.289062 0.165278 0.289062 0.161111 0.291406 0.159722 0.289062 0.158333 0.289062 0.155556 0.291406 0.155556 0.292187 0.151389 0.289062 0.148611 0.289062 0.144444 0.289844 0.138889 0.289844 0.127778 0.289844 0.122222 0.287500 0.120833 0.285938 0.125000 0.284375 0.125000 0.284375 0.129167 0.285156 0.130556 0.285156 0.134722 0.284375 0.151389 0.283594 0.148611 0.282813 0.154167 0.284375 0.154167 0.284375 0.156944 0.282813 0.155556 0.284375 0.161111 0.282031 0.162500 0.282813 0.176389 0.282031 0.198611 0.281250 0.212500 0.280469 0.223611 0.278906 0.230556 0.279687 0.234722 0.279687 0.237500 0.278906 0.241667 0.277344 0.243056 0.278125 0.248611 0.276562 0.248611 0.275781 0.256944 0.277344 0.261111 0.278125 0.262500 0.276562 0.272222 0.278125 0.275000 0.276562 0.288889 0.277344 0.297222 0.276562 0.295833 0.271875 0.293056 0.273438 0.294444 0.274219 0.295833 0.276562 0.295833 0.277344 0.297222 0.276562 0.308333 0.273438 0.311111 0.275781 0.312500 0.275781 0.316667 0.272656 0.315278 0.274219 0.319444 0.271875 0.322222 0.275781 0.323611 0.271094 0.323611 0.271094 0.327778 0.269531 0.329167 0.275000 0.331944 0.275000 0.334722 0.274219 0.344444 0.272656 0.344444 0.271875 0.345833 0.268750 0.345833 0.267969 0.347222 0.266406 0.348611 0.267969 0.351389 0.271094 0.348611 0.273438 0.348611 0.274219 0.365278 0.273438 0.366667 0.273438 0.372222 0.268750 0.372222 0.261719 0.370833 0.253906 0.368056 0.246094 0.366667 0.237500 0.366667 0.230469 0.363889 0.220312 0.363889 0.213281 0.361111 0.207031 0.361111 0.205469 0.363889 0.203906 0.363889 0.199219 0.361111 0.189844 0.359722 0.181250 0.359722 0.164844 0.356944 0.156250 0.355556 0.150781 0.354167 0.149219 0.354167 0.148438 0.348611 0.161719 0.347222 0.150000 0.344444 0.147656 0.345833 0.148438 0.343056 0.148438 0.338889 0.146875 0.337500 0.146094 0.336111 0.140625 0.336111 0.133594 0.333333 0.124219 0.331944 0.122656 0.333333 0.120313 0.331944 0.121094 0.327778 0.119531 0.325000 0.109375 0.325000 0.100000 0.323611 0.096875 0.318056 0.094531 0.318056 0.092969 0.320833 0.084375 0.320833 0.075781 0.319444 0.067969 0.316667 0.061719 0.316667 0.060156 0.331944 0.060156 0.340278 0.057813 0.338889 0.055469 0.338889 0.043750 0.337500 0.039844 0.334722 0.035156 0.336111 0.031250 0.334722 0.027344 0.330556 0.026562 0.326389 0.028125 0.322222 0.027344 0.319444 0.025781 0.318056 0.019531 0.315278 0.010937 0.316667 0.015625 0.320833 0.019531 0.322222 0.020313 0.325000 0.018750 0.326389 0.019531 0.330556 0.006250 0.331944 0.005469 0.330556 0.000000 0.330556 0.000000 0.315278 0.005469 0.313889 0.000000 0.312500 0.002344 0.311111 0.000000 0.309722 0.000000 0.000000 0.637500 0.000000
2 0.114062 0.695833 0.113281 0.697222 0.110937 0.697222 0.112500 0.701389 0.113281 0.704167 0.114062 0.706944 0.114062 0.712500 0.114844 0.716667 0.117969 0.711111 0.119531 0.711111 0.117188 0.708333 0.116406 0.705556 0.116406 0.695833 0.114062 0.695833
2 0.757031 0.563889 0.753125 0.565278 0.751563 0.566667 0.750781 0.568056 0.750781 0.569444 0.749219 0.573611 0.750000 0.579167 0.752344 0.581944 0.753906 0.580556 0.755469 0.577778 0.763281 0.577778 0.768750 0.575000 0.773438 0.575000 0.775000 0.576389 0.778906 0.580556 0.783594 0.586111 0.785156 0.587500 0.786719 0.588889 0.796094 0.588889 0.797656 0.586111 0.797656 0.579167 0.796875 0.575000 0.796094 0.572222 0.794531 0.569444 0.790625 0.565278 0.781250 0.563889 0.757031 0.563889
2 0.217188 0.369444 0.220312 0.372222 0.245312 0.372222 0.250000 0.375000 0.257812 0.376389 0.265625 0.377778 0.278125 0.376389 0.284375 0.377778 0.289062 0.380556 0.296875 0.381944 0.306250 0.383333 0.317188 0.383333 0.321875 0.384722 0.325781 0.387500 0.331250 0.388889 0.338281 0.390278 0.346094 0.391667 0.355469 0.393056 0.364063 0.394444 0.369531 0.394444 0.372656 0.391667 0.376563 0.393056 0.378906 0.395833 0.382031 0.398611 0.385937 0.405556 0.389062 0.412500 0.392188 0.419444 0.396875 0.431944 0.400000 0.444444 0.403906 0.454167 0.404687 0.456944 0.405469 0.459722 0.407031 0.468056 0.411719 0.481944 0.412500 0.486111 0.413281 0.494444 0.414062 0.497222 0.415625 0.500000 0.416406 0.506944 0.418750 0.515278 0.421094 0.522222 0.422656 0.526389 0.424219 0.529167 0.427344 0.530556 0.428125 0.533333 0.428906 0.543056 0.428906 0.556944 0.428125 0.581944 0.429688 0.586111 0.429688 0.590278 0.432031 0.598611 0.435156 0.618056 0.435937 0.631944 0.435156 0.669444 0.435937 0.676389 0.434375 0.688889 0.433594 0.709722 0.433594 0.716667 0.434375 0.729167 0.432812 0.736111 0.432812 0.747222 0.432031 0.754167 0.431250 0.758333 0.428125 0.768056 0.428125 0.787500 0.427344 0.788889 0.427344 0.793056 0.424219 0.794444 0.422656 0.794444 0.410156 0.791667 0.407031 0.791667 0.403125 0.794444 0.399219 0.795833 0.398438 0.798611 0.397656 0.802778 0.396875 0.816667 0.397656 0.831944 0.397656 0.844444 0.396094 0.854167 0.396094 0.865278 0.396875 0.870833 0.398438 0.876389 0.398438 0.884722 0.400000 0.888889 0.400781 0.893056 0.400781 0.897222 0.380469 0.895833 0.317969 0.897222 0.253906 0.900000 0.245312 0.900000 0.245312 0.895833 0.244531 0.891667 0.242969 0.888889 0.242188 0.886111 0.241406 0.880556 0.241406 0.866667 0.240625 0.862500 0.239063 0.858333 0.237500 0.848611 0.237500 0.841667 0.236719 0.837500 0.235156 0.833333 0.232813 0.829167 0.232031 0.826389 0.231250 0.815278 0.230469 0.812500 0.227344 0.805556 0.226562 0.802778 0.225781 0.795833 0.225000 0.793056 0.222656 0.787500 0.220312 0.781944 0.218750 0.777778 0.217188 0.775000 0.211719 0.768056 0.210156 0.763889 0.203906 0.754167 0.201563 0.751389 0.196875 0.747222 0.189844 0.741667 0.183594 0.737500 0.181250 0.736111 0.174219 0.736111 0.171875 0.734722 0.170313 0.733333 0.168750 0.731944 0.167187 0.729167 0.165625 0.723611 0.161719 0.727778 0.159375 0.729167 0.157812 0.729167 0.154688 0.726389 0.153125 0.720833 0.154688 0.716667 0.151562 0.718056 0.153125 0.720833 0.154688 0.726389 0.151562 0.726389 0.148438 0.729167 0.141406 0.729167 0.139063 0.726389 0.126562 0.726389 0.125781 0.725000 0.124219 0.725000 0.123438 0.715278 0.123438 0.709722 0.125781 0.704167 0.123438 0.700000 0.122656 0.695833 0.121875 0.695833 0.120313 0.693056 0.120313 0.688889 0.114844 0.679167 0.114062 0.676389 0.114062 0.672222 0.113281 0.669444 0.110937 0.668056 0.110156 0.665278 0.110156 0.652778 0.110937 0.625000 0.111719 0.613889 0.113281 0.609722 0.114062 0.604167 0.114062 0.597222 0.114844 0.593056 0.115625 0.590278 0.117188 0.587500 0.117969 0.583333 0.121094 0.581944 0.122656 0.580556 0.124219 0.577778 0.125000 0.570833 0.124219 0.568056 0.122656 0.572222 0.118750 0.575000 0.114844 0.575000 0.112500 0.573611 0.108594 0.569444 0.098437 0.568056 0.092188 0.568056 0.089844 0.572222 0.088281 0.573611 0.086719 0.575000 0.081250 0.576389 0.079687 0.576389 0.076563 0.573611 0.074219 0.569444 0.071875 0.562500 0.066406 0.565278 0.060156 0.563889 0.055469 0.572222 0.053906 0.572222 0.053125 0.573611 0.049219 0.573611 0.048438 0.572222 0.046875 0.572222 0.045312 0.568056 0.044531 0.563889 0.044531 0.556944 0.046875 0.551389 0.046094 0.544444 0.046875 0.541667 0.048438 0.537500 0.050781 0.534722 0.052344 0.533333 0.056250 0.531944 0.057813 0.530556 0.059375 0.529167 0.061719 0.523611 0.064062 0.520833 0.069531 0.516667 0.071875 0.515278 0.077344 0.513889 0.090625 0.513889 0.096875 0.515278 0.103125 0.516667 0.108594 0.518056 0.110937 0.519444 0.115625 0.523611 0.117969 0.526389 0.122656 0.533333 0.124219 0.533333 0.126562 0.537500 0.126562 0.552778 0.125000 0.556944 0.125000 0.562500 0.124219 0.563889 0.125000 0.569444 0.126562 0.563889 0.126562 0.558333 0.128125 0.554167 0.128125 0.531944 0.128906 0.529167 0.132031 0.523611 0.132812 0.520833 0.132812 0.518056 0.133594 0.515278 0.135937 0.513889 0.138281 0.509722 0.138281 0.506944 0.139063 0.504167 0.140625 0.501389 0.142187 0.501389 0.145313 0.495833 0.146094 0.493056 0.146875 0.488889 0.146875 0.481944 0.147656 0.475000 0.151562 0.459722 0.153906 0.454167 0.154688 0.451389 0.154688 0.448611 0.155469 0.445833 0.156250 0.443056 0.160938 0.431944 0.163281 0.425000 0.164062 0.422222 0.164844 0.416667 0.165625 0.413889 0.167187 0.409722 0.169531 0.404167 0.171875 0.400000 0.174219 0.398611 0.176563 0.394444 0.181250 0.384722 0.189062 0.379167 0.190625 0.376389 0.192969 0.375000 0.200000 0.370833 0.207031 0.369444 0.217188 0.369444
19 0.152344 0.718056 0.153906 0.719444 0.153906 0.716667 0.152344 0.718056
19 0.491406 0.611111 0.495312 0.612500 0.499219 0.615278 0.503906 0.615278 0.505469 0.613889 0.507031 0.611111 0.491406 0.611111
19 0.539844 0.594444 0.541406 0.594444 0.542969 0.597222 0.545312 0.598611 0.548438 0.597222 0.550000 0.598611 0.552344 0.595833 0.553906 0.594444 0.543750 0.594444 0.542969 0.593056 0.539844 0.594444
19 0.429688 0.575000 0.428906 0.581944 0.430469 0.586111 0.430469 0.590278 0.432812 0.598611 0.435937 0.618056 0.436719 0.631944 0.435937 0.670833 0.436719 0.676389 0.435156 0.688889 0.434375 0.709722 0.434375 0.716667 0.435156 0.729167 0.433594 0.736111 0.433594 0.747222 0.432812 0.754167 0.432031 0.758333 0.428906 0.768056 0.428906 0.787500 0.427344 0.794444 0.425000 0.794444 0.424219 0.795833 0.422656 0.795833 0.410156 0.793056 0.407031 0.793056 0.403125 0.795833 0.400000 0.795833 0.399219 0.798611 0.398438 0.802778 0.397656 0.816667 0.398438 0.831944 0.398438 0.844444 0.396875 0.854167 0.396875 0.865278 0.397656 0.870833 0.399219 0.876389 0.399219 0.884722 0.400781 0.888889 0.401562 0.893056 0.401562 0.897222 0.692969 0.897222 0.731250 0.898611 0.807813 0.902778 0.846094 0.904167 0.897656 0.905556 0.948438 0.905556 0.949219 0.906944 0.999219 0.906944 0.999219 0.798611 0.994531 0.798611 0.988281 0.795833 0.976562 0.793056 0.952344 0.787500 0.899219 0.776389 0.875781 0.770833 0.865625 0.768056 0.845313 0.762500 0.794531 0.748611 0.769531 0.741667 0.764844 0.740278 0.760938 0.738889 0.757812 0.736111 0.751563 0.736111 0.749219 0.734722 0.746875 0.730556 0.736719 0.730556 0.731250 0.729167 0.721094 0.726389 0.715625 0.725000 0.712500 0.723611 0.709375 0.720833 0.700781 0.719444 0.696875 0.715278 0.691406 0.713889 0.684375 0.713889 0.678906 0.712500 0.675000 0.711111 0.667969 0.706944 0.664062 0.705556 0.657813 0.705556 0.654687 0.702778 0.647656 0.700000 0.643750 0.698611 0.638281 0.698611 0.634375 0.694444 0.628125 0.693056 0.621094 0.693056 0.613281 0.691667 0.608594 0.690278 0.604688 0.687500 0.595313 0.686111 0.592187 0.684722 0.590625 0.681944 0.586719 0.679167 0.581250 0.679167 0.577344 0.676389 0.572656 0.676389 0.568750 0.675000 0.561719 0.670833 0.556250 0.670833 0.553125 0.668056 0.549219 0.666667 0.538281 0.665278 0.534375 0.663889 0.530469 0.661111 0.526563 0.659722 0.493750 0.650000 0.490625 0.647222 0.487500 0.647222 0.484375 0.644444 0.480469 0.643056 0.475781 0.643056 0.472656 0.640278 0.466406 0.638889 0.462500 0.637500 0.458594 0.634722 0.456250 0.633333 0.453906 0.629167 0.453125 0.619444 0.455469 0.619444 0.453125 0.615278 0.452344 0.611111 0.454688 0.606944 0.456250 0.605556 0.459375 0.604167 0.462500 0.602778 0.466406 0.601389 0.484375 0.601389 0.490625 0.604167 0.496094 0.602778 0.498437 0.597222 0.502344 0.597222 0.506250 0.594444 0.509375 0.594444 0.510156 0.593056 0.511719 0.591667 0.501563 0.591667 0.500781 0.590278 0.465625 0.590278 0.448437 0.588889 0.444531 0.587500 0.441406 0.584722 0.433594 0.577778 0.429688 0.575000
19 0.073438 0.569444 0.076563 0.575000 0.078125 0.576389 0.079687 0.577778 0.081250 0.577778 0.086719 0.576389 0.088281 0.575000 0.089844 0.573611 0.092188 0.569444 0.098437 0.569444 0.108594 0.570833 0.112500 0.575000 0.114844 0.576389 0.118750 0.576389 0.121094 0.573611 0.123438 0.576389 0.122656 0.579167 0.121094 0.580556 0.118750 0.580556 0.117188 0.583333 0.114844 0.590278 0.114062 0.593056 0.113281 0.597222 0.113281 0.604167 0.112500 0.609722 0.110937 0.613889 0.110156 0.625000 0.109375 0.652778 0.109375 0.665278 0.110156 0.668056 0.112500 0.670833 0.113281 0.672222 0.113281 0.676389 0.114062 0.679167 0.119531 0.688889 0.119531 0.693056 0.122656 0.697222 0.122656 0.700000 0.125000 0.704167 0.122656 0.709722 0.120313 0.711111 0.118750 0.709722 0.117969 0.708333 0.117188 0.705556 0.117969 0.698611 0.116406 0.694444 0.114062 0.694444 0.110937 0.695833 0.111719 0.701389 0.112500 0.704167 0.113281 0.706944 0.113281 0.712500 0.114844 0.718056 0.117969 0.712500 0.120313 0.711111 0.122656 0.709722 0.122656 0.715278 0.123438 0.725000 0.126562 0.727778 0.139063 0.727778 0.141406 0.730556 0.148438 0.730556 0.151562 0.727778 0.154688 0.727778 0.157812 0.730556 0.159375 0.730556 0.161719 0.729167 0.164062 0.726389 0.165625 0.725000 0.166406 0.729167 0.168750 0.733333 0.170313 0.734722 0.171875 0.736111 0.174219 0.737500 0.181250 0.737500 0.183594 0.738889 0.189844 0.743056 0.196875 0.748611 0.201563 0.752778 0.203906 0.755556 0.210156 0.765278 0.210938 0.768056 0.211719 0.769444 0.217188 0.776389 0.217969 0.777778 0.217969 0.779167 0.221875 0.787500 0.224219 0.793056 0.225000 0.795833 0.225781 0.802778 0.226562 0.805556 0.229687 0.812500 0.230469 0.815278 0.231250 0.826389 0.232031 0.829167 0.234375 0.833333 0.235937 0.837500 0.236719 0.841667 0.236719 0.848611 0.238281 0.858333 0.239844 0.862500 0.240625 0.866667 0.240625 0.880556 0.241406 0.886111 0.242188 0.888889 0.243750 0.891667 0.244531 0.895833 0.244531 0.900000 0.236719 0.900000 0.235937 0.888889 0.235156 0.893056 0.232031 0.894444 0.232031 0.890278 0.235156 0.890278 0.235156 0.877778 0.235937 0.869444 0.233594 0.863889 0.235156 0.861111 0.235937 0.856944 0.234375 0.847222 0.232031 0.840278 0.232031 0.836111 0.229687 0.829167 0.229687 0.818056 0.228906 0.812500 0.225781 0.805556 0.225000 0.802778 0.225000 0.800000 0.223438 0.797222 0.223438 0.794444 0.219531 0.786111 0.219531 0.784722 0.217969 0.780556 0.216406 0.777778 0.215625 0.777778 0.212500 0.773611 0.210156 0.769444 0.207031 0.762500 0.201563 0.754167 0.199219 0.751389 0.197656 0.750000 0.192188 0.748611 0.187500 0.744444 0.182031 0.741667 0.177344 0.741667 0.173437 0.738889 0.166406 0.737500 0.153125 0.736111 0.135156 0.734722 0.106250 0.734722 0.100781 0.737500 0.095312 0.737500 0.089844 0.734722 0.083594 0.733333 0.077344 0.733333 0.067969 0.734722 0.064844 0.733333 0.059375 0.727778 0.056250 0.727778 0.053125 0.725000 0.048438 0.723611 0.044531 0.726389 0.039062 0.723611 0.033594 0.722222 0.031250 0.722222 0.027344 0.723611 0.021094 0.720833 0.014063 0.722222 0.012500 0.722222 0.007812 0.720833 0.003125 0.719444 0.002344 0.718056 0.000000 0.718056 0.000000 0.580556 0.016406 0.579167 0.015625 0.577778 0.016406 0.572222 0.028906 0.572222 0.034375 0.575000 0.040625 0.575000 0.042969 0.573611 0.045312 0.569444 0.046875 0.573611 0.049219 0.575000 0.049219 0.575000 0.047656 0.575000 0.046875 0.576389 0.043750 0.577778 0.056250 0.577778 0.049219 0.575000 0.049219 0.575000 0.053125 0.575000 0.056250 0.572222 0.060156 0.565278 0.066406 0.566667 0.071875 0.563889 0.073438 0.569444
