21 0.792969 0.602778 0.799219 0.602778 0.800000 0.604167 0.806250 0.604167 0.807031 0.605556 0.811719 0.605556 0.809375 0.605556 0.808594 0.604167 0.803906 0.602778 0.792969 0.602778
21 0.821094 0.576389 0.820312 0.583333 0.818750 0.586111 0.819531 0.588889 0.820312 0.591667 0.821875 0.594444 0.823438 0.588889 0.822656 0.575000 0.821094 0.576389
21 0.650781 0.570833 0.652344 0.572222 0.655469 0.575000 0.662500 0.575000 0.663281 0.573611 0.665625 0.573611 0.662500 0.572222 0.661719 0.570833 0.650781 0.570833
21 0.668750 0.570833 0.670312 0.569444 0.671875 0.569444 0.668750 0.570833
21 0.700781 0.568056 0.699219 0.572222 0.701562 0.572222 0.700781 0.568056
21 0.689063 0.566667 0.687500 0.570833 0.684375 0.572222 0.692969 0.572222 0.691406 0.568056 0.689063 0.566667
21 0.683594 0.562500 0.680469 0.563889 0.678906 0.565278 0.680469 0.565278 0.681250 0.563889 0.684375 0.562500 0.687500 0.562500 0.683594 0.562500
21 0.689063 0.563889 0.689844 0.561111 0.689844 0.558333 0.689063 0.563889
21 0.807031 0.558333 0.810156 0.563889 0.810937 0.561111 0.810156 0.556944 0.807031 0.558333
21 0.634375 0.555556 0.635938 0.556944 0.636719 0.558333 0.638281 0.558333 0.639062 0.559722 0.640625 0.561111 0.639062 0.558333 0.638281 0.558333 0.636719 0.555556 0.634375 0.555556
21 0.707812 0.552778 0.705469 0.555556 0.699219 0.555556 0.696875 0.558333 0.700781 0.555556 0.707812 0.555556 0.710156 0.559722 0.710156 0.563889 0.710938 0.568056 0.711719 0.565278 0.713281 0.562500 0.714063 0.559722 0.714063 0.555556 0.713281 0.552778 0.707812 0.552778
21 0.821875 0.548611 0.820312 0.551389 0.819531 0.554167 0.816406 0.558333 0.817187 0.561111 0.819531 0.565278 0.818750 0.568056 0.817187 0.570833 0.816406 0.575000 0.817187 0.570833 0.819531 0.566667 0.821094 0.569444 0.823438 0.569444 0.823438 0.563889 0.825000 0.558333 0.821875 0.548611
21 0.731250 0.511111 0.724219 0.512500 0.719531 0.516667 0.721875 0.518056 0.723437 0.520833 0.724219 0.525000 0.727344 0.519444 0.731250 0.519444 0.733594 0.516667 0.739844 0.516667 0.733594 0.515278 0.733594 0.513889 0.732812 0.512500 0.731250 0.511111
21 0.700000 0.511111 0.696875 0.516667 0.698438 0.518056 0.700000 0.520833 0.705469 0.520833 0.705469 0.526389 0.706250 0.531944 0.707812 0.536111 0.708594 0.543056 0.708594 0.550000 0.710156 0.550000 0.712500 0.545833 0.715625 0.543056 0.714844 0.537500 0.717969 0.529167 0.720313 0.530556 0.721875 0.529167 0.718750 0.529167 0.716406 0.527778 0.716406 0.523611 0.715625 0.520833 0.714844 0.519444 0.712500 0.518056 0.709375 0.512500 0.703125 0.511111 0.700000 0.511111
21 0.333594 0.506944 0.333594 0.511111 0.335938 0.512500 0.333594 0.515278 0.335938 0.516667 0.337500 0.508333 0.335938 0.508333 0.335156 0.506944 0.333594 0.506944
21 0.332813 0.486111 0.332031 0.488889 0.333594 0.491667 0.335938 0.494444 0.338281 0.495833 0.341406 0.493056 0.341406 0.490278 0.340625 0.487500 0.339062 0.487500 0.338281 0.486111 0.332813 0.486111
21 0.491406 0.462500 0.492188 0.465278 0.492188 0.470833 0.491406 0.473611 0.490625 0.476389 0.492969 0.477778 0.493750 0.475000 0.495312 0.476389 0.496875 0.477778 0.499219 0.481944 0.500000 0.476389 0.500000 0.493056 0.493750 0.493056 0.500781 0.491667 0.501563 0.466667 0.500781 0.462500 0.498437 0.462500 0.491406 0.462500
21 0.967187 0.258333 0.968750 0.259722 0.970313 0.262500 0.972656 0.259722 0.967187 0.258333
21 0.933594 0.252778 0.935156 0.256944 0.935156 0.251389 0.933594 0.252778
21 0.974219 0.250000 0.971875 0.252778 0.973437 0.254167 0.977344 0.251389 0.974219 0.250000
21 0.979688 0.250000 0.978906 0.252778 0.980469 0.254167 0.981250 0.255556 0.982812 0.255556 0.984375 0.251389 0.982031 0.248611 0.979688 0.250000
21 0.942969 0.236111 0.940625 0.238889 0.942969 0.241667 0.944531 0.238889 0.942969 0.236111
21 0.932813 0.225000 0.932813 0.226389 0.931250 0.229167 0.931250 0.233333 0.933594 0.237500 0.934375 0.241667 0.935937 0.241667 0.937500 0.238889 0.935937 0.234722 0.935156 0.233333 0.933594 0.231944 0.935156 0.227778 0.935937 0.226389 0.935937 0.223611 0.932813 0.225000
21 0.935156 0.206944 0.935156 0.212500 0.936719 0.211111 0.935156 0.206944
21 0.958594 0.180556 0.958594 0.184722 0.960156 0.183333 0.958594 0.180556
21 0.831250 0.155556 0.832031 0.158333 0.833594 0.159722 0.835156 0.158333 0.835938 0.155556 0.833594 0.151389 0.831250 0.155556
21 0.993750 0.130556 0.995313 0.131944 0.997656 0.131944 0.996094 0.130556 0.993750 0.130556
21 0.803125 0.123611 0.806250 0.123611 0.807031 0.125000 0.811719 0.125000 0.810156 0.123611 0.803125 0.123611
21 0.685937 0.113889 0.687500 0.116667 0.687500 0.118056 0.689844 0.122222 0.691406 0.122222 0.694531 0.126389 0.696875 0.122222 0.698438 0.122222 0.700000 0.119444 0.703906 0.119444 0.704688 0.118056 0.707031 0.118056 0.704688 0.118056 0.703906 0.116667 0.698438 0.116667 0.697656 0.118056 0.692187 0.118056 0.689844 0.115278 0.687500 0.115278 0.685937 0.113889
21 0.759375 0.111111 0.764844 0.112500 0.767969 0.116667 0.771875 0.118056 0.780469 0.116667 0.782813 0.119444 0.789062 0.119444 0.789844 0.120833 0.792188 0.122222 0.790625 0.122222 0.789062 0.125000 0.790625 0.129167 0.795312 0.130556 0.804688 0.131944 0.807813 0.130556 0.816406 0.133333 0.825000 0.134722 0.832812 0.131944 0.835938 0.131944 0.838281 0.134722 0.839844 0.134722 0.840625 0.133333 0.842187 0.133333 0.850000 0.133333 0.848437 0.131944 0.847656 0.130556 0.837500 0.130556 0.836719 0.129167 0.829688 0.129167 0.839844 0.129167 0.844531 0.126389 0.851562 0.127778 0.855469 0.126389 0.857031 0.126389 0.857812 0.127778 0.859375 0.127778 0.861719 0.133333 0.868750 0.133333 0.875000 0.136111 0.884375 0.137500 0.888281 0.136111 0.892188 0.138889 0.896094 0.136111 0.903906 0.138889 0.907031 0.141667 0.906250 0.141667 0.899219 0.138889 0.887500 0.137500 0.885156 0.140278 0.886719 0.143056 0.891406 0.144444 0.901563 0.144444 0.906250 0.141667 0.907031 0.141667 0.911719 0.143056 0.923438 0.143056 0.934375 0.144444 0.942187 0.147222 0.944531 0.147222 0.945312 0.145833 0.948438 0.145833 0.949219 0.147222 0.953125 0.147222 0.941406 0.147222 0.933594 0.144444 0.920312 0.145833 0.924219 0.148611 0.926562 0.147222 0.934375 0.150000 0.942187 0.150000 0.951562 0.151389 0.956250 0.154167 0.962500 0.154167 0.963281 0.156944 0.965625 0.155556 0.968750 0.159722 0.970313 0.159722 0.972656 0.162500 0.974219 0.163889 0.971875 0.165278 0.971875 0.170833 0.972656 0.173611 0.973437 0.176389 0.977344 0.183333 0.978125 0.186111 0.978906 0.188889 0.978906 0.191667 0.981250 0.197222 0.978906 0.202778 0.973437 0.202778 0.969531 0.205556 0.967969 0.208333 0.967969 0.212500 0.966406 0.212500 0.965625 0.206944 0.962500 0.205556 0.960938 0.208333 0.960938 0.211111 0.959375 0.213889 0.957812 0.213889 0.957031 0.218056 0.952344 0.218056 0.950781 0.219444 0.947656 0.225000 0.947656 0.233333 0.948438 0.234722 0.949219 0.237500 0.950781 0.234722 0.952344 0.238889 0.950781 0.241667 0.953906 0.247222 0.955469 0.248611 0.957031 0.250000 0.961719 0.250000 0.964844 0.244444 0.964844 0.241667 0.962500 0.248611 0.962500 0.255556 0.953906 0.255556 0.952344 0.251389 0.950781 0.254167 0.949219 0.252778 0.952344 0.250000 0.951562 0.243056 0.950000 0.240278 0.946094 0.234722 0.945312 0.231944 0.945312 0.227778 0.942969 0.223611 0.942187 0.219444 0.946875 0.219444 0.948438 0.218056 0.950781 0.215278 0.948438 0.211111 0.948438 0.209722 0.946875 0.206944 0.945312 0.209722 0.945312 0.212500 0.943750 0.213889 0.941406 0.213889 0.939844 0.211111 0.940625 0.208333 0.942187 0.206944 0.944531 0.206944 0.945312 0.202778 0.943750 0.200000 0.941406 0.198611 0.942969 0.195833 0.944531 0.195833 0.945312 0.197222 0.947656 0.197222 0.948438 0.195833 0.951562 0.195833 0.952344 0.197222 0.953125 0.200000 0.954688 0.202778 0.956250 0.200000 0.956250 0.197222 0.960156 0.195833 0.958594 0.193056 0.961719 0.191667 0.964063 0.193056 0.966406 0.194444 0.966406 0.197222 0.968750 0.194444 0.969531 0.190278 0.971875 0.190278 0.974219 0.193056 0.976562 0.190278 0.975000 0.187500 0.973437 0.188889 0.971875 0.190278 0.969531 0.190278 0.965625 0.183333 0.967187 0.179167 0.967187 0.175000 0.969531 0.168056 0.969531 0.163889 0.966406 0.162500 0.963281 0.161111 0.960156 0.155556 0.951562 0.154167 0.942187 0.154167 0.938281 0.151389 0.930469 0.150000 0.922656 0.150000 0.916406 0.147222 0.914844 0.147222 0.913281 0.150000 0.908594 0.150000 0.907813 0.147222 0.890625 0.147222 0.884375 0.145833 0.879687 0.143056 0.873437 0.143056 0.867969 0.141667 0.863281 0.138889 0.858594 0.137500 0.847656 0.137500 0.836719 0.134722 0.818750 0.134722 0.812500 0.131944 0.788281 0.133333 0.784375 0.131944 0.780469 0.129167 0.778906 0.126389 0.778906 0.126389 0.785156 0.127778 0.785937 0.123611 0.784375 0.120833 0.779687 0.120833 0.778906 0.126389 0.778906 0.126389 0.778906 0.123611 0.775781 0.122222 0.772656 0.119444 0.766406 0.120833 0.764844 0.123611 0.744531 0.123611 0.738281 0.120833 0.732031 0.119444 0.721094 0.120833 0.717969 0.120833 0.712500 0.116667 0.709375 0.116667 0.717187 0.116667 0.717969 0.113889 0.721094 0.118056 0.732812 0.118056 0.735938 0.120833 0.746094 0.122222 0.756250 0.122222 0.757031 0.120833 0.758594 0.119444 0.759375 0.119444 0.762500 0.123611 0.762500 0.118056 0.759375 0.119444 0.758594 0.119444 0.753125 0.116667 0.746875 0.115278 0.740625 0.115278 0.739844 0.113889 0.733594 0.113889 0.732812 0.112500 0.728906 0.112500 0.754687 0.111111 0.759375 0.111111
21 0.647656 0.091667 0.646094 0.093056 0.643750 0.098611 0.642188 0.097222 0.639062 0.097222 0.642188 0.097222 0.644531 0.098611 0.647656 0.102778 0.647656 0.100000 0.646094 0.098611 0.657031 0.097222 0.658594 0.100000 0.660937 0.105556 0.662500 0.106944 0.667188 0.108333 0.676562 0.108333 0.676562 0.105556 0.673438 0.104167 0.677344 0.102778 0.676562 0.098611 0.671094 0.098611 0.670312 0.097222 0.657031 0.097222 0.653906 0.095833 0.651563 0.093056 0.649219 0.091667 0.647656 0.091667
21 0.625000 0.094444 0.623437 0.097222 0.624219 0.101389 0.625000 0.095833 0.627344 0.094444 0.627344 0.091667 0.625000 0.094444
21 0.519531 0.090278 0.524219 0.090278 0.525000 0.091667 0.539844 0.091667 0.528906 0.091667 0.528125 0.090278 0.519531 0.090278
21 0.606250 0.088889 0.605469 0.090278 0.600781 0.090278 0.602344 0.090278 0.603125 0.091667 0.607031 0.091667 0.617969 0.090278 0.618750 0.091667 0.622656 0.091667 0.609375 0.088889 0.606250 0.088889
21 0.559375 0.088889 0.560156 0.091667 0.557813 0.094444 0.564844 0.094444 0.561719 0.093056 0.561719 0.088889 0.559375 0.088889
21 0.568750 0.086111 0.571875 0.086111 0.572656 0.087500 0.580469 0.087500 0.578906 0.087500 0.578125 0.086111 0.572656 0.086111 0.571875 0.084722 0.568750 0.086111
21 0.558594 0.084722 0.564844 0.084722 0.567187 0.084722 0.564063 0.084722 0.563281 0.083333 0.558594 0.084722
21 0.433594 0.073611 0.432031 0.076389 0.430469 0.076389 0.432031 0.076389 0.434375 0.076389 0.434375 0.070833 0.433594 0.073611
21 0.400000 0.061111 0.406250 0.061111 0.410156 0.062500 0.410938 0.065278 0.418750 0.063889 0.414062 0.063889 0.413281 0.062500 0.407031 0.062500 0.406250 0.061111 0.400000 0.061111
21 0.367969 0.059722 0.366406 0.065278 0.364063 0.066667 0.370312 0.066667 0.367969 0.065278 0.367969 0.059722
21 0.375781 0.056944 0.375000 0.058333 0.373437 0.058333 0.386719 0.058333 0.378906 0.056944 0.375781 0.056944
21 0.300000 0.048611 0.300781 0.051389 0.298438 0.056944 0.302344 0.056944 0.303125 0.058333 0.306250 0.058333 0.304688 0.058333 0.303906 0.056944 0.301563 0.055556 0.301563 0.048611 0.300000 0.048611
21 0.269531 0.040278 0.273438 0.043056 0.277344 0.044444 0.286719 0.044444 0.287500 0.045833 0.294531 0.045833 0.292187 0.045833 0.289062 0.043056 0.282813 0.041667 0.274219 0.041667 0.273438 0.040278 0.269531 0.040278
21 0.231250 0.037500 0.232813 0.040278 0.232031 0.043056 0.234375 0.041667 0.235937 0.037500 0.231250 0.037500
21 0.239844 0.036111 0.241406 0.038889 0.246094 0.038889 0.251563 0.037500 0.252344 0.036111 0.254688 0.036111 0.239844 0.036111
21 0.174219 0.033333 0.173437 0.036111 0.171094 0.036111 0.175000 0.036111 0.174219 0.033333
21 0.967969 0.000000 0.967969 0.015278 0.966406 0.030556 0.967187 0.036111 0.967969 0.041667 0.969531 0.044444 0.968750 0.047222 0.971875 0.058333 0.972656 0.062500 0.972656 0.072222 0.971875 0.076389 0.970313 0.079167 0.970313 0.083333 0.971094 0.084722 0.970313 0.086111 0.965625 0.088889 0.967969 0.091667 0.969531 0.088889 0.970313 0.086111 0.971094 0.084722 0.971094 0.090278 0.972656 0.093056 0.974219 0.093056 0.971875 0.093056 0.969531 0.095833 0.966406 0.095833 0.965625 0.104167 0.967187 0.106944 0.967187 0.115278 0.968750 0.119444 0.972656 0.126389 0.971094 0.127778 0.969531 0.123611 0.968750 0.118056 0.964063 0.109722 0.964063 0.104167 0.958594 0.104167 0.960938 0.105556 0.961719 0.113889 0.965625 0.126389 0.967969 0.130556 0.966406 0.133333 0.966406 0.127778 0.962500 0.125000 0.960156 0.120833 0.959375 0.113889 0.957812 0.111111 0.957031 0.111111 0.954688 0.106944 0.952344 0.106944 0.950781 0.104167 0.950000 0.100000 0.949219 0.098611 0.945312 0.093056 0.944531 0.088889 0.946094 0.091667 0.949219 0.091667 0.950781 0.093056 0.952344 0.095833 0.953906 0.097222 0.955469 0.093056 0.952344 0.091667 0.946094 0.086111 0.944531 0.083333 0.942969 0.077778 0.941406 0.075000 0.937500 0.072222 0.931250 0.062500 0.930469 0.059722 0.928906 0.059722 0.923438 0.054167 0.921875 0.051389 0.921875 0.050000 0.919531 0.044444 0.903906 0.016667 0.902344 0.015278 0.899219 0.013889 0.897656 0.011111 0.896875 0.008333 0.896875 0.000000 0.967969 0.000000
21 0.142969 0.000000 0.144531 0.001389 0.146094 0.005556 0.148438 0.005556 0.146875 0.002778 0.145313 0.000000 0.142969 0.000000
21 0.140625 0.000000 0.142187 0.002778 0.145313 0.009722 0.146094 0.013889 0.148438 0.019444 0.150781 0.020833 0.153125 0.023611 0.155469 0.020833 0.153906 0.018056 0.148438 0.009722 0.150781 0.008333 0.153125 0.012500 0.153906 0.018056 0.156250 0.022222 0.157812 0.022222 0.158594 0.020833 0.160156 0.020833 0.164062 0.022222 0.164844 0.023611 0.167187 0.025000 0.164844 0.025000 0.160156 0.022222 0.157031 0.026389 0.156250 0.026389 0.156250 0.031944 0.158594 0.036111 0.162500 0.036111 0.164844 0.037500 0.166406 0.040278 0.169531 0.040278 0.172656 0.043056 0.177344 0.044444 0.183594 0.044444 0.193750 0.043056 0.205469 0.044444 0.212500 0.048611 0.222656 0.050000 0.234375 0.051389 0.235156 0.048611 0.236719 0.048611 0.237500 0.050000 0.247656 0.048611 0.250781 0.051389 0.260156 0.051389 0.264062 0.054167 0.273438 0.055556 0.281250 0.055556 0.285938 0.058333 0.290625 0.056944 0.291406 0.059722 0.292969 0.061111 0.296875 0.062500 0.300781 0.063889 0.304688 0.063889 0.312500 0.063889 0.314063 0.062500 0.313281 0.059722 0.320312 0.059722 0.318750 0.061111 0.320312 0.063889 0.328125 0.063889 0.332031 0.066667 0.336719 0.066667 0.337500 0.063889 0.343750 0.068056 0.351562 0.068056 0.356250 0.070833 0.361719 0.072222 0.371875 0.072222 0.389844 0.070833 0.400000 0.072222 0.407813 0.075000 0.416406 0.075000 0.421094 0.076389 0.424219 0.077778 0.429688 0.080556 0.432031 0.083333 0.435156 0.083333 0.440625 0.087500 0.443750 0.088889 0.443750 0.129167 0.437500 0.127778 0.425000 0.127778 0.419531 0.125000 0.412500 0.123611 0.396875 0.122222 0.389062 0.119444 0.382031 0.118056 0.380469 0.118056 0.376563 0.119444 0.375000 0.122222 0.374219 0.125000 0.373437 0.131944 0.373437 0.144444 0.371875 0.155556 0.371875 0.177778 0.375781 0.184722 0.383594 0.186111 0.401562 0.188889 0.414844 0.190278 0.428906 0.191667 0.443750 0.191667 0.446094 0.187500 0.446875 0.184722 0.447656 0.170833 0.448437 0.144444 0.448437 0.141667 0.447656 0.134722 0.445312 0.130556 0.443750 0.129167 0.443750 0.088889 0.448437 0.087500 0.458594 0.084722 0.462500 0.087500 0.464844 0.087500 0.465625 0.086111 0.467187 0.084722 0.462500 0.081944 0.457031 0.081944 0.456250 0.080556 0.450781 0.080556 0.457031 0.080556 0.457813 0.081944 0.464062 0.081944 0.471094 0.084722 0.482812 0.086111 0.493750 0.087500 0.496094 0.087500 0.497656 0.084722 0.498437 0.087500 0.506250 0.087500 0.500000 0.090278 0.495312 0.090278 0.488281 0.088889 0.481250 0.086111 0.474219 0.086111 0.473438 0.084722 0.467187 0.084722 0.466406 0.093056 0.467969 0.097222 0.469531 0.100000 0.471875 0.100000 0.474219 0.095833 0.475781 0.097222 0.477344 0.101389 0.478906 0.101389 0.480469 0.098611 0.480469 0.097222 0.484375 0.100000 0.487500 0.100000 0.489844 0.097222 0.491406 0.098611 0.492969 0.101389 0.494531 0.101389 0.496875 0.097222 0.500781 0.098611 0.503125 0.095833 0.506250 0.097222 0.510938 0.094444 0.514062 0.095833 0.519531 0.094444 0.524219 0.094444 0.525781 0.097222 0.530469 0.097222 0.531250 0.098611 0.535156 0.098611 0.540625 0.095833 0.547656 0.095833 0.553906 0.098611 0.559375 0.100000 0.562500 0.097222 0.564844 0.100000 0.569531 0.100000 0.570312 0.098611 0.574219 0.098611 0.577344 0.101389 0.581250 0.102778 0.586719 0.104167 0.588281 0.102778 0.598437 0.104167 0.603906 0.101389 0.605469 0.101389 0.614844 0.102778 0.615625 0.104167 0.618750 0.104167 0.619531 0.106944 0.620313 0.111111 0.621875 0.119444 0.622656 0.125000 0.622656 0.141667 0.621094 0.159722 0.618750 0.181944 0.617188 0.194444 0.616406 0.195833 0.615625 0.202778 0.615625 0.205556 0.620313 0.208333 0.619531 0.212500 0.617969 0.213889 0.615625 0.212500 0.614844 0.216667 0.615625 0.218056 0.615625 0.223611 0.617969 0.225000 0.617188 0.231944 0.619531 0.236111 0.621094 0.237500 0.621875 0.229167 0.623437 0.220833 0.622656 0.202778 0.624219 0.195833 0.624219 0.184722 0.625781 0.177778 0.625781 0.173611 0.628125 0.170833 0.628906 0.168056 0.629687 0.163889 0.629687 0.138889 0.631250 0.133333 0.631250 0.129167 0.630469 0.127778 0.630469 0.122222 0.628906 0.118056 0.628906 0.111111 0.628125 0.106944 0.626563 0.102778 0.628125 0.104167 0.628906 0.108333 0.630469 0.111111 0.634375 0.112500 0.635938 0.111111 0.638281 0.106944 0.638281 0.104167 0.639844 0.105556 0.639844 0.108333 0.638281 0.122222 0.639844 0.137500 0.639844 0.152778 0.641406 0.162500 0.640625 0.180556 0.640625 0.183333 0.641406 0.195833 0.642969 0.202778 0.642969 0.211111 0.642969 0.234722 0.642969 0.238889 0.642188 0.240278 0.642969 0.244444 0.644531 0.241667 0.644531 0.237500 0.650781 0.226389 0.650781 0.223611 0.650000 0.205556 0.648438 0.186111 0.648438 0.161111 0.646094 0.141667 0.645312 0.130556 0.645312 0.125000 0.646094 0.118056 0.646875 0.113889 0.647656 0.111111 0.648438 0.108333 0.653125 0.108333 0.653906 0.109722 0.659375 0.109722 0.665625 0.112500 0.670312 0.112500 0.673438 0.119444 0.676562 0.123611 0.678125 0.125000 0.685156 0.129167 0.688281 0.130556 0.686719 0.175000 0.683594 0.175000 0.682813 0.179167 0.685156 0.183333 0.686719 0.184722 0.689063 0.181944 0.689063 0.179167 0.686719 0.175000 0.688281 0.130556 0.700781 0.130556 0.705469 0.127778 0.711719 0.126389 0.723437 0.125000 0.730469 0.125000 0.735938 0.126389 0.742969 0.130556 0.750781 0.130556 0.754687 0.129167 0.757812 0.126389 0.763281 0.126389 0.766406 0.129167 0.774219 0.129167 0.776563 0.130556 0.780469 0.136111 0.782031 0.137500 0.783594 0.138889 0.785937 0.140278 0.789062 0.140278 0.789844 0.141667 0.792188 0.141667 0.800781 0.138889 0.806250 0.140278 0.807813 0.140278 0.808594 0.138889 0.810156 0.138889 0.812500 0.143056 0.813281 0.145833 0.814063 0.150000 0.814063 0.154167 0.813281 0.158333 0.812500 0.161111 0.811719 0.163889 0.808594 0.169444 0.807031 0.173611 0.806250 0.176389 0.806250 0.181944 0.807031 0.184722 0.810156 0.190278 0.811719 0.191667 0.817187 0.191667 0.820312 0.190278 0.822656 0.188889 0.825000 0.187500 0.828906 0.184722 0.833594 0.180556 0.835938 0.176389 0.836719 0.173611 0.837500 0.169444 0.837500 0.163889 0.838281 0.159722 0.839844 0.155556 0.843750 0.148611 0.846094 0.145833 0.847656 0.144444 0.849219 0.143056 0.852344 0.143056 0.855469 0.145833 0.859375 0.147222 0.869531 0.148611 0.873437 0.151389 0.877344 0.151389 0.882031 0.152778 0.883594 0.155556 0.885938 0.155556 0.888281 0.152778 0.892188 0.156944 0.896094 0.154167 0.899219 0.156944 0.900781 0.156944 0.903906 0.154167 0.906250 0.155556 0.907813 0.158333 0.909375 0.155556 0.930469 0.155556 0.931250 0.156944 0.934375 0.156944 0.933594 0.163889 0.936719 0.168056 0.939063 0.169444 0.941406 0.173611 0.945312 0.177778 0.946875 0.173611 0.950000 0.173611 0.950781 0.169444 0.951562 0.183333 0.950000 0.179167 0.946094 0.176389 0.944531 0.181944 0.944531 0.190278 0.942969 0.193056 0.933594 0.197222 0.928125 0.201389 0.925781 0.204167 0.923438 0.208333 0.922656 0.212500 0.922656 0.216667 0.925000 0.226389 0.925000 0.230556 0.925781 0.234722 0.928906 0.236111 0.928906 0.240278 0.927344 0.243056 0.927344 0.248611 0.928125 0.251389 0.928906 0.254167 0.929688 0.255556 0.930469 0.256944 0.933594 0.259722 0.936719 0.259722 0.939844 0.262500 0.943750 0.263889 0.955469 0.263889 0.959375 0.263889 0.962500 0.268056 0.967187 0.265278 0.972656 0.263889 0.975000 0.263889 0.976562 0.265278 0.978125 0.269444 0.980469 0.268056 0.982812 0.263889 0.985156 0.262500 0.990625 0.262500 0.992188 0.259722 0.991406 0.255556 0.989844 0.252778 0.988281 0.252778 0.989844 0.251389 0.990625 0.251389 0.991406 0.250000 0.991406 0.248611 0.987500 0.244444 0.985938 0.241667 0.984375 0.241667 0.982031 0.244444 0.979688 0.243056 0.979688 0.238889 0.978125 0.236111 0.976562 0.238889 0.976562 0.240278 0.972656 0.241667 0.971094 0.238889 0.969531 0.237500 0.965625 0.238889 0.965625 0.236111 0.967187 0.238889 0.970313 0.238889 0.971875 0.237500 0.971875 0.236111 0.974219 0.234722 0.975781 0.231944 0.971875 0.223611 0.975000 0.225000 0.975781 0.223611 0.978906 0.223611 0.984375 0.225000 0.987500 0.229167 0.993750 0.229167 0.994531 0.236111 0.999219 0.237500 0.999219 0.243056 0.996094 0.243056 0.996094 0.258333 0.996094 0.261111 0.995313 0.263889 0.994531 0.265278 0.992969 0.266667 0.994531 0.268056 0.995313 0.269444 0.996875 0.269444 0.997656 0.268056 0.999219 0.268056 0.999219 0.452778 0.996094 0.452778 0.996094 0.455556 0.985938 0.455556 0.975781 0.458333 0.956250 0.459722 0.953906 0.458333 0.941406 0.461111 0.937500 0.461111 0.936719 0.459722 0.932813 0.461111 0.923438 0.459722 0.916406 0.462500 0.914844 0.462500 0.910156 0.461111 0.905469 0.463889 0.896094 0.463889 0.885156 0.465278 0.881250 0.468056 0.875000 0.469444 0.873437 0.468056 0.864844 0.469444 0.862500 0.470833 0.862500 0.475000 0.859375 0.479167 0.858594 0.481944 0.858594 0.484722 0.860938 0.491667 0.861719 0.495833 0.862500 0.500000 0.863281 0.513889 0.864062 0.516667 0.866406 0.520833 0.865625 0.522222 0.868750 0.525000 0.872656 0.526389 0.878906 0.526389 0.882812 0.529167 0.889062 0.529167 0.893750 0.531944 0.900000 0.533333 0.910156 0.533333 0.914844 0.536111 0.921094 0.537500 0.928125 0.537500 0.934375 0.538889 0.939063 0.543056 0.942969 0.548611 0.946094 0.551389 0.949219 0.552778 0.950781 0.554167 0.953125 0.558333 0.954688 0.559722 0.957031 0.554167 0.956250 0.551389 0.957031 0.547222 0.958594 0.544444 0.960156 0.544444 0.965625 0.547222 0.971094 0.547222 0.971875 0.548611 0.974219 0.548611 0.975000 0.551389 0.981250 0.552778 0.990625 0.552778 0.991406 0.554167 0.999219 0.554167 0.999219 0.575000 0.997656 0.576389 0.995313 0.577778 0.996094 0.579167 0.995313 0.583333 0.993750 0.586111 0.992188 0.583333 0.978125 0.581944 0.975000 0.581944 0.969531 0.583333 0.967969 0.581944 0.966406 0.580556 0.965625 0.573611 0.960938 0.572222 0.959375 0.573611 0.957812 0.575000 0.957031 0.580556 0.950781 0.584722 0.950000 0.579167 0.949219 0.581944 0.946094 0.577778 0.946094 0.573611 0.942969 0.568056 0.941406 0.566667 0.937500 0.566667 0.937500 0.563889 0.936719 0.559722 0.935937 0.556944 0.933594 0.552778 0.931250 0.554167 0.929688 0.555556 0.928906 0.556944 0.928125 0.559722 0.927344 0.563889 0.925781 0.561111 0.925000 0.558333 0.924219 0.556944 0.921875 0.555556 0.921094 0.551389 0.922656 0.548611 0.921094 0.545833 0.916406 0.541667 0.914844 0.540278 0.911719 0.545833 0.910937 0.541667 0.907813 0.536111 0.905469 0.543056 0.905469 0.545833 0.907813 0.550000 0.909375 0.550000 0.911719 0.554167 0.913281 0.551389 0.913281 0.550000 0.915625 0.548611 0.917188 0.550000 0.916406 0.555556 0.917969 0.558333 0.921875 0.559722 0.924219 0.562500 0.925781 0.561111 0.927344 0.563889 0.929688 0.568056 0.937500 0.580556 0.939844 0.587500 0.940625 0.588889 0.943750 0.593056 0.945312 0.591667 0.944531 0.588889 0.942187 0.586111 0.943750 0.584722 0.944531 0.584722 0.946094 0.577778 0.949219 0.581944 0.950781 0.584722 0.957031 0.580556 0.957812 0.583333 0.958594 0.584722 0.960156 0.586111 0.960938 0.587500 0.961719 0.590278 0.967969 0.588889 0.968750 0.590278 0.975000 0.588889 0.972656 0.587500 0.974219 0.587500 0.975000 0.588889 0.977344 0.588889 0.978125 0.586111 0.980469 0.590278 0.983594 0.591667 0.986719 0.591667 0.987500 0.590278 0.989844 0.590278 0.993750 0.593056 0.999219 0.593056 0.999219 0.634722 0.995313 0.634722 0.992188 0.631944 0.989844 0.631944 0.989844 0.634722 0.986719 0.633333 0.985938 0.634722 0.975000 0.633333 0.967187 0.631944 0.961719 0.630556 0.956250 0.626389 0.951562 0.626389 0.943750 0.622222 0.922656 0.622222 0.914844 0.620833 0.912500 0.618056 0.903906 0.616667 0.896094 0.615278 0.887500 0.615278 0.881250 0.613889 0.876563 0.612500 0.875000 0.611111 0.874219 0.609722 0.873437 0.606944 0.872656 0.601389 0.868750 0.597222 0.867969 0.600000 0.866406 0.602778 0.864844 0.604167 0.863281 0.601389 0.862500 0.598611 0.862500 0.595833 0.860938 0.593056 0.860156 0.598611 0.859375 0.602778 0.857812 0.605556 0.854688 0.608333 0.846875 0.608333 0.842969 0.606944 0.839063 0.605556 0.834375 0.601389 0.829688 0.602778 0.827344 0.600000 0.827344 0.595833 0.828906 0.598611 0.834375 0.588889 0.836719 0.586111 0.839063 0.586111 0.840625 0.584722 0.842969 0.581944 0.837500 0.575000 0.834375 0.573611 0.831250 0.575000 0.827344 0.577778 0.826562 0.573611 0.824219 0.572222 0.826562 0.569444 0.827344 0.554167 0.827344 0.548611 0.826562 0.545833 0.821094 0.544444 0.819531 0.547222 0.817969 0.547222 0.807813 0.545833 0.806250 0.547222 0.804688 0.550000 0.803906 0.552778 0.803906 0.555556 0.805469 0.558333 0.803906 0.562500 0.803125 0.576389 0.803125 0.579167 0.805469 0.577778 0.807813 0.576389 0.808594 0.573611 0.808594 0.569444 0.809375 0.566667 0.810937 0.566667 0.810937 0.575000 0.810156 0.576389 0.808594 0.579167 0.813281 0.586111 0.813281 0.593056 0.810156 0.595833 0.807813 0.595833 0.792188 0.593056 0.788281 0.594444 0.780469 0.593056 0.767969 0.588889 0.758594 0.588889 0.753125 0.586111 0.742188 0.586111 0.740625 0.581944 0.737500 0.581944 0.734375 0.579167 0.731250 0.577778 0.729688 0.577778 0.728125 0.579167 0.727344 0.575000 0.726562 0.572222 0.725781 0.575000 0.723437 0.576389 0.722656 0.573611 0.724219 0.568056 0.725781 0.572222 0.726562 0.563889 0.727344 0.559722 0.728906 0.555556 0.733594 0.545833 0.735938 0.541667 0.738281 0.538889 0.740625 0.536111 0.746094 0.531944 0.750000 0.525000 0.750000 0.523611 0.754687 0.516667 0.755469 0.512500 0.746094 0.509722 0.740625 0.511111 0.739062 0.511111 0.735938 0.508333 0.725000 0.508333 0.722656 0.505556 0.719531 0.504167 0.711719 0.504167 0.696875 0.505556 0.695312 0.506944 0.692969 0.511111 0.691406 0.512500 0.689063 0.512500 0.686719 0.516667 0.686719 0.522222 0.690625 0.523611 0.689063 0.526389 0.690625 0.527778 0.691406 0.529167 0.692187 0.531944 0.692187 0.537500 0.691406 0.540278 0.690625 0.541667 0.687500 0.545833 0.682813 0.550000 0.678906 0.552778 0.671875 0.556944 0.665625 0.561111 0.661719 0.561111 0.658594 0.561111 0.653906 0.559722 0.651563 0.556944 0.647656 0.551389 0.642188 0.547222 0.640625 0.544444 0.641406 0.530556 0.641406 0.525000 0.638281 0.523611 0.637500 0.520833 0.637500 0.502778 0.639844 0.500000 0.638281 0.498611 0.640625 0.498611 0.642188 0.497222 0.637500 0.488889 0.637500 0.486111 0.638281 0.468056 0.638281 0.344444 0.638281 0.334722 0.637500 0.298611 0.639062 0.247222 0.639062 0.234722 0.638281 0.225000 0.637500 0.219444 0.636719 0.213889 0.635156 0.209722 0.634375 0.204167 0.630469 0.205556 0.628125 0.209722 0.624219 0.220833 0.623437 0.223611 0.624219 0.251389 0.624219 0.265278 0.617969 0.259722 0.619531 0.258333 0.621094 0.248611 0.619531 0.251389 0.619531 0.258333 0.617969 0.259722 0.615625 0.255556 0.614844 0.259722 0.617969 0.259722 0.624219 0.265278 0.623437 0.288889 0.623437 0.302778 0.623437 0.320833 0.623437 0.330556 0.623437 0.381944 0.623437 0.384722 0.623437 0.405556 0.624219 0.418056 0.624219 0.426389 0.624219 0.451389 0.623437 0.461111 0.624219 0.468056 0.623437 0.487500 0.621094 0.494444 0.621875 0.512500 0.622656 0.531944 0.623437 0.538889 0.624219 0.540278 0.624219 0.545833 0.621875 0.547222 0.619531 0.554167 0.618750 0.555556 0.617188 0.556944 0.615625 0.556944 0.604688 0.541667 0.603906 0.536111 0.604688 0.527778 0.603125 0.525000 0.600000 0.525000 0.596094 0.522222 0.594531 0.519444 0.593750 0.501389 0.592187 0.500000 0.590625 0.500000 0.589063 0.498611 0.588281 0.493056 0.587500 0.491667 0.589063 0.494444 0.589844 0.490278 0.589063 0.487500 0.587500 0.484722 0.584375 0.486111 0.587500 0.488889 0.587500 0.491667 0.588281 0.493056 0.586719 0.490278 0.582812 0.488889 0.581250 0.486111 0.581250 0.484722 0.573438 0.481944 0.570312 0.481944 0.569531 0.483333 0.566406 0.483333 0.562500 0.481944 0.559375 0.479167 0.555469 0.479167 0.553906 0.481944 0.552344 0.483333 0.546875 0.483333 0.544531 0.483333 0.542969 0.479167 0.540625 0.479167 0.536719 0.483333 0.534375 0.483333 0.532813 0.480556 0.527344 0.479167 0.525000 0.476389 0.523438 0.476389 0.521094 0.479167 0.514844 0.480556 0.508594 0.477778 0.503906 0.470833 0.503906 0.461111 0.503125 0.454167 0.502344 0.447222 0.500000 0.443056 0.500000 0.441667 0.498437 0.438889 0.496875 0.437500 0.489844 0.436111 0.489844 0.436111 0.487500 0.433333 0.485938 0.431944 0.485156 0.436111 0.489844 0.436111 0.489844 0.436111 0.489844 0.436111 0.492188 0.437500 0.494531 0.433333 0.489844 0.436111 0.489844 0.436111 0.485938 0.437500 0.484375 0.440278 0.484375 0.448611 0.483594 0.445833 0.482031 0.443056 0.482031 0.438889 0.480469 0.436111 0.478906 0.434722 0.467187 0.434722 0.449219 0.434722 0.446875 0.431944 0.439844 0.430556 0.436719 0.431944 0.435156 0.431944 0.429688 0.429167 0.427344 0.431944 0.425000 0.429167 0.415625 0.427778 0.410938 0.429167 0.404687 0.429167 0.403125 0.429167 0.397656 0.429167 0.400000 0.431944 0.403125 0.429167 0.404687 0.429167 0.410156 0.431944 0.417969 0.433333 0.425000 0.434722 0.432812 0.434722 0.424219 0.433333 0.420312 0.434722 0.392969 0.431944 0.390625 0.431944 0.384375 0.431944 0.380469 0.433333 0.383594 0.433333 0.385937 0.431944 0.386719 0.430556 0.388281 0.429167 0.382812 0.427778 0.377344 0.429167 0.375000 0.430556 0.374219 0.433333 0.369531 0.433333 0.366406 0.434722 0.364844 0.437500 0.365625 0.448611 0.365625 0.451389 0.364063 0.454167 0.364063 0.469444 0.364844 0.473611 0.368750 0.480556 0.373437 0.481944 0.374219 0.484722 0.375000 0.487500 0.375000 0.490278 0.372656 0.494444 0.367188 0.494444 0.365625 0.491667 0.363281 0.490278 0.356250 0.490278 0.354687 0.486111 0.354687 0.484722 0.352344 0.483333 0.351562 0.484722 0.350000 0.484722 0.344531 0.480556 0.341406 0.477778 0.339844 0.476389 0.340625 0.469444 0.342187 0.465278 0.342969 0.458333 0.346094 0.454167 0.347656 0.454167 0.350000 0.451389 0.354687 0.444444 0.356250 0.444444 0.360156 0.437500 0.360938 0.434722 0.360156 0.431944 0.359375 0.429167 0.349219 0.430556 0.346875 0.429167 0.342969 0.430556 0.341406 0.431944 0.337500 0.430556 0.335938 0.433333 0.336719 0.438889 0.332813 0.447222 0.332031 0.450000 0.331250 0.459722 0.330469 0.461111 0.330469 0.463889 0.331250 0.472222 0.332813 0.475000 0.331250 0.481944 0.330469 0.486111 0.328906 0.488889 0.328906 0.505556 0.328125 0.511111 0.327344 0.515278 0.325000 0.523611 0.324219 0.527778 0.324219 0.544444 0.325781 0.545833 0.324219 0.545833 0.323437 0.555556 0.293750 0.555556 0.146875 0.548611 0.117188 0.545833 0.089063 0.545833 0.086719 0.548611 0.084375 0.550000 0.085938 0.547222 0.088281 0.545833 0.057813 0.544444 0.053906 0.547222 0.042969 0.547222 0.035937 0.544444 0.022656 0.545833 0.017969 0.548611 0.000781 0.548611 0.007812 0.547222 0.009375 0.545833 0.000000 0.541667 0.000000 0.000000 0.140625 0.000000
22 0.000000 0.548611 0.000000 0.708333 0.054688 0.706944 0.274219 0.700000 0.328125 0.700000 0.328125 0.688889 0.327344 0.665278 0.325781 0.616667 0.325000 0.593056 0.324219 0.591667 0.324219 0.569444 0.323437 0.568056 0.323437 0.556944 0.270313 0.556944 0.215625 0.554167 0.053906 0.550000 0.000000 0.548611
22 0.719531 0.505556 0.722656 0.506944 0.725000 0.509722 0.724219 0.511111 0.721875 0.513889 0.718750 0.516667 0.720313 0.519444 0.722656 0.520833 0.724219 0.526389 0.727344 0.520833 0.731250 0.520833 0.732812 0.518056 0.739062 0.519444 0.740625 0.516667 0.732812 0.511111 0.731250 0.509722 0.724219 0.511111 0.725000 0.509722 0.735938 0.509722 0.739062 0.512500 0.740625 0.512500 0.746094 0.511111 0.754687 0.512500 0.754687 0.515278 0.749219 0.525000 0.746094 0.530556 0.740625 0.534722 0.738281 0.537500 0.735938 0.540278 0.732812 0.545833 0.728125 0.555556 0.726562 0.559722 0.725781 0.563889 0.725781 0.569444 0.724219 0.566667 0.721875 0.572222 0.722656 0.575000 0.722656 0.576389 0.725000 0.577778 0.726562 0.575000 0.726562 0.575000 0.728906 0.579167 0.730469 0.580556 0.734375 0.580556 0.737500 0.583333 0.740625 0.583333 0.741406 0.586111 0.753125 0.587500 0.758594 0.590278 0.767969 0.590278 0.780469 0.594444 0.788281 0.595833 0.791406 0.594444 0.807813 0.597222 0.808594 0.602778 0.803906 0.601389 0.792188 0.602778 0.800000 0.605556 0.806250 0.605556 0.807031 0.606944 0.812500 0.605556 0.808594 0.602778 0.807813 0.597222 0.810156 0.597222 0.812500 0.595833 0.814063 0.593056 0.814063 0.586111 0.809375 0.579167 0.811719 0.575000 0.811719 0.566667 0.808594 0.566667 0.807813 0.569444 0.807813 0.573611 0.807031 0.576389 0.805469 0.576389 0.804688 0.579167 0.803125 0.580556 0.803906 0.576389 0.804688 0.575000 0.804688 0.562500 0.806250 0.559722 0.806250 0.558333 0.810156 0.565278 0.810937 0.562500 0.811719 0.561111 0.811719 0.558333 0.810156 0.555556 0.808594 0.555556 0.807813 0.556944 0.806250 0.558333 0.806250 0.559722 0.804688 0.555556 0.804688 0.552778 0.805469 0.550000 0.806250 0.548611 0.807813 0.547222 0.817969 0.548611 0.819531 0.548611 0.821094 0.545833 0.825781 0.545833 0.826562 0.548611 0.826562 0.554167 0.825000 0.569444 0.823438 0.572222 0.823438 0.570833 0.824219 0.563889 0.825781 0.558333 0.823438 0.552778 0.823438 0.551389 0.821875 0.547222 0.819531 0.552778 0.815625 0.558333 0.816406 0.561111 0.817969 0.566667 0.818750 0.569444 0.821094 0.570833 0.823438 0.570833 0.823438 0.572222 0.822656 0.573611 0.820312 0.576389 0.819531 0.583333 0.817969 0.586111 0.819531 0.591667 0.821875 0.595833 0.823438 0.593056 0.824219 0.588889 0.824219 0.576389 0.822656 0.573611 0.823438 0.572222 0.825781 0.573611 0.825781 0.577778 0.828125 0.577778 0.828125 0.576389 0.834375 0.575000 0.837500 0.576389 0.839844 0.579167 0.842187 0.581944 0.840625 0.583333 0.839063 0.584722 0.836719 0.584722 0.834375 0.587500 0.828906 0.597222 0.827344 0.594444 0.827344 0.601389 0.829688 0.604167 0.834375 0.602778 0.839063 0.606944 0.842969 0.608333 0.846875 0.609722 0.854688 0.609722 0.856250 0.608333 0.857812 0.606944 0.860156 0.602778 0.860938 0.598611 0.860938 0.594444 0.861719 0.598611 0.862500 0.601389 0.864844 0.605556 0.866406 0.604167 0.868750 0.598611 0.872656 0.602778 0.872656 0.606944 0.873437 0.609722 0.875000 0.612500 0.876563 0.613889 0.881250 0.615278 0.887500 0.616667 0.896094 0.616667 0.903906 0.618056 0.912500 0.619444 0.914844 0.622222 0.922656 0.623611 0.939063 0.623611 0.943750 0.623611 0.951562 0.627778 0.956250 0.627778 0.961719 0.631944 0.967187 0.633333 0.975000 0.634722 0.985938 0.636111 0.987500 0.636111 0.989844 0.636111 0.989844 0.633333 0.992188 0.633333 0.995313 0.636111 0.999219 0.636111 0.999219 0.901389 0.996875 0.901389 0.993750 0.900000 0.990625 0.897222 0.978906 0.891667 0.952344 0.879167 0.925781 0.868056 0.899219 0.855556 0.887500 0.850000 0.878906 0.845833 0.876563 0.844444 0.826562 0.809722 0.722656 0.737500 0.704688 0.725000 0.691406 0.715278 0.689063 0.713889 0.675781 0.690278 0.675781 0.663889 0.675781 0.627778 0.674219 0.626389 0.672656 0.626389 0.671094 0.625000 0.671094 0.622222 0.670312 0.620833 0.670312 0.612500 0.669531 0.611111 0.669531 0.602778 0.668750 0.594444 0.667969 0.584722 0.667188 0.579167 0.660937 0.577778 0.662500 0.576389 0.663281 0.575000 0.666406 0.573611 0.667969 0.570833 0.670312 0.570833 0.672656 0.569444 0.669531 0.568056 0.667969 0.570833 0.666406 0.573611 0.664844 0.570833 0.663281 0.570833 0.664062 0.568056 0.664062 0.565278 0.664844 0.562500 0.667969 0.559722 0.678906 0.554167 0.682813 0.551389 0.687500 0.547222 0.689844 0.543056 0.690625 0.543056 0.700781 0.566667 0.700000 0.558333 0.707812 0.556944 0.709375 0.559722 0.709375 0.563889 0.710938 0.569444 0.712500 0.566667 0.714063 0.562500 0.714844 0.559722 0.714844 0.555556 0.714063 0.552778 0.707812 0.551389 0.707812 0.550000 0.710156 0.551389 0.712500 0.547222 0.714844 0.547222 0.716406 0.544444 0.715625 0.537500 0.717187 0.533333 0.717969 0.530556 0.720313 0.531944 0.721094 0.530556 0.722656 0.529167 0.721094 0.527778 0.717187 0.527778 0.717187 0.523611 0.716406 0.520833 0.714844 0.518056 0.712500 0.516667 0.709375 0.511111 0.703125 0.509722 0.700000 0.509722 0.696094 0.516667 0.697656 0.519444 0.698438 0.519444 0.700000 0.522222 0.704688 0.520833 0.704688 0.526389 0.705469 0.531944 0.707031 0.536111 0.707812 0.543056 0.707812 0.550000 0.707812 0.551389 0.705469 0.554167 0.699219 0.554167 0.697656 0.556944 0.700000 0.558333 0.700781 0.566667 0.699219 0.569444 0.698438 0.572222 0.692969 0.573611 0.691406 0.566667 0.689844 0.565278 0.689063 0.565278 0.689844 0.562500 0.690625 0.561111 0.690625 0.558333 0.689063 0.565278 0.689844 0.565278 0.688281 0.562500 0.683594 0.561111 0.680469 0.562500 0.679688 0.563889 0.678125 0.565278 0.680469 0.566667 0.681250 0.565278 0.684375 0.563889 0.688281 0.562500 0.689844 0.565278 0.688281 0.566667 0.688281 0.568056 0.687500 0.569444 0.683594 0.572222 0.692969 0.573611 0.698438 0.572222 0.701562 0.573611 0.701562 0.569444 0.700781 0.566667 0.690625 0.543056 0.692187 0.540278 0.692969 0.537500 0.692969 0.531944 0.692187 0.529167 0.690625 0.526389 0.691406 0.523611 0.689844 0.520833 0.687500 0.522222 0.687500 0.516667 0.689063 0.513889 0.691406 0.513889 0.692969 0.512500 0.695312 0.508333 0.696875 0.506944 0.711719 0.505556 0.719531 0.505556
22 0.772656 0.120833 0.770312 0.122222 0.774219 0.122222 0.772656 0.120833
22 0.775000 0.080556 0.778906 0.081944 0.780469 0.083333 0.780469 0.094444 0.777344 0.097222 0.775781 0.095833 0.774219 0.100000 0.775781 0.100000 0.776563 0.102778 0.778125 0.102778 0.777344 0.097222 0.780469 0.094444 0.778906 0.113889 0.780469 0.115278 0.771875 0.116667 0.767969 0.115278 0.766406 0.113889 0.766406 0.100000 0.767969 0.098611 0.770312 0.100000 0.773438 0.094444 0.767969 0.098611 0.766406 0.100000 0.767188 0.091667 0.767969 0.084722 0.768750 0.081944 0.771094 0.081944 0.771875 0.080556 0.775000 0.080556
23 0.671094 0.626389 0.671094 0.629167 0.671875 0.638889 0.672656 0.640278 0.672656 0.648611 0.674219 0.658333 0.674219 0.666667 0.675000 0.668056 0.675000 0.676389 0.675000 0.663889 0.675781 0.662500 0.675781 0.629167 0.674219 0.627778 0.672656 0.627778 0.671094 0.626389
23 0.960938 0.573611 0.957812 0.576389 0.957812 0.580556 0.958594 0.583333 0.960156 0.584722 0.962500 0.586111 0.961719 0.588889 0.967969 0.587500 0.968750 0.588889 0.974219 0.588889 0.975000 0.587500 0.977344 0.587500 0.978125 0.584722 0.979688 0.587500 0.980469 0.588889 0.983594 0.590278 0.986719 0.590278 0.987500 0.588889 0.989844 0.588889 0.993750 0.591667 0.999219 0.591667 0.999219 0.576389 0.997656 0.577778 0.996094 0.577778 0.996094 0.580556 0.996094 0.583333 0.993750 0.587500 0.992188 0.584722 0.978125 0.583333 0.975000 0.583333 0.969531 0.584722 0.966406 0.581944 0.964844 0.579167 0.964844 0.573611 0.960938 0.573611
23 0.654687 0.561111 0.654687 0.569444 0.662500 0.570833 0.663281 0.568056 0.663281 0.565278 0.664062 0.562500 0.660937 0.561111 0.658594 0.562500 0.654687 0.561111
23 0.929688 0.556944 0.928906 0.559722 0.928125 0.563889 0.929688 0.566667 0.937500 0.579167 0.938281 0.580556 0.940625 0.587500 0.944531 0.591667 0.943750 0.588889 0.942969 0.587500 0.941406 0.586111 0.944531 0.583333 0.944531 0.579167 0.945312 0.577778 0.945312 0.573611 0.942969 0.569444 0.941406 0.568056 0.936719 0.566667 0.935937 0.559722 0.935156 0.556944 0.933594 0.554167 0.929688 0.556944
23 0.000000 0.543056 0.000000 0.547222 0.007812 0.545833 0.009375 0.543056 0.000000 0.543056
23 0.907813 0.537500 0.907031 0.540278 0.906250 0.543056 0.906250 0.545833 0.907813 0.548611 0.909375 0.548611 0.911719 0.552778 0.912500 0.550000 0.914062 0.547222 0.915625 0.547222 0.917188 0.548611 0.917188 0.555556 0.921875 0.558333 0.923438 0.559722 0.925000 0.561111 0.924219 0.558333 0.921875 0.556944 0.920312 0.551389 0.921875 0.548611 0.919531 0.545833 0.914062 0.541667 0.912500 0.544444 0.911719 0.547222 0.910156 0.541667 0.907813 0.537500
23 0.332031 0.515278 0.332031 0.518056 0.329688 0.519444 0.328906 0.522222 0.329688 0.525000 0.328125 0.526389 0.327344 0.529167 0.326562 0.533333 0.325000 0.533333 0.326562 0.545833 0.324219 0.547222 0.324219 0.552778 0.326562 0.554167 0.327344 0.551389 0.327344 0.548611 0.329688 0.538889 0.332813 0.529167 0.332813 0.526389 0.334375 0.516667 0.333594 0.516667 0.332031 0.515278
23 0.588281 0.491667 0.589844 0.494444 0.589063 0.490278 0.588281 0.491667
23 0.996094 0.454167 0.996094 0.456944 0.985938 0.456944 0.973437 0.458333 0.956250 0.461111 0.953125 0.459722 0.941406 0.462500 0.937500 0.462500 0.936719 0.461111 0.932813 0.462500 0.923438 0.461111 0.916406 0.463889 0.914844 0.463889 0.910156 0.462500 0.905469 0.465278 0.896094 0.465278 0.885156 0.466667 0.881250 0.469444 0.875000 0.470833 0.873437 0.469444 0.864844 0.470833 0.864062 0.472222 0.862500 0.472222 0.863281 0.475000 0.861719 0.476389 0.860156 0.479167 0.859375 0.481944 0.859375 0.484722 0.861719 0.491667 0.862500 0.495833 0.863281 0.500000 0.864062 0.513889 0.864844 0.516667 0.866406 0.522222 0.868750 0.523611 0.872656 0.525000 0.878906 0.525000 0.882812 0.527778 0.889062 0.527778 0.893750 0.530556 0.900000 0.531944 0.910156 0.531944 0.914844 0.534722 0.921094 0.536111 0.928125 0.536111 0.934375 0.537500 0.939063 0.541667 0.942969 0.547222 0.946094 0.550000 0.949219 0.551389 0.950781 0.552778 0.953125 0.556944 0.954688 0.558333 0.956250 0.554167 0.955469 0.551389 0.956250 0.547222 0.958594 0.543056 0.960156 0.543056 0.965625 0.545833 0.971094 0.545833 0.974219 0.547222 0.975000 0.550000 0.980469 0.550000 0.981250 0.551389 0.991406 0.552778 0.999219 0.552778 0.999219 0.454167 0.996094 0.454167
23 0.489844 0.437500 0.491406 0.436111 0.493750 0.433333 0.492188 0.436111 0.489844 0.437500 0.496875 0.438889 0.498437 0.440278 0.499219 0.441667 0.501563 0.447222 0.502344 0.454167 0.503125 0.461111 0.503125 0.470833 0.508594 0.479167 0.514844 0.481944 0.521094 0.480556 0.523438 0.477778 0.525000 0.477778 0.527344 0.480556 0.532813 0.481944 0.534375 0.484722 0.536719 0.484722 0.540625 0.480556 0.542969 0.480556 0.543750 0.484722 0.534375 0.486111 0.533594 0.488889 0.533594 0.498611 0.536719 0.500000 0.539062 0.501389 0.541406 0.502778 0.539844 0.505556 0.539844 0.509722 0.543750 0.509722 0.543750 0.515278 0.544531 0.518056 0.546875 0.518056 0.550781 0.519444 0.552344 0.516667 0.552344 0.513889 0.552344 0.518056 0.553125 0.519444 0.553125 0.523611 0.556250 0.522222 0.556250 0.519444 0.557031 0.516667 0.560937 0.511111 0.560937 0.508333 0.563281 0.511111 0.565625 0.515278 0.569531 0.515278 0.571094 0.513889 0.571875 0.512500 0.572656 0.509722 0.572656 0.506944 0.566406 0.505556 0.578906 0.505556 0.578906 0.508333 0.580469 0.506944 0.575000 0.505556 0.574219 0.508333 0.578125 0.509722 0.578906 0.508333 0.578906 0.505556 0.586719 0.504167 0.588281 0.501389 0.588281 0.498611 0.590625 0.501389 0.592187 0.501389 0.593750 0.502778 0.593750 0.519444 0.596094 0.523611 0.600000 0.526389 0.603125 0.526389 0.603125 0.536111 0.603906 0.541667 0.608594 0.550000 0.607031 0.551389 0.606250 0.552778 0.603125 0.554167 0.600000 0.554167 0.592969 0.551389 0.585156 0.552778 0.584375 0.550000 0.582812 0.550000 0.581250 0.552778 0.581250 0.555556 0.578906 0.552778 0.572656 0.554167 0.572656 0.551389 0.570312 0.550000 0.567969 0.551389 0.566406 0.554167 0.564844 0.554167 0.563281 0.552778 0.561719 0.552778 0.560156 0.548611 0.557813 0.550000 0.555469 0.552778 0.550000 0.551389 0.538281 0.548611 0.532031 0.547222 0.526563 0.544444 0.489063 0.523611 0.478125 0.516667 0.475781 0.516667 0.473438 0.515278 0.471875 0.513889 0.474219 0.509722 0.478906 0.502778 0.478906 0.498611 0.478125 0.497222 0.478125 0.491667 0.477344 0.488889 0.478906 0.493056 0.480469 0.494444 0.486719 0.494444 0.488281 0.491667 0.493750 0.494444 0.500000 0.494444 0.501563 0.491667 0.502344 0.468056 0.501563 0.465278 0.501563 0.462500 0.498437 0.461111 0.492188 0.462500 0.489844 0.458333 0.488281 0.454167 0.487500 0.451389 0.486719 0.447222 0.486719 0.443056 0.485938 0.441667 0.485938 0.438889 0.489844 0.437500 0.485938 0.436111 0.485938 0.433333 0.489844 0.437500
23 0.343750 0.430556 0.340625 0.433333 0.336719 0.433333 0.337500 0.438889 0.333594 0.447222 0.332813 0.450000 0.332031 0.459722 0.331250 0.461111 0.331250 0.463889 0.332031 0.472222 0.334375 0.476389 0.338281 0.473611 0.339062 0.475000 0.339844 0.469444 0.341406 0.462500 0.342969 0.456944 0.346094 0.452778 0.347656 0.452778 0.350000 0.450000 0.354687 0.443056 0.356250 0.443056 0.359375 0.437500 0.360156 0.433333 0.359375 0.430556 0.349219 0.431944 0.346875 0.430556 0.343750 0.430556
23 0.996094 0.244444 0.996875 0.258333 0.996875 0.261111 0.996094 0.263889 0.993750 0.266667 0.995313 0.268056 0.996875 0.268056 0.997656 0.266667 0.999219 0.266667 0.999219 0.244444 0.996094 0.244444
23 0.944531 0.193056 0.946875 0.195833 0.945312 0.195833 0.944531 0.194444 0.942969 0.194444 0.941406 0.195833 0.941406 0.200000 0.943750 0.201389 0.944531 0.205556 0.942187 0.205556 0.940625 0.206944 0.939844 0.208333 0.939063 0.211111 0.936719 0.212500 0.935156 0.205556 0.934375 0.208333 0.935156 0.213889 0.936719 0.212500 0.939063 0.211111 0.941406 0.215278 0.943750 0.215278 0.945312 0.213889 0.946875 0.208333 0.950000 0.215278 0.946875 0.218056 0.942187 0.218056 0.942187 0.223611 0.944531 0.227778 0.944531 0.231944 0.942969 0.234722 0.941406 0.236111 0.939844 0.238889 0.938281 0.238889 0.936719 0.236111 0.936719 0.234722 0.934375 0.231944 0.936719 0.226389 0.936719 0.223611 0.933594 0.222222 0.932031 0.225000 0.930469 0.229167 0.931250 0.234722 0.932031 0.236111 0.932813 0.237500 0.932813 0.240278 0.934375 0.243056 0.935937 0.243056 0.938281 0.238889 0.939844 0.238889 0.941406 0.241667 0.942969 0.243056 0.945312 0.238889 0.942969 0.234722 0.944531 0.231944 0.945312 0.234722 0.949219 0.241667 0.950781 0.243056 0.951562 0.241667 0.951562 0.250000 0.950000 0.250000 0.948438 0.252778 0.950000 0.255556 0.952344 0.252778 0.953906 0.256944 0.962500 0.256944 0.962500 0.247222 0.957031 0.248611 0.955469 0.247222 0.953906 0.245833 0.951562 0.241667 0.950781 0.243056 0.953125 0.238889 0.956250 0.238889 0.957812 0.241667 0.959375 0.241667 0.960938 0.238889 0.959375 0.236111 0.957812 0.236111 0.956250 0.238889 0.953125 0.238889 0.952344 0.236111 0.950781 0.233333 0.949219 0.236111 0.948438 0.225000 0.950781 0.220833 0.952344 0.219444 0.957812 0.219444 0.960156 0.227778 0.964063 0.234722 0.964844 0.238889 0.969531 0.240278 0.971875 0.243056 0.975000 0.244444 0.982031 0.245833 0.984375 0.243056 0.985938 0.243056 0.987500 0.245833 0.991406 0.245833 0.990625 0.250000 0.987500 0.252778 0.990625 0.255556 0.990625 0.256944 0.985156 0.261111 0.982812 0.262500 0.980469 0.266667 0.978125 0.268056 0.977344 0.265278 0.976562 0.263889 0.975000 0.262500 0.972656 0.262500 0.971875 0.262500 0.973437 0.259722 0.971875 0.256944 0.972656 0.254167 0.973437 0.255556 0.976562 0.255556 0.978125 0.252778 0.978125 0.252778 0.979688 0.255556 0.981250 0.256944 0.982812 0.256944 0.985156 0.252778 0.984375 0.250000 0.983594 0.250000 0.982031 0.247222 0.980469 0.248611 0.979688 0.248611 0.978906 0.250000 0.978125 0.252778 0.978125 0.252778 0.974219 0.248611 0.972656 0.250000 0.971094 0.252778 0.972656 0.254167 0.971875 0.256944 0.966406 0.258333 0.967969 0.261111 0.968750 0.261111 0.970313 0.263889 0.971875 0.262500 0.972656 0.262500 0.967187 0.263889 0.963281 0.266667 0.959375 0.262500 0.955469 0.262500 0.943750 0.262500 0.939844 0.261111 0.936719 0.258333 0.933594 0.258333 0.934375 0.258333 0.935937 0.256944 0.935937 0.255556 0.935156 0.250000 0.932813 0.252778 0.932813 0.255556 0.934375 0.258333 0.933594 0.258333 0.932813 0.256944 0.931250 0.256944 0.929688 0.254167 0.928125 0.248611 0.928125 0.243056 0.929688 0.240278 0.929688 0.236111 0.926562 0.234722 0.926562 0.231944 0.925781 0.230556 0.927344 0.227778 0.929688 0.225000 0.925781 0.225000 0.927344 0.227778 0.925781 0.230556 0.923438 0.216667 0.923438 0.212500 0.925000 0.211111 0.926562 0.213889 0.928125 0.213889 0.929688 0.211111 0.928125 0.208333 0.926562 0.208333 0.925000 0.211111 0.923438 0.212500 0.924219 0.208333 0.925781 0.205556 0.928125 0.202778 0.933594 0.198611 0.940625 0.194444 0.944531 0.193056
23 0.817969 0.134722 0.830469 0.136111 0.830469 0.141667 0.832031 0.144444 0.833594 0.144444 0.835156 0.141667 0.830469 0.141667 0.830469 0.136111 0.839063 0.137500 0.843750 0.138889 0.846094 0.140278 0.846875 0.141667 0.848437 0.143056 0.843750 0.147222 0.839063 0.155556 0.837500 0.159722 0.835938 0.158333 0.836719 0.155556 0.833594 0.150000 0.830469 0.154167 0.831250 0.156944 0.831250 0.158333 0.832031 0.159722 0.833594 0.161111 0.835156 0.159722 0.835938 0.158333 0.837500 0.159722 0.836719 0.163889 0.836719 0.169444 0.835938 0.173611 0.835156 0.176389 0.833594 0.179167 0.828906 0.183333 0.825000 0.186111 0.822656 0.187500 0.820312 0.188889 0.817187 0.190278 0.811719 0.190278 0.810156 0.188889 0.807813 0.184722 0.807031 0.181944 0.807031 0.176389 0.807813 0.173611 0.809375 0.169444 0.812500 0.163889 0.813281 0.161111 0.814063 0.158333 0.814844 0.154167 0.816406 0.155556 0.817969 0.158333 0.819531 0.155556 0.817969 0.152778 0.816406 0.155556 0.814844 0.154167 0.814844 0.150000 0.814063 0.145833 0.813281 0.143056 0.810937 0.138889 0.810937 0.136111 0.812500 0.134722 0.817969 0.134722
23 0.972656 0.127778 0.971094 0.129167 0.967969 0.131944 0.966406 0.136111 0.967969 0.136111 0.970313 0.137500 0.975000 0.141667 0.973437 0.144444 0.971875 0.145833 0.970313 0.147222 0.961719 0.151389 0.959375 0.150000 0.956250 0.147222 0.953125 0.148611 0.956250 0.150000 0.952344 0.151389 0.955469 0.151389 0.956250 0.152778 0.962500 0.152778 0.963281 0.155556 0.965625 0.154167 0.968750 0.158333 0.970313 0.158333 0.974219 0.162500 0.972656 0.166667 0.974219 0.168056 0.980469 0.173611 0.982812 0.176389 0.991406 0.193056 0.992969 0.194444 0.994531 0.194444 0.999219 0.193056 0.999219 0.133333 0.994531 0.131944 0.992969 0.131944 0.989062 0.138889 0.985938 0.138889 0.982812 0.143056 0.980469 0.141667 0.980469 0.140278 0.978906 0.137500 0.978125 0.137500 0.976562 0.134722 0.976562 0.133333 0.975000 0.130556 0.974219 0.130556 0.972656 0.127778
23 0.812500 0.126389 0.820312 0.126389 0.828906 0.129167 0.839844 0.127778 0.824219 0.127778 0.822656 0.125000 0.812500 0.126389
23 0.766406 0.122222 0.765625 0.126389 0.764062 0.126389 0.765625 0.126389 0.766406 0.127778 0.774219 0.127778 0.775781 0.125000 0.771875 0.125000 0.769531 0.122222 0.767969 0.122222 0.766406 0.122222
23 0.721094 0.113889 0.719531 0.115278 0.721094 0.116667 0.724219 0.116667 0.722656 0.113889 0.721094 0.113889
23 0.684375 0.100000 0.689063 0.098611 0.690625 0.101389 0.692969 0.102778 0.695312 0.102778 0.697656 0.100000 0.700781 0.102778 0.707812 0.102778 0.714063 0.104167 0.718750 0.105556 0.721094 0.106944 0.721875 0.109722 0.718750 0.112500 0.717187 0.112500 0.715625 0.109722 0.713281 0.108333 0.700781 0.106944 0.697656 0.106944 0.696875 0.108333 0.695312 0.109722 0.697656 0.113889 0.700000 0.113889 0.701562 0.111111 0.706250 0.111111 0.711719 0.112500 0.712500 0.113889 0.716406 0.115278 0.708594 0.116667 0.712500 0.118056 0.717969 0.122222 0.721875 0.122222 0.722656 0.120833 0.725000 0.120833 0.724219 0.123611 0.722656 0.125000 0.711719 0.125000 0.705469 0.126389 0.700781 0.129167 0.688281 0.129167 0.685156 0.127778 0.678125 0.123611 0.676562 0.122222 0.673438 0.118056 0.671094 0.112500 0.681250 0.111111 0.677344 0.109722 0.676562 0.106944 0.680469 0.106944 0.682813 0.111111 0.685156 0.112500 0.685156 0.113889 0.686719 0.116667 0.686719 0.118056 0.689844 0.123611 0.691406 0.123611 0.693750 0.127778 0.696875 0.123611 0.698438 0.123611 0.700000 0.120833 0.703906 0.120833 0.707812 0.118056 0.703906 0.115278 0.698438 0.115278 0.697656 0.116667 0.692187 0.116667 0.689844 0.113889 0.687500 0.113889 0.685156 0.113889 0.685156 0.112500 0.689844 0.111111 0.689844 0.106944 0.688281 0.105556 0.683594 0.104167 0.679688 0.104167 0.678125 0.102778 0.677344 0.098611 0.684375 0.100000
24 0.615625 0.256944 0.615625 0.259722 0.617188 0.259722 0.615625 0.256944
24 0.634375 0.205556 0.630469 0.206944 0.628906 0.209722 0.628125 0.213889 0.625000 0.220833 0.624219 0.223611 0.625000 0.251389 0.625000 0.265278 0.624219 0.288889 0.624219 0.302778 0.624219 0.320833 0.624219 0.330556 0.624219 0.381944 0.624219 0.384722 0.624219 0.405556 0.625000 0.418056 0.625000 0.426389 0.625000 0.451389 0.624219 0.462500 0.625000 0.468056 0.624219 0.487500 0.621875 0.494444 0.621875 0.511111 0.622656 0.508333 0.623437 0.531944 0.625000 0.540278 0.625000 0.552778 0.628125 0.554167 0.630469 0.552778 0.632812 0.554167 0.632031 0.558333 0.633594 0.556944 0.635156 0.554167 0.637500 0.550000 0.639844 0.544444 0.640625 0.530556 0.640625 0.525000 0.637500 0.523611 0.636719 0.520833 0.636719 0.502778 0.639062 0.500000 0.638281 0.495833 0.639844 0.495833 0.641406 0.497222 0.636719 0.488889 0.636719 0.486111 0.637500 0.468056 0.637500 0.344444 0.637500 0.334722 0.636719 0.298611 0.638281 0.247222 0.638281 0.234722 0.637500 0.225000 0.636719 0.219444 0.635938 0.213889 0.634375 0.209722 0.634375 0.205556
24 0.641406 0.104167 0.639844 0.109722 0.639062 0.122222 0.640625 0.137500 0.640625 0.152778 0.642188 0.162500 0.641406 0.180556 0.641406 0.183333 0.642188 0.195833 0.643750 0.202778 0.643750 0.211111 0.643750 0.234722 0.643750 0.238889 0.642969 0.240278 0.642969 0.243056 0.643750 0.237500 0.650000 0.226389 0.650000 0.223611 0.649219 0.205556 0.647656 0.186111 0.647656 0.161111 0.645312 0.141667 0.644531 0.130556 0.644531 0.125000 0.645312 0.118056 0.646094 0.113889 0.648438 0.106944 0.647656 0.104167 0.645312 0.106944 0.641406 0.104167
24 0.622656 0.090278 0.622656 0.093056 0.620313 0.093056 0.621875 0.095833 0.621094 0.102778 0.620313 0.102778 0.620313 0.106944 0.622656 0.119444 0.623437 0.125000 0.623437 0.141667 0.621875 0.159722 0.619531 0.181944 0.617969 0.194444 0.617188 0.195833 0.616406 0.202778 0.616406 0.205556 0.619531 0.205556 0.621094 0.208333 0.619531 0.213889 0.617969 0.215278 0.615625 0.213889 0.615625 0.216667 0.616406 0.218056 0.616406 0.223611 0.618750 0.226389 0.617969 0.231944 0.619531 0.234722 0.621094 0.236111 0.621094 0.229167 0.622656 0.219444 0.621875 0.202778 0.623437 0.195833 0.623437 0.184722 0.624219 0.179167 0.625781 0.172222 0.626563 0.172222 0.627344 0.170833 0.628125 0.168056 0.628906 0.163889 0.628906 0.138889 0.630469 0.133333 0.630469 0.129167 0.629687 0.127778 0.629687 0.122222 0.628125 0.118056 0.628125 0.111111 0.627344 0.106944 0.625781 0.104167 0.622656 0.101389 0.623437 0.095833 0.626563 0.090278 0.622656 0.090278
24 0.689063 0.041667 0.689844 0.045833 0.688281 0.051389 0.690625 0.055556 0.690625 0.052778 0.691406 0.051389 0.691406 0.048611 0.690625 0.047222 0.690625 0.044444 0.689063 0.041667
24 0.698438 0.000000 0.698438 0.009722 0.696875 0.009722 0.696094 0.006944 0.697656 0.005556 0.696094 0.002778 0.694531 0.005556 0.695312 0.012500 0.696875 0.009722 0.698438 0.009722 0.696094 0.016667 0.696094 0.020833 0.696875 0.037500 0.696094 0.036111 0.696094 0.023611 0.695312 0.026389 0.694531 0.027778 0.694531 0.033333 0.696094 0.036111 0.696875 0.037500 0.696094 0.088889 0.695312 0.090278 0.695312 0.101389 0.692969 0.101389 0.692187 0.095833 0.692969 0.084722 0.692969 0.069444 0.692187 0.065278 0.693750 0.051389 0.692969 0.026389 0.692187 0.029167 0.691406 0.031944 0.691406 0.025000 0.693750 0.015278 0.693750 0.002778 0.694531 0.000000 0.698438 0.000000
24 0.629687 0.000000 0.629687 0.055556 0.628125 0.076389 0.628125 0.102778 0.628906 0.105556 0.629687 0.108333 0.634375 0.111111 0.635938 0.109722 0.637500 0.106944 0.638281 0.101389 0.638281 0.095833 0.639844 0.088889 0.641406 0.094444 0.642188 0.095833 0.643750 0.097222 0.644531 0.091667 0.642188 0.091667 0.639062 0.088889 0.637500 0.086111 0.639062 0.080556 0.639062 0.068056 0.638281 0.047222 0.639844 0.043056 0.639844 0.033333 0.639844 0.005556 0.639844 0.000000 0.629687 0.000000
30 0.482031 0.444444 0.482031 0.447222 0.474219 0.461111 0.473438 0.463889 0.473438 0.469444 0.474219 0.472222 0.475781 0.475000 0.477344 0.481944 0.477344 0.487500 0.478125 0.490278 0.478906 0.491667 0.480469 0.493056 0.486719 0.493056 0.489063 0.488889 0.489063 0.480556 0.489063 0.477778 0.491406 0.470833 0.491406 0.465278 0.490625 0.461111 0.485938 0.451389 0.485156 0.450000 0.482812 0.447222 0.482031 0.444444
30 0.380469 0.119444 0.375781 0.122222 0.375000 0.125000 0.374219 0.131944 0.374219 0.144444 0.372656 0.155556 0.372656 0.177778 0.375781 0.183333 0.383594 0.184722 0.401562 0.187500 0.414844 0.188889 0.428906 0.190278 0.443750 0.190278 0.445312 0.187500 0.446094 0.184722 0.446875 0.170833 0.447656 0.144444 0.447656 0.141667 0.446875 0.134722 0.445312 0.131944 0.443750 0.130556 0.437500 0.129167 0.425000 0.129167 0.419531 0.126389 0.412500 0.125000 0.396875 0.123611 0.389062 0.120833 0.382031 0.119444 0.380469 0.119444
25 0.995313 0.194444 0.992969 0.195833 0.993750 0.200000 0.995313 0.204167 0.996875 0.208333 0.999219 0.209722 0.999219 0.194444 0.995313 0.194444
25 0.960938 0.104167 0.962500 0.106944 0.962500 0.113889 0.966406 0.126389 0.968750 0.130556 0.968750 0.127778 0.967969 0.126389 0.967969 0.123611 0.967187 0.120833 0.964844 0.116667 0.964063 0.113889 0.963281 0.111111 0.963281 0.104167 0.960938 0.104167
25 0.966406 0.090278 0.968750 0.088889 0.968750 0.087500 0.969531 0.084722 0.966406 0.090278
25 0.968750 0.000000 0.968750 0.015278 0.967187 0.030556 0.967969 0.036111 0.968750 0.041667 0.970313 0.044444 0.969531 0.047222 0.972656 0.058333 0.973437 0.062500 0.973437 0.072222 0.972656 0.076389 0.971094 0.079167 0.971094 0.083333 0.971875 0.084722 0.972656 0.091667 0.975000 0.093056 0.971875 0.094444 0.969531 0.097222 0.966406 0.097222 0.966406 0.104167 0.967969 0.106944 0.967969 0.115278 0.969531 0.119444 0.973437 0.127778 0.974219 0.129167 0.978125 0.136111 0.981250 0.141667 0.982812 0.141667 0.985938 0.137500 0.989062 0.137500 0.994531 0.127778 0.996094 0.129167 0.999219 0.131944 0.999219 0.000000 0.968750 0.000000
27 0.575000 0.508333 0.578125 0.508333 0.579688 0.506944 0.575000 0.508333
27 0.564063 0.508333 0.564063 0.511111 0.565625 0.513889 0.569531 0.513889 0.571094 0.512500 0.571875 0.509722 0.571875 0.506944 0.564063 0.508333
27 0.555469 0.480556 0.553906 0.483333 0.553125 0.483333 0.548438 0.483333 0.543750 0.486111 0.535156 0.486111 0.534375 0.488889 0.534375 0.498611 0.536719 0.498611 0.537500 0.500000 0.542188 0.501389 0.552344 0.501389 0.560937 0.504167 0.578906 0.504167 0.587500 0.501389 0.586719 0.491667 0.584375 0.490278 0.576562 0.490278 0.568750 0.488889 0.566406 0.487500 0.563281 0.483333 0.561719 0.481944 0.559375 0.480556 0.555469 0.480556
27 0.491406 0.476389 0.489844 0.477778 0.489063 0.483333 0.489063 0.491667 0.500000 0.491667 0.500000 0.477778 0.499219 0.483333 0.496875 0.479167 0.493750 0.476389 0.492969 0.479167 0.491406 0.476389
27 0.485156 0.440278 0.485156 0.448611 0.486719 0.452778 0.486719 0.448611 0.485156 0.444444 0.485156 0.440278
27 0.398438 0.429167 0.400000 0.430556 0.402344 0.429167 0.398438 0.429167
27 0.382812 0.429167 0.382031 0.430556 0.377344 0.430556 0.376563 0.431944 0.375000 0.431944 0.374219 0.434722 0.369531 0.434722 0.365625 0.437500 0.366406 0.448611 0.366406 0.451389 0.364844 0.454167 0.364844 0.469444 0.365625 0.473611 0.368750 0.479167 0.372656 0.479167 0.374219 0.481944 0.375781 0.487500 0.375781 0.490278 0.373437 0.494444 0.390625 0.494444 0.410938 0.497222 0.432031 0.500000 0.442188 0.501389 0.452344 0.502778 0.457813 0.505556 0.465625 0.511111 0.471094 0.513889 0.474219 0.508333 0.475000 0.508333 0.478125 0.502778 0.478125 0.498611 0.477344 0.497222 0.476562 0.490278 0.476562 0.481944 0.475000 0.475000 0.473438 0.472222 0.472656 0.469444 0.472656 0.463889 0.473438 0.461111 0.481250 0.447222 0.480469 0.437500 0.478906 0.436111 0.467187 0.436111 0.449219 0.436111 0.446875 0.433333 0.439844 0.431944 0.436719 0.433333 0.435156 0.433333 0.429688 0.430556 0.427344 0.433333 0.425000 0.430556 0.414844 0.429167 0.410938 0.430556 0.410156 0.429167 0.405469 0.429167 0.409375 0.429167 0.410156 0.430556 0.417187 0.430556 0.425000 0.433333 0.419531 0.436111 0.392969 0.433333 0.390625 0.433333 0.385156 0.434722 0.383594 0.431944 0.387500 0.429167 0.382812 0.429167
27 0.978125 0.237500 0.977344 0.240278 0.975000 0.243056 0.978906 0.243056 0.978125 0.237500
27 0.972656 0.190278 0.974219 0.191667 0.975781 0.190278 0.972656 0.190278
27 0.683594 0.176389 0.683594 0.179167 0.685156 0.181944 0.688281 0.181944 0.688281 0.179167 0.686719 0.176389 0.683594 0.176389
27 0.972656 0.168056 0.972656 0.170833 0.973437 0.173611 0.974219 0.176389 0.978125 0.183333 0.978906 0.186111 0.979688 0.188889 0.979688 0.191667 0.982031 0.198611 0.978906 0.204167 0.973437 0.204167 0.971094 0.206944 0.968750 0.208333 0.967969 0.213889 0.966406 0.213889 0.964844 0.211111 0.964844 0.206944 0.966406 0.205556 0.966406 0.201389 0.965625 0.204167 0.965625 0.205556 0.961719 0.208333 0.961719 0.211111 0.959375 0.215278 0.957812 0.215278 0.957812 0.218056 0.958594 0.220833 0.959375 0.223611 0.960938 0.227778 0.964063 0.233333 0.967187 0.237500 0.970313 0.237500 0.968750 0.238889 0.970313 0.240278 0.971875 0.241667 0.969531 0.238889 0.971094 0.237500 0.972656 0.233333 0.975000 0.231944 0.971875 0.222222 0.975000 0.223611 0.975781 0.222222 0.978906 0.222222 0.984375 0.223611 0.987500 0.227778 0.993750 0.227778 0.995313 0.230556 0.995313 0.234722 0.999219 0.233333 0.999219 0.211111 0.996875 0.209722 0.996094 0.208333 0.996094 0.206944 0.992969 0.200000 0.992969 0.197222 0.992188 0.194444 0.990625 0.191667 0.983594 0.179167 0.980469 0.175000 0.976562 0.170833 0.972656 0.168056
27 0.921094 0.145833 0.924219 0.147222 0.926562 0.145833 0.934375 0.148611 0.942969 0.150000 0.956250 0.151389 0.952344 0.150000 0.951562 0.148611 0.941406 0.148611 0.933594 0.145833 0.921094 0.145833
27 0.885938 0.140278 0.891406 0.143056 0.899219 0.141667 0.901563 0.143056 0.905469 0.141667 0.900000 0.141667 0.899219 0.140278 0.887500 0.138889 0.885938 0.140278
27 0.846875 0.137500 0.847656 0.138889 0.858594 0.138889 0.863281 0.140278 0.867969 0.143056 0.873437 0.144444 0.879687 0.144444 0.884375 0.147222 0.890625 0.148611 0.907813 0.150000 0.913281 0.151389 0.914844 0.148611 0.916406 0.148611 0.922656 0.151389 0.930469 0.151389 0.938281 0.152778 0.942187 0.155556 0.951562 0.155556 0.960156 0.156944 0.963281 0.162500 0.966406 0.163889 0.968750 0.163889 0.968750 0.168056 0.966406 0.175000 0.964844 0.176389 0.962500 0.173611 0.961719 0.176389 0.964844 0.176389 0.966406 0.175000 0.966406 0.179167 0.964844 0.183333 0.968750 0.188889 0.967969 0.191667 0.968750 0.193056 0.967187 0.195833 0.964063 0.191667 0.961719 0.190278 0.959375 0.190278 0.958594 0.186111 0.960938 0.183333 0.958594 0.179167 0.957031 0.181944 0.958594 0.186111 0.959375 0.190278 0.957812 0.193056 0.959375 0.195833 0.956250 0.195833 0.954688 0.201389 0.953125 0.195833 0.951562 0.194444 0.947656 0.195833 0.946094 0.194444 0.944531 0.191667 0.946094 0.180556 0.946875 0.179167 0.949219 0.179167 0.949219 0.183333 0.950781 0.186111 0.952344 0.183333 0.950781 0.168056 0.948438 0.162500 0.946094 0.161111 0.945312 0.163889 0.948438 0.162500 0.950781 0.168056 0.950000 0.172222 0.946875 0.172222 0.945312 0.175000 0.946875 0.179167 0.946094 0.180556 0.946094 0.177778 0.943750 0.173611 0.941406 0.172222 0.939063 0.168056 0.936719 0.166667 0.934375 0.163889 0.935156 0.156944 0.930469 0.154167 0.909375 0.154167 0.907813 0.156944 0.906250 0.154167 0.903906 0.152778 0.900781 0.155556 0.899219 0.155556 0.896094 0.152778 0.892969 0.155556 0.888281 0.151389 0.885938 0.154167 0.883594 0.154167 0.882031 0.151389 0.873437 0.150000 0.869531 0.147222 0.859375 0.145833 0.855469 0.144444 0.852344 0.141667 0.848437 0.141667 0.846094 0.138889 0.843750 0.137500 0.839844 0.137500 0.846875 0.137500
27 0.775000 0.122222 0.776563 0.126389 0.775000 0.129167 0.776563 0.129167 0.780469 0.134722 0.782031 0.136111 0.783594 0.137500 0.785937 0.138889 0.789062 0.138889 0.789844 0.140278 0.792188 0.140278 0.800781 0.137500 0.806250 0.138889 0.807813 0.138889 0.808594 0.137500 0.810156 0.137500 0.810937 0.134722 0.812500 0.133333 0.787500 0.134722 0.784375 0.133333 0.780469 0.130556 0.778906 0.127778 0.785156 0.126389 0.784375 0.122222 0.779687 0.122222 0.778906 0.127778 0.778125 0.123611 0.777344 0.126389 0.776563 0.123611 0.775000 0.122222
27 0.725000 0.123611 0.731250 0.125000 0.735938 0.125000 0.742969 0.129167 0.750781 0.129167 0.754687 0.127778 0.757812 0.125000 0.765625 0.123611 0.744531 0.125000 0.738281 0.122222 0.732031 0.120833 0.725000 0.123611
27 0.760156 0.119444 0.763281 0.122222 0.762500 0.119444 0.760156 0.119444
27 0.964063 0.111111 0.964844 0.113889 0.965625 0.116667 0.967969 0.120833 0.968750 0.123611 0.969531 0.127778 0.970313 0.131944 0.970313 0.126389 0.968750 0.122222 0.967969 0.118056 0.964063 0.111111
27 0.696094 0.109722 0.697656 0.112500 0.700000 0.112500 0.701562 0.109722 0.706250 0.109722 0.711719 0.111111 0.715625 0.112500 0.717187 0.115278 0.715625 0.111111 0.713281 0.109722 0.700781 0.108333 0.696094 0.109722
27 0.674219 0.104167 0.677344 0.104167 0.680469 0.105556 0.683594 0.111111 0.685156 0.111111 0.689844 0.108333 0.688281 0.106944 0.684375 0.106944 0.683594 0.105556 0.678906 0.104167 0.674219 0.104167
27 0.647656 0.098611 0.647656 0.105556 0.649219 0.106944 0.653906 0.108333 0.665625 0.111111 0.680469 0.111111 0.677344 0.111111 0.676562 0.109722 0.667188 0.109722 0.662500 0.108333 0.660937 0.106944 0.659375 0.104167 0.658594 0.104167 0.657031 0.098611 0.647656 0.098611
27 0.639062 0.098611 0.638281 0.102778 0.640625 0.104167 0.646094 0.105556 0.646094 0.101389 0.644531 0.100000 0.642188 0.098611 0.639062 0.098611
27 0.775000 0.097222 0.775000 0.100000 0.776563 0.101389 0.778125 0.101389 0.777344 0.098611 0.776563 0.098611 0.775000 0.097222
27 0.627344 0.095833 0.625000 0.097222 0.625000 0.101389 0.627344 0.101389 0.627344 0.095833
27 0.768750 0.098611 0.770312 0.098611 0.773438 0.095833 0.768750 0.098611
27 0.696094 0.025000 0.695312 0.027778 0.696094 0.034722 0.696094 0.025000
27 0.695312 0.005556 0.695312 0.011111 0.695312 0.006944 0.696875 0.005556 0.695312 0.005556
27 0.699219 0.000000 0.699219 0.009722 0.696875 0.016667 0.696875 0.020833 0.697656 0.037500 0.696875 0.088889 0.696094 0.090278 0.696875 0.101389 0.697656 0.098611 0.700781 0.101389 0.707812 0.101389 0.714063 0.102778 0.718750 0.104167 0.721094 0.105556 0.721875 0.111111 0.719531 0.113889 0.722656 0.112500 0.725000 0.116667 0.732812 0.116667 0.735938 0.119444 0.746094 0.120833 0.756250 0.120833 0.757812 0.119444 0.753906 0.119444 0.753125 0.118056 0.746875 0.116667 0.733594 0.115278 0.726562 0.112500 0.728125 0.111111 0.728906 0.109722 0.732812 0.109722 0.754687 0.109722 0.759375 0.109722 0.760156 0.111111 0.765625 0.109722 0.765625 0.100000 0.766406 0.091667 0.767188 0.084722 0.767969 0.081944 0.771875 0.079167 0.775000 0.079167 0.778906 0.080556 0.780469 0.081944 0.781250 0.094444 0.779687 0.113889 0.782813 0.118056 0.789062 0.118056 0.791406 0.119444 0.792969 0.122222 0.790625 0.127778 0.795312 0.129167 0.804688 0.130556 0.807813 0.129167 0.814063 0.129167 0.815625 0.129167 0.816406 0.130556 0.817969 0.130556 0.821875 0.129167 0.823438 0.131944 0.832812 0.130556 0.835938 0.130556 0.838281 0.133333 0.839844 0.133333 0.840625 0.131944 0.842187 0.131944 0.849219 0.133333 0.847656 0.131944 0.837500 0.131944 0.828906 0.130556 0.821094 0.129167 0.821094 0.126389 0.812500 0.127778 0.807031 0.126389 0.802344 0.123611 0.810937 0.122222 0.822656 0.123611 0.824219 0.126389 0.842187 0.125000 0.851562 0.126389 0.855469 0.125000 0.857031 0.125000 0.860156 0.127778 0.860156 0.129167 0.861719 0.131944 0.868750 0.131944 0.875000 0.134722 0.885156 0.136111 0.888281 0.134722 0.892969 0.137500 0.896094 0.134722 0.900000 0.136111 0.903906 0.137500 0.907031 0.140278 0.911719 0.141667 0.923438 0.141667 0.934375 0.143056 0.942187 0.145833 0.944531 0.145833 0.948438 0.144444 0.956250 0.145833 0.959375 0.148611 0.961719 0.150000 0.960156 0.147222 0.970313 0.145833 0.971875 0.144444 0.974219 0.141667 0.972656 0.141667 0.970313 0.138889 0.965625 0.136111 0.965625 0.127778 0.962500 0.126389 0.959375 0.120833 0.957812 0.112500 0.954688 0.108333 0.952344 0.108333 0.950000 0.104167 0.949219 0.100000 0.944531 0.093056 0.945312 0.088889 0.949219 0.090278 0.950781 0.091667 0.952344 0.094444 0.953906 0.095833 0.954688 0.093056 0.952344 0.093056 0.946094 0.087500 0.943750 0.083333 0.942187 0.079167 0.942187 0.077778 0.941406 0.076389 0.939844 0.075000 0.939063 0.075000 0.936719 0.070833 0.930469 0.061111 0.928906 0.061111 0.923438 0.055556 0.921094 0.051389 0.918750 0.044444 0.903906 0.018056 0.902344 0.016667 0.899219 0.015278 0.896875 0.011111 0.896094 0.008333 0.896094 0.000000 0.699219 0.000000
27 0.693750 0.000000 0.692969 0.015278 0.690625 0.025000 0.691406 0.033333 0.692187 0.030556 0.692969 0.027778 0.692969 0.051389 0.692187 0.051389 0.692187 0.048611 0.691406 0.044444 0.689063 0.044444 0.688281 0.047222 0.687500 0.050000 0.689063 0.054167 0.689063 0.055556 0.692187 0.051389 0.692969 0.051389 0.691406 0.065278 0.692187 0.069444 0.692187 0.084722 0.691406 0.095833 0.692187 0.100000 0.690625 0.100000 0.689063 0.097222 0.684375 0.098611 0.671094 0.097222 0.657031 0.095833 0.653906 0.094444 0.651563 0.091667 0.649219 0.090278 0.647656 0.090278 0.646875 0.091667 0.645312 0.091667 0.641406 0.088889 0.640625 0.093056 0.640625 0.088889 0.638281 0.086111 0.639844 0.080556 0.639844 0.068056 0.639062 0.047222 0.640625 0.043056 0.640625 0.033333 0.639844 0.006944 0.640625 0.005556 0.640625 0.000000 0.693750 0.000000
27 0.143750 0.002778 0.144531 0.002778 0.145313 0.004167 0.145313 0.005556 0.146875 0.008333 0.147656 0.009722 0.153125 0.019444 0.155469 0.016667 0.153125 0.011111 0.151562 0.008333 0.150781 0.009722 0.147656 0.009722 0.146875 0.008333 0.149219 0.005556 0.146094 0.001389 0.628906 0.000000 0.628906 0.055556 0.628125 0.075000 0.627344 0.076389 0.627344 0.090278 0.623437 0.087500 0.609375 0.087500 0.606250 0.087500 0.600000 0.090278 0.603125 0.093056 0.607031 0.093056 0.617969 0.091667 0.619531 0.093056 0.621094 0.095833 0.621094 0.101389 0.619531 0.102778 0.615625 0.102778 0.605469 0.100000 0.603906 0.100000 0.598437 0.102778 0.588281 0.101389 0.586719 0.102778 0.581250 0.101389 0.577344 0.100000 0.574219 0.097222 0.572656 0.088889 0.581250 0.087500 0.578125 0.084722 0.571875 0.083333 0.568750 0.083333 0.567969 0.086111 0.567187 0.087500 0.563281 0.081944 0.559375 0.081944 0.557813 0.084722 0.553125 0.084722 0.546875 0.080556 0.546094 0.083333 0.553125 0.084722 0.557813 0.084722 0.559375 0.087500 0.564844 0.086111 0.567187 0.087500 0.567969 0.086111 0.572656 0.088889 0.574219 0.097222 0.570312 0.097222 0.569531 0.098611 0.564844 0.098611 0.562500 0.095833 0.562500 0.093056 0.562500 0.088889 0.558594 0.088889 0.559375 0.091667 0.557031 0.094444 0.565625 0.094444 0.562500 0.093056 0.562500 0.095833 0.559375 0.098611 0.553125 0.095833 0.548438 0.094444 0.541406 0.093056 0.539844 0.095833 0.535156 0.097222 0.531250 0.097222 0.530469 0.095833 0.525781 0.095833 0.524219 0.093056 0.525000 0.093056 0.540625 0.091667 0.528125 0.088889 0.518750 0.090278 0.525000 0.093056 0.524219 0.093056 0.519531 0.093056 0.514062 0.094444 0.511719 0.093056 0.506250 0.095833 0.503125 0.094444 0.501563 0.097222 0.496875 0.095833 0.494531 0.100000 0.492969 0.100000 0.491406 0.097222 0.489844 0.095833 0.487500 0.098611 0.484375 0.098611 0.482031 0.094444 0.479687 0.097222 0.478125 0.095833 0.479687 0.093056 0.476562 0.093056 0.478125 0.095833 0.479687 0.097222 0.479687 0.098611 0.476562 0.098611 0.476562 0.097222 0.475781 0.095833 0.474219 0.094444 0.471875 0.098611 0.468750 0.097222 0.468750 0.095833 0.467187 0.093056 0.467187 0.086111 0.467187 0.086111 0.474219 0.087500 0.481250 0.087500 0.488281 0.090278 0.495312 0.091667 0.500000 0.091667 0.500781 0.090278 0.506250 0.090278 0.497656 0.083333 0.496094 0.086111 0.493750 0.086111 0.482812 0.084722 0.471094 0.083333 0.464062 0.080556 0.457031 0.079167 0.450000 0.080556 0.457031 0.083333 0.462500 0.083333 0.467187 0.086111 0.467187 0.086111 0.462500 0.086111 0.458594 0.083333 0.447656 0.084722 0.447656 0.087500 0.443750 0.087500 0.440625 0.086111 0.435156 0.081944 0.434375 0.077778 0.435156 0.070833 0.432031 0.075000 0.434375 0.077778 0.435156 0.081944 0.432031 0.081944 0.429688 0.079167 0.424219 0.076389 0.421094 0.075000 0.416406 0.073611 0.417969 0.066667 0.419531 0.063889 0.413281 0.061111 0.406250 0.062500 0.410156 0.063889 0.410938 0.066667 0.417969 0.066667 0.416406 0.073611 0.407813 0.073611 0.400000 0.070833 0.389844 0.069444 0.371875 0.070833 0.371094 0.066667 0.368750 0.065278 0.369531 0.061111 0.372656 0.058333 0.371875 0.058333 0.370312 0.055556 0.368750 0.058333 0.371875 0.058333 0.372656 0.058333 0.387500 0.058333 0.378906 0.055556 0.375781 0.055556 0.372656 0.058333 0.369531 0.061111 0.367969 0.058333 0.366406 0.061111 0.365625 0.065278 0.363281 0.066667 0.371094 0.066667 0.371875 0.070833 0.361719 0.070833 0.356250 0.069444 0.351562 0.066667 0.343750 0.066667 0.342969 0.065278 0.337500 0.062500 0.332031 0.065278 0.325000 0.061111 0.319531 0.061111 0.321094 0.059722 0.313281 0.058333 0.314063 0.061111 0.305469 0.062500 0.301563 0.062500 0.303125 0.059722 0.307031 0.058333 0.303906 0.055556 0.302344 0.055556 0.302344 0.048611 0.300000 0.047222 0.295312 0.045833 0.292187 0.044444 0.289062 0.041667 0.282813 0.040278 0.273438 0.038889 0.268750 0.040278 0.270313 0.041667 0.271094 0.043056 0.273438 0.044444 0.277344 0.045833 0.287500 0.047222 0.295312 0.045833 0.300000 0.047222 0.300000 0.051389 0.297656 0.056944 0.302344 0.058333 0.303125 0.059722 0.301563 0.062500 0.296875 0.061111 0.292969 0.059722 0.291406 0.058333 0.290625 0.055556 0.286719 0.056944 0.281250 0.054167 0.273438 0.054167 0.264062 0.052778 0.260156 0.050000 0.250781 0.050000 0.247656 0.047222 0.236719 0.047222 0.235156 0.047222 0.234375 0.043056 0.235156 0.041667 0.235937 0.040278 0.239063 0.036111 0.241406 0.040278 0.246094 0.040278 0.251563 0.038889 0.255469 0.036111 0.239063 0.036111 0.235937 0.040278 0.230469 0.037500 0.232031 0.040278 0.231250 0.043056 0.233594 0.043056 0.234375 0.043056 0.235156 0.047222 0.235156 0.050000 0.233594 0.048611 0.222656 0.048611 0.212500 0.047222 0.205469 0.043056 0.193750 0.041667 0.183594 0.043056 0.177344 0.043056 0.172656 0.041667 0.169531 0.038889 0.170313 0.036111 0.175000 0.037500 0.174219 0.031944 0.173437 0.034722 0.170313 0.036111 0.169531 0.038889 0.166406 0.038889 0.164844 0.036111 0.162500 0.034722 0.158594 0.034722 0.157031 0.031944 0.156250 0.027778 0.158594 0.025000 0.158594 0.022222 0.159375 0.022222 0.160156 0.023611 0.164844 0.026389 0.167969 0.025000 0.166406 0.022222 0.164062 0.020833 0.160938 0.020833 0.160156 0.019444 0.157812 0.020833 0.159375 0.022222 0.158594 0.022222 0.155469 0.019444 0.153906 0.022222 0.149219 0.019444 0.146875 0.013889 0.146094 0.009722 0.142969 0.004167 0.142969 0.002778 0.141406 0.000000 0.143750 0.002778
2 0.408594 0.508333 0.407031 0.509722 0.403906 0.515278 0.403125 0.518056 0.401562 0.529167 0.401562 0.533333 0.402344 0.536111 0.403125 0.537500 0.404687 0.538889 0.407031 0.540278 0.410156 0.544444 0.410156 0.547222 0.409375 0.550000 0.408594 0.552778 0.405469 0.558333 0.404687 0.562500 0.404687 0.566667 0.403125 0.569444 0.402344 0.572222 0.402344 0.579167 0.406250 0.584722 0.407813 0.588889 0.411719 0.588889 0.416406 0.591667 0.436719 0.591667 0.443750 0.594444 0.449219 0.594444 0.451562 0.594444 0.456250 0.591667 0.460156 0.591667 0.465625 0.594444 0.477344 0.594444 0.480469 0.593056 0.482031 0.591667 0.484375 0.587500 0.485156 0.584722 0.485938 0.581944 0.485938 0.565278 0.485156 0.562500 0.483594 0.559722 0.482031 0.559722 0.477344 0.551389 0.475781 0.541667 0.473438 0.536111 0.472656 0.534722 0.471875 0.534722 0.467969 0.529167 0.466406 0.527778 0.464062 0.526389 0.460938 0.526389 0.454688 0.526389 0.439063 0.526389 0.428125 0.527778 0.426563 0.527778 0.425000 0.525000 0.425781 0.522222 0.425000 0.516667 0.424219 0.512500 0.423438 0.509722 0.414844 0.508333 0.408594 0.508333
2 0.371094 0.502778 0.367188 0.509722 0.366406 0.512500 0.365625 0.516667 0.364844 0.523611 0.365625 0.545833 0.367188 0.547222 0.374219 0.547222 0.382812 0.545833 0.383594 0.547222 0.391406 0.545833 0.392188 0.543056 0.392188 0.518056 0.391406 0.513889 0.390625 0.508333 0.388281 0.504167 0.380469 0.504167 0.373437 0.501389 0.371094 0.502778
19 0.089063 0.547222 0.086719 0.550000 0.085156 0.550000 0.107813 0.550000 0.108594 0.551389 0.161719 0.551389 0.162500 0.552778 0.215625 0.552778 0.216406 0.554167 0.264062 0.554167 0.235156 0.554167 0.234375 0.552778 0.205469 0.552778 0.146875 0.550000 0.117188 0.547222 0.089063 0.547222
19 0.022656 0.547222 0.021875 0.548611 0.018750 0.548611 0.054688 0.550000 0.083594 0.550000 0.085938 0.545833 0.087500 0.545833 0.057813 0.545833 0.053906 0.548611 0.042969 0.548611 0.035937 0.545833 0.022656 0.547222
19 0.539844 0.501389 0.542188 0.502778 0.540625 0.505556 0.540625 0.509722 0.544531 0.509722 0.544531 0.515278 0.545312 0.518056 0.546875 0.516667 0.551562 0.516667 0.552344 0.512500 0.553125 0.518056 0.553906 0.519444 0.553906 0.523611 0.555469 0.522222 0.556250 0.516667 0.557031 0.515278 0.560156 0.511111 0.560156 0.508333 0.565625 0.505556 0.560937 0.505556 0.560156 0.504167 0.552344 0.502778 0.542188 0.502778 0.541406 0.501389 0.539844 0.501389
19 0.585156 0.486111 0.586719 0.487500 0.588281 0.488889 0.587500 0.486111 0.585156 0.486111
19 0.564063 0.483333 0.566406 0.486111 0.568750 0.487500 0.575781 0.487500 0.576562 0.488889 0.582031 0.488889 0.580469 0.484722 0.573438 0.483333 0.570312 0.483333 0.569531 0.484722 0.566406 0.484722 0.565625 0.483333 0.564063 0.483333
19 0.340625 0.477778 0.344531 0.481944 0.350000 0.486111 0.351562 0.486111 0.352344 0.484722 0.353906 0.484722 0.355469 0.488889 0.355469 0.490278 0.363281 0.491667 0.365625 0.493056 0.367188 0.495833 0.390625 0.495833 0.388281 0.502778 0.380469 0.502778 0.373437 0.500000 0.371094 0.501389 0.366406 0.509722 0.365625 0.512500 0.364844 0.516667 0.364063 0.523611 0.364063 0.544444 0.365625 0.547222 0.367188 0.548611 0.374219 0.548611 0.383594 0.548611 0.390625 0.548611 0.392188 0.545833 0.392969 0.543056 0.392969 0.518056 0.392188 0.513889 0.391406 0.508333 0.388281 0.502778 0.390625 0.495833 0.432031 0.501389 0.424219 0.509722 0.414844 0.506944 0.408594 0.506944 0.407031 0.508333 0.403125 0.515278 0.402344 0.518056 0.401562 0.523611 0.400781 0.529167 0.400781 0.533333 0.401562 0.536111 0.403125 0.538889 0.404687 0.540278 0.407031 0.541667 0.410156 0.541667 0.409375 0.544444 0.409375 0.547222 0.408594 0.550000 0.407813 0.552778 0.404687 0.558333 0.403906 0.562500 0.403906 0.566667 0.402344 0.569444 0.401562 0.572222 0.401562 0.579167 0.406250 0.586111 0.407031 0.587500 0.407031 0.588889 0.411719 0.590278 0.416406 0.593056 0.436719 0.593056 0.442969 0.595833 0.449219 0.595833 0.451562 0.595833 0.456250 0.593056 0.460156 0.593056 0.465625 0.595833 0.477344 0.595833 0.480469 0.594444 0.482031 0.593056 0.485156 0.587500 0.485938 0.584722 0.486719 0.581944 0.486719 0.565278 0.485938 0.562500 0.483594 0.558333 0.482031 0.558333 0.478125 0.551389 0.476562 0.541667 0.474219 0.537500 0.474219 0.536111 0.472656 0.533333 0.470313 0.530556 0.467969 0.527778 0.466406 0.526389 0.464062 0.525000 0.460938 0.525000 0.455469 0.525000 0.439063 0.525000 0.428125 0.526389 0.425781 0.525000 0.426563 0.522222 0.425781 0.516667 0.425000 0.512500 0.424219 0.509722 0.432031 0.501389 0.442188 0.502778 0.452344 0.504167 0.457813 0.506944 0.516406 0.540278 0.526563 0.545833 0.532031 0.548611 0.538281 0.550000 0.550000 0.552778 0.555469 0.554167 0.557031 0.551389 0.558594 0.552778 0.560156 0.550000 0.561719 0.554167 0.564844 0.555556 0.566406 0.555556 0.567969 0.552778 0.570312 0.551389 0.571875 0.551389 0.571875 0.554167 0.578125 0.554167 0.581250 0.556944 0.582031 0.552778 0.584375 0.551389 0.585156 0.554167 0.592969 0.552778 0.600000 0.555556 0.603125 0.555556 0.606250 0.554167 0.608594 0.551389 0.614062 0.559722 0.615625 0.558333 0.617188 0.558333 0.618750 0.556944 0.620313 0.554167 0.623437 0.545833 0.624219 0.552778 0.626563 0.556944 0.628125 0.555556 0.629687 0.555556 0.632031 0.555556 0.632031 0.556944 0.633594 0.558333 0.635938 0.558333 0.638281 0.559722 0.640625 0.559722 0.639062 0.556944 0.638281 0.556944 0.635938 0.554167 0.638281 0.550000 0.638281 0.548611 0.639844 0.545833 0.642188 0.548611 0.647656 0.552778 0.650000 0.555556 0.652344 0.558333 0.653906 0.561111 0.653906 0.569444 0.650000 0.570833 0.656250 0.577778 0.660937 0.579167 0.666406 0.579167 0.666406 0.583333 0.667188 0.584722 0.667188 0.593056 0.668750 0.602778 0.671094 0.630556 0.673438 0.658333 0.674219 0.668056 0.675000 0.677778 0.675000 0.690278 0.689063 0.715278 0.691406 0.716667 0.704688 0.726389 0.722656 0.738889 0.826562 0.811111 0.854688 0.830556 0.868750 0.840278 0.876563 0.845833 0.878906 0.847222 0.887500 0.851389 0.899219 0.856944 0.925781 0.869444 0.952344 0.880556 0.978906 0.893056 0.990625 0.898611 0.996875 0.902778 0.999219 0.902778 0.999219 0.998611 0.983594 0.998611 0.932813 0.994444 0.916406 0.993056 0.899219 0.991667 0.887500 0.987500 0.834375 0.968056 0.807813 0.956944 0.781250 0.947222 0.769531 0.943056 0.763281 0.941667 0.757812 0.940278 0.673438 0.920833 0.649219 0.915278 0.642969 0.913889 0.632031 0.912500 0.577344 0.905556 0.521875 0.898611 0.500000 0.895833 0.470313 0.894444 0.380469 0.890278 0.348438 0.888889 0.252344 0.884722 0.196875 0.883333 0.142187 0.881944 0.000000 0.881944 0.000000 0.709722 0.055469 0.706944 0.273438 0.702778 0.328125 0.701389 0.328906 0.688889 0.328125 0.665278 0.326562 0.616667 0.325781 0.593056 0.325000 0.591667 0.325000 0.569444 0.324219 0.568056 0.325000 0.552778 0.325781 0.555556 0.327344 0.554167 0.328125 0.551389 0.328125 0.548611 0.330469 0.538889 0.336719 0.516667 0.336719 0.513889 0.338281 0.509722 0.335156 0.505556 0.333594 0.505556 0.332813 0.511111 0.335156 0.512500 0.332031 0.513889 0.332031 0.516667 0.330469 0.516667 0.328906 0.519444 0.328125 0.522222 0.328906 0.525000 0.326562 0.531944 0.325000 0.531944 0.325000 0.527778 0.325781 0.523611 0.327344 0.519444 0.328125 0.515278 0.328906 0.511111 0.329688 0.505556 0.329688 0.488889 0.331250 0.486111 0.332031 0.486111 0.331250 0.488889 0.333594 0.493056 0.335938 0.495833 0.338281 0.497222 0.340625 0.495833 0.342187 0.493056 0.342187 0.490278 0.341406 0.487500 0.338281 0.484722 0.332031 0.486111 0.331250 0.486111 0.332031 0.479167 0.332813 0.476389 0.334375 0.477778 0.338281 0.475000 0.340625 0.477778
