19 0.907813 0.623611 0.910937 0.623611 0.911719 0.625000 0.914062 0.625000 0.912500 0.625000 0.911719 0.623611 0.907813 0.623611
19 0.589844 0.616667 0.591406 0.618056 0.599219 0.616667 0.589844 0.616667
19 0.560937 0.615278 0.570312 0.615278 0.571875 0.615278 0.576562 0.616667 0.578125 0.615278 0.560937 0.615278
19 0.526563 0.615278 0.528125 0.616667 0.534375 0.615278 0.538281 0.616667 0.546875 0.615278 0.526563 0.615278
19 0.497656 0.613889 0.500000 0.613889 0.500781 0.615278 0.507812 0.615278 0.508594 0.613889 0.513281 0.613889 0.497656 0.613889
19 0.891406 0.613889 0.900000 0.613889 0.895312 0.613889 0.894531 0.612500 0.891406 0.613889
19 0.362500 0.612500 0.361719 0.613889 0.355469 0.613889 0.364063 0.612500 0.365625 0.612500 0.366406 0.613889 0.368750 0.613889 0.378906 0.612500 0.384375 0.613889 0.385156 0.615278 0.389062 0.615278 0.398438 0.613889 0.381250 0.613889 0.380469 0.612500 0.362500 0.612500
19 0.838281 0.611111 0.844531 0.611111 0.850000 0.612500 0.854688 0.613889 0.854688 0.616667 0.858594 0.618056 0.875000 0.616667 0.877344 0.618056 0.878906 0.620833 0.884375 0.619444 0.890625 0.620833 0.891406 0.622222 0.892969 0.622222 0.892188 0.616667 0.899219 0.616667 0.906250 0.619444 0.907813 0.618056 0.900000 0.618056 0.899219 0.616667 0.889062 0.618056 0.885938 0.618056 0.885938 0.615278 0.882031 0.615278 0.884375 0.616667 0.880469 0.618056 0.878906 0.615278 0.875000 0.615278 0.874219 0.616667 0.869531 0.616667 0.868750 0.613889 0.866406 0.616667 0.857031 0.616667 0.852344 0.612500 0.848437 0.611111 0.838281 0.611111
19 0.739062 0.605556 0.742188 0.605556 0.742969 0.606944 0.748437 0.606944 0.749219 0.608333 0.750781 0.609722 0.748437 0.612500 0.752344 0.612500 0.753125 0.611111 0.757812 0.609722 0.761719 0.609722 0.764062 0.612500 0.767969 0.613889 0.778125 0.613889 0.776563 0.611111 0.778125 0.609722 0.778906 0.608333 0.783594 0.606944 0.787500 0.609722 0.795312 0.611111 0.796875 0.611111 0.799219 0.608333 0.805469 0.609722 0.800000 0.609722 0.799219 0.608333 0.786719 0.608333 0.781250 0.605556 0.772656 0.606944 0.778906 0.608333 0.769531 0.609722 0.767188 0.606944 0.764062 0.606944 0.765625 0.608333 0.760156 0.609722 0.750000 0.606944 0.757031 0.605556 0.739062 0.605556
19 0.014844 0.605556 0.021094 0.604167 0.029687 0.606944 0.040625 0.608333 0.156250 0.608333 0.188281 0.611111 0.219531 0.612500 0.234375 0.611111 0.242969 0.611111 0.260156 0.612500 0.260937 0.611111 0.272656 0.611111 0.268750 0.612500 0.281250 0.613889 0.282031 0.615278 0.292969 0.615278 0.315625 0.613889 0.312500 0.615278 0.328906 0.615278 0.324219 0.613889 0.323437 0.612500 0.321875 0.612500 0.324219 0.612500 0.325000 0.613889 0.332031 0.613889 0.334375 0.616667 0.349219 0.618056 0.387500 0.619444 0.389062 0.619444 0.395313 0.618056 0.403125 0.619444 0.404687 0.619444 0.418750 0.619444 0.433594 0.619444 0.438281 0.618056 0.436719 0.615278 0.426563 0.615278 0.425781 0.613889 0.421875 0.613889 0.429688 0.613889 0.430469 0.615278 0.481250 0.615278 0.482031 0.613889 0.485156 0.613889 0.483594 0.613889 0.482812 0.615278 0.475000 0.615278 0.471094 0.618056 0.466406 0.616667 0.458594 0.615278 0.458594 0.619444 0.466406 0.616667 0.471094 0.618056 0.484375 0.618056 0.489844 0.619444 0.494531 0.618056 0.510938 0.620833 0.514844 0.620833 0.525000 0.618056 0.542188 0.620833 0.546094 0.620833 0.546875 0.619444 0.550000 0.619444 0.556250 0.619444 0.574219 0.622222 0.579688 0.620833 0.585156 0.622222 0.585938 0.620833 0.590625 0.622222 0.592187 0.622222 0.610938 0.619444 0.614062 0.619444 0.617969 0.620833 0.624219 0.619444 0.641406 0.622222 0.642969 0.622222 0.650000 0.622222 0.654687 0.620833 0.661719 0.620833 0.663281 0.620833 0.667969 0.622222 0.716406 0.622222 0.743750 0.620833 0.746875 0.620833 0.766406 0.622222 0.786719 0.623611 0.798438 0.626389 0.803125 0.625000 0.820312 0.627778 0.837500 0.626389 0.839063 0.626389 0.839844 0.627778 0.842187 0.626389 0.872656 0.627778 0.883594 0.630556 0.886719 0.630556 0.892969 0.629167 0.904687 0.631944 0.917188 0.631944 0.921875 0.631944 0.933594 0.630556 0.951562 0.630556 0.955469 0.630556 0.956250 0.633333 0.960938 0.631944 0.963281 0.631944 0.968750 0.631944 0.971875 0.631944 0.975781 0.634722 0.978906 0.633333 0.988281 0.633333 0.993750 0.633333 0.994531 0.634722 0.999219 0.634722 0.999219 0.950000 0.994531 0.950000 0.880469 0.922222 0.856250 0.916667 0.832031 0.911111 0.753125 0.893056 0.671875 0.875000 0.639844 0.868056 0.608594 0.861111 0.596094 0.858333 0.581250 0.855556 0.505469 0.841667 0.475000 0.836111 0.467187 0.834722 0.449219 0.831944 0.375781 0.820833 0.366406 0.819444 0.339062 0.815278 0.329688 0.813889 0.309375 0.812500 0.289062 0.811111 0.247656 0.808333 0.207031 0.805556 0.175781 0.806944 0.144531 0.808333 0.143750 0.809722 0.129688 0.809722 0.133594 0.809722 0.134375 0.808333 0.138281 0.808333 0.142969 0.805556 0.178906 0.794444 0.206250 0.786111 0.311719 0.754167 0.348438 0.743056 0.362500 0.738889 0.385156 0.731944 0.399219 0.727778 0.407031 0.726389 0.447656 0.719444 0.488281 0.713889 0.545312 0.702778 0.569531 0.700000 0.578125 0.697222 0.562500 0.695833 0.483594 0.704167 0.452344 0.706944 0.418750 0.708333 0.351562 0.711111 0.317969 0.711111 0.250781 0.713889 0.217188 0.715278 0.170313 0.719444 0.061719 0.729167 0.046094 0.731944 0.030469 0.733333 0.014844 0.734722 0.000000 0.734722 0.000000 0.605556 0.011719 0.604167 0.014844 0.605556
20 0.586719 0.694444 0.585938 0.695833 0.577344 0.697222 0.561719 0.698611 0.530469 0.701389 0.452344 0.708333 0.418750 0.709722 0.351562 0.712500 0.317969 0.712500 0.250781 0.715278 0.217188 0.716667 0.170313 0.720833 0.061719 0.730556 0.046094 0.733333 0.014844 0.736111 0.000000 0.736111 0.000000 0.823611 0.010937 0.823611 0.033594 0.820833 0.113281 0.809722 0.128906 0.809722 0.133594 0.808333 0.138281 0.806944 0.156250 0.801389 0.178906 0.793056 0.206250 0.784722 0.311719 0.752778 0.385156 0.730556 0.399219 0.726389 0.407031 0.725000 0.423438 0.722222 0.447656 0.718056 0.545312 0.701389 0.578125 0.695833 0.585938 0.695833 0.586719 0.694444 0.593750 0.694444 0.586719 0.694444
20 0.928125 0.611111 0.928906 0.613889 0.929688 0.616667 0.931250 0.616667 0.932031 0.615278 0.933594 0.613889 0.930469 0.611111 0.928125 0.611111
20 0.893750 0.611111 0.895312 0.612500 0.899219 0.612500 0.897656 0.611111 0.893750 0.611111
20 0.842187 0.604167 0.841406 0.605556 0.838281 0.605556 0.838281 0.608333 0.835938 0.611111 0.834375 0.609722 0.831250 0.605556 0.829688 0.605556 0.829688 0.609722 0.831250 0.611111 0.837500 0.611111 0.840625 0.608333 0.843750 0.609722 0.846875 0.605556 0.842187 0.604167
20 0.428125 0.588889 0.428906 0.591667 0.430469 0.588889 0.428125 0.588889
20 0.074219 0.579167 0.073438 0.580556 0.071875 0.580556 0.078125 0.580556 0.078906 0.581944 0.082812 0.581944 0.080469 0.581944 0.079687 0.580556 0.076563 0.579167 0.074219 0.579167
20 0.100000 0.577778 0.107813 0.579167 0.109375 0.580556 0.105469 0.581944 0.115625 0.581944 0.114062 0.580556 0.115625 0.579167 0.119531 0.577778 0.121094 0.577778 0.127344 0.579167 0.116406 0.580556 0.136719 0.581944 0.147656 0.584722 0.150000 0.583333 0.148438 0.581944 0.152344 0.581944 0.153125 0.583333 0.162500 0.581944 0.153906 0.580556 0.157031 0.580556 0.157812 0.579167 0.167969 0.579167 0.171094 0.581944 0.179688 0.581944 0.179688 0.583333 0.172656 0.581944 0.171875 0.584722 0.176563 0.586111 0.179688 0.583333 0.179688 0.581944 0.197656 0.580556 0.202344 0.581944 0.204687 0.584722 0.208594 0.584722 0.209375 0.583333 0.214844 0.581944 0.225000 0.581944 0.222656 0.584722 0.226562 0.587500 0.239844 0.586111 0.246094 0.586111 0.246875 0.587500 0.253125 0.586111 0.256250 0.586111 0.258594 0.588889 0.272656 0.588889 0.278125 0.586111 0.281250 0.586111 0.282031 0.587500 0.286719 0.587500 0.298438 0.586111 0.295312 0.587500 0.301563 0.588889 0.302344 0.590278 0.307031 0.588889 0.303125 0.587500 0.307031 0.586111 0.307812 0.588889 0.309375 0.587500 0.313281 0.588889 0.307812 0.590278 0.314844 0.590278 0.318750 0.588889 0.321094 0.586111 0.323437 0.586111 0.321875 0.586111 0.321094 0.587500 0.318750 0.588889 0.329688 0.590278 0.329688 0.587500 0.331250 0.587500 0.332031 0.588889 0.339062 0.587500 0.342187 0.588889 0.343750 0.587500 0.345313 0.590278 0.364063 0.590278 0.364844 0.593056 0.367969 0.594444 0.375000 0.591667 0.382812 0.591667 0.393750 0.593056 0.395313 0.590278 0.386719 0.590278 0.384375 0.590278 0.373437 0.590278 0.371094 0.588889 0.370312 0.590278 0.367969 0.590278 0.369531 0.590278 0.370312 0.588889 0.375000 0.587500 0.382031 0.587500 0.385937 0.590278 0.401562 0.588889 0.407031 0.590278 0.410156 0.593056 0.416406 0.591667 0.412500 0.590278 0.416406 0.590278 0.417187 0.591667 0.421094 0.591667 0.423438 0.588889 0.424219 0.591667 0.425000 0.588889 0.426563 0.591667 0.422656 0.593056 0.431250 0.594444 0.437500 0.591667 0.439063 0.594444 0.449219 0.594444 0.454688 0.597222 0.456250 0.597222 0.457031 0.595833 0.460156 0.594444 0.462500 0.593056 0.467969 0.595833 0.469531 0.595833 0.473438 0.593056 0.475000 0.594444 0.476562 0.594444 0.478125 0.597222 0.479687 0.597222 0.479687 0.594444 0.482031 0.594444 0.480469 0.595833 0.483594 0.597222 0.483594 0.594444 0.486719 0.594444 0.488281 0.591667 0.489844 0.590278 0.492969 0.590278 0.495312 0.593056 0.496875 0.593056 0.497656 0.595833 0.501563 0.597222 0.503906 0.594444 0.506250 0.594444 0.512500 0.594444 0.516406 0.597222 0.518750 0.598611 0.520312 0.598611 0.529687 0.598611 0.535937 0.598611 0.537500 0.595833 0.546875 0.595833 0.540625 0.597222 0.549219 0.598611 0.556250 0.594444 0.561719 0.595833 0.563281 0.598611 0.564844 0.598611 0.571094 0.595833 0.576562 0.595833 0.579688 0.598611 0.581250 0.597222 0.582812 0.597222 0.584375 0.600000 0.588281 0.600000 0.592969 0.597222 0.594531 0.597222 0.598437 0.598611 0.600000 0.601389 0.602344 0.601389 0.605469 0.598611 0.610156 0.598611 0.620313 0.598611 0.620313 0.600000 0.638281 0.601389 0.644531 0.598611 0.630469 0.597222 0.625000 0.597222 0.620313 0.600000 0.620313 0.598611 0.617969 0.597222 0.627344 0.597222 0.634375 0.594444 0.637500 0.597222 0.642969 0.597222 0.645312 0.594444 0.648438 0.595833 0.650000 0.598611 0.651563 0.597222 0.653906 0.593056 0.653906 0.598611 0.649219 0.600000 0.650781 0.602778 0.653125 0.601389 0.670312 0.604167 0.675000 0.601389 0.679688 0.601389 0.676562 0.602778 0.679688 0.604167 0.680469 0.605556 0.682813 0.605556 0.685937 0.602778 0.690625 0.605556 0.696094 0.604167 0.699219 0.604167 0.707031 0.604167 0.709375 0.604167 0.713281 0.605556 0.714063 0.604167 0.717187 0.604167 0.721875 0.606944 0.731250 0.608333 0.733594 0.608333 0.736719 0.605556 0.734375 0.604167 0.738281 0.604167 0.739062 0.606944 0.742969 0.608333 0.748437 0.608333 0.750000 0.609722 0.747656 0.612500 0.752344 0.613889 0.757812 0.611111 0.761719 0.611111 0.764062 0.613889 0.767969 0.615278 0.776563 0.613889 0.778906 0.613889 0.777344 0.611111 0.782813 0.608333 0.787500 0.611111 0.795312 0.612500 0.796875 0.612500 0.798438 0.609722 0.803125 0.612500 0.807031 0.611111 0.806250 0.608333 0.811719 0.608333 0.813281 0.611111 0.815625 0.612500 0.820312 0.611111 0.821094 0.609722 0.821875 0.608333 0.825781 0.606944 0.828125 0.608333 0.826562 0.608333 0.822656 0.608333 0.827344 0.613889 0.842187 0.612500 0.844531 0.612500 0.850000 0.613889 0.852344 0.615278 0.854688 0.618056 0.857812 0.619444 0.875000 0.618056 0.877344 0.619444 0.878906 0.622222 0.884375 0.620833 0.891406 0.623611 0.893750 0.622222 0.892188 0.618056 0.899219 0.618056 0.906250 0.620833 0.908594 0.618056 0.911719 0.619444 0.911719 0.622222 0.907031 0.623611 0.910937 0.625000 0.911719 0.626389 0.914844 0.625000 0.911719 0.622222 0.911719 0.619444 0.920312 0.618056 0.926562 0.620833 0.936719 0.620833 0.947656 0.620833 0.952344 0.622222 0.957812 0.619444 0.964063 0.619444 0.967969 0.620833 0.964844 0.622222 0.968750 0.623611 0.971094 0.622222 0.972656 0.619444 0.974219 0.620833 0.977344 0.622222 0.979688 0.619444 0.978906 0.616667 0.980469 0.616667 0.981250 0.618056 0.985156 0.619444 0.990625 0.619444 0.995313 0.618056 0.996094 0.616667 0.999219 0.616667 0.999219 0.633333 0.994531 0.633333 0.993750 0.631944 0.988281 0.631944 0.978906 0.631944 0.975781 0.633333 0.971875 0.630556 0.967969 0.631944 0.971094 0.633333 0.968750 0.633333 0.967969 0.631944 0.963281 0.630556 0.960938 0.630556 0.956250 0.631944 0.955469 0.629167 0.951562 0.629167 0.933594 0.629167 0.921875 0.630556 0.917188 0.630556 0.905469 0.630556 0.892969 0.627778 0.886719 0.629167 0.883594 0.629167 0.872656 0.626389 0.842187 0.625000 0.839844 0.626389 0.839063 0.625000 0.837500 0.625000 0.820312 0.626389 0.803125 0.623611 0.799219 0.625000 0.786719 0.622222 0.766406 0.620833 0.746875 0.619444 0.743750 0.619444 0.716406 0.620833 0.667969 0.620833 0.663281 0.619444 0.661719 0.619444 0.655469 0.619444 0.650000 0.620833 0.642969 0.620833 0.641406 0.620833 0.624219 0.618056 0.617969 0.619444 0.614062 0.618056 0.610938 0.618056 0.592187 0.620833 0.591406 0.619444 0.599219 0.619444 0.589063 0.616667 0.590625 0.618056 0.591406 0.619444 0.592187 0.620833 0.590625 0.620833 0.585938 0.619444 0.585156 0.620833 0.580469 0.619444 0.578906 0.615278 0.560156 0.615278 0.561719 0.618056 0.570312 0.616667 0.571875 0.616667 0.576562 0.618056 0.577344 0.616667 0.578906 0.615278 0.580469 0.619444 0.574219 0.620833 0.556250 0.618056 0.550000 0.618056 0.546875 0.618056 0.546094 0.619444 0.542188 0.619444 0.525000 0.616667 0.525781 0.615278 0.527344 0.616667 0.528125 0.618056 0.534375 0.616667 0.537500 0.618056 0.547656 0.615278 0.525781 0.615278 0.525000 0.616667 0.514844 0.619444 0.510938 0.619444 0.494531 0.616667 0.496875 0.613889 0.500781 0.616667 0.507812 0.616667 0.514062 0.613889 0.496875 0.613889 0.494531 0.616667 0.490625 0.618056 0.484375 0.616667 0.471875 0.618056 0.474219 0.618056 0.475000 0.616667 0.482812 0.616667 0.485938 0.613889 0.482031 0.612500 0.429688 0.612500 0.421094 0.613889 0.426563 0.616667 0.437500 0.618056 0.433594 0.618056 0.432812 0.616667 0.419531 0.618056 0.404687 0.618056 0.403125 0.618056 0.396875 0.616667 0.389062 0.618056 0.389062 0.616667 0.399219 0.613889 0.380469 0.611111 0.362500 0.611111 0.354687 0.613889 0.364063 0.613889 0.365625 0.613889 0.366406 0.615278 0.368750 0.615278 0.378906 0.613889 0.384375 0.615278 0.385156 0.616667 0.389062 0.616667 0.389062 0.618056 0.387500 0.618056 0.349219 0.616667 0.334375 0.615278 0.332031 0.612500 0.324219 0.611111 0.321094 0.612500 0.324219 0.615278 0.328125 0.615278 0.313281 0.615278 0.316406 0.613889 0.292969 0.613889 0.282031 0.613889 0.281250 0.612500 0.269531 0.612500 0.273438 0.611111 0.260937 0.609722 0.242969 0.609722 0.234375 0.609722 0.219531 0.611111 0.188281 0.609722 0.156250 0.606944 0.040625 0.606944 0.029687 0.605556 0.021094 0.602778 0.014844 0.604167 0.011719 0.602778 0.000000 0.604167 0.000000 0.580556 0.013281 0.580556 0.015625 0.583333 0.020313 0.590278 0.022656 0.588889 0.021094 0.583333 0.015625 0.583333 0.013281 0.580556 0.026562 0.583333 0.028906 0.583333 0.034375 0.583333 0.040625 0.581944 0.054688 0.583333 0.059375 0.580556 0.070312 0.580556 0.064844 0.580556 0.067187 0.584722 0.074219 0.583333 0.089844 0.584722 0.091406 0.583333 0.092969 0.580556 0.094531 0.580556 0.096094 0.577778 0.100000 0.577778
21 0.975000 0.562500 0.973437 0.563889 0.971875 0.565278 0.967969 0.568056 0.962500 0.570833 0.957812 0.570833 0.955469 0.570833 0.957031 0.572222 0.960156 0.572222 0.960938 0.570833 0.964063 0.570833 0.967969 0.575000 0.970313 0.575000 0.973437 0.573611 0.975781 0.572222 0.977344 0.570833 0.977344 0.559722 0.975000 0.562500
21 0.995313 0.555556 0.996094 0.558333 0.996094 0.559722 0.997656 0.561111 0.999219 0.559722 0.999219 0.555556 0.995313 0.555556
21 0.949219 0.554167 0.949219 0.561111 0.950781 0.562500 0.951562 0.559722 0.950781 0.552778 0.949219 0.554167
21 0.967969 0.544444 0.968750 0.548611 0.969531 0.551389 0.974219 0.551389 0.974219 0.548611 0.972656 0.544444 0.971094 0.543056 0.967969 0.544444
21 0.996875 0.511111 0.994531 0.512500 0.993750 0.515278 0.992969 0.519444 0.992969 0.529167 0.993750 0.540278 0.994531 0.548611 0.995313 0.551389 0.999219 0.551389 0.999219 0.508333 0.996875 0.511111
21 0.979688 0.504167 0.979688 0.511111 0.980469 0.512500 0.980469 0.522222 0.980469 0.506944 0.979688 0.504167
21 0.849219 0.484722 0.848437 0.511111 0.847656 0.523611 0.846875 0.526389 0.844531 0.530556 0.842969 0.531944 0.839063 0.533333 0.835156 0.533333 0.833594 0.536111 0.832031 0.536111 0.829688 0.540278 0.828125 0.540278 0.826562 0.537500 0.825781 0.534722 0.821875 0.534722 0.817969 0.531944 0.814063 0.531944 0.816406 0.537500 0.819531 0.537500 0.821875 0.538889 0.823438 0.541667 0.832812 0.541667 0.834375 0.540278 0.835938 0.538889 0.838281 0.536111 0.841406 0.538889 0.843750 0.534722 0.843750 0.533333 0.846875 0.527778 0.847656 0.525000 0.848437 0.522222 0.848437 0.493056 0.850000 0.491667 0.849219 0.488889 0.849219 0.484722
21 0.267188 0.426389 0.267188 0.429167 0.266406 0.430556 0.266406 0.434722 0.265625 0.438889 0.264062 0.441667 0.261719 0.441667 0.262500 0.444444 0.264062 0.445833 0.265625 0.445833 0.267188 0.444444 0.267969 0.440278 0.266406 0.438889 0.266406 0.430556 0.267188 0.429167 0.267188 0.426389
21 0.268750 0.425000 0.268750 0.433333 0.271875 0.430556 0.271875 0.425000 0.268750 0.425000
21 0.270313 0.422222 0.272656 0.422222 0.274219 0.420833 0.270313 0.422222
21 0.993750 0.415278 0.993750 0.419444 0.992969 0.420833 0.992188 0.437500 0.992188 0.441667 0.992969 0.448611 0.994531 0.452778 0.992188 0.454167 0.991406 0.461111 0.991406 0.463889 0.992188 0.469444 0.991406 0.479167 0.992969 0.488889 0.992969 0.500000 0.992188 0.516667 0.992188 0.513889 0.994531 0.506944 0.993750 0.500000 0.996094 0.498611 0.997656 0.501389 0.999219 0.500000 0.999219 0.418056 0.996094 0.418056 0.993750 0.415278
21 0.208594 0.404167 0.210156 0.405556 0.210938 0.409722 0.213281 0.416667 0.214062 0.418056 0.216406 0.419444 0.216406 0.423611 0.221094 0.425000 0.222656 0.426389 0.221094 0.429167 0.219531 0.429167 0.217188 0.429167 0.214844 0.433333 0.215625 0.437500 0.216406 0.436111 0.217969 0.437500 0.217969 0.444444 0.216406 0.445833 0.216406 0.452778 0.214844 0.455556 0.212500 0.456944 0.210938 0.456944 0.204687 0.451389 0.203125 0.444444 0.201563 0.441667 0.201563 0.440278 0.199219 0.438889 0.200000 0.433333 0.202344 0.431944 0.202344 0.430556 0.203125 0.434722 0.206250 0.433333 0.205469 0.430556 0.204687 0.430556 0.202344 0.430556 0.202344 0.431944 0.200781 0.430556 0.198437 0.426389 0.197656 0.422222 0.200781 0.422222 0.201563 0.415278 0.206250 0.418056 0.207031 0.413889 0.207031 0.411111 0.207813 0.409722 0.207031 0.404167 0.208594 0.404167
21 0.928906 0.386111 0.927344 0.387500 0.924219 0.391667 0.922656 0.391667 0.921094 0.395833 0.920312 0.395833 0.917188 0.400000 0.916406 0.401389 0.915625 0.404167 0.913281 0.402778 0.913281 0.406944 0.912500 0.408333 0.909375 0.411111 0.898438 0.411111 0.896875 0.412500 0.895312 0.415278 0.892188 0.416667 0.890625 0.418056 0.889062 0.419444 0.888281 0.425000 0.886719 0.425000 0.886719 0.433333 0.885938 0.427778 0.885156 0.431944 0.885938 0.433333 0.884375 0.443056 0.885156 0.456944 0.884375 0.476389 0.882812 0.476389 0.885156 0.479167 0.885156 0.481944 0.885938 0.484722 0.889062 0.484722 0.892969 0.480556 0.896094 0.479167 0.900000 0.477778 0.903906 0.479167 0.905469 0.480556 0.907031 0.483333 0.908594 0.488889 0.908594 0.491667 0.907813 0.493056 0.907813 0.495833 0.911719 0.494444 0.912500 0.504167 0.913281 0.511111 0.914062 0.513889 0.917188 0.519444 0.918750 0.520833 0.921875 0.522222 0.928906 0.525000 0.933594 0.526389 0.935937 0.526389 0.939063 0.522222 0.944531 0.522222 0.947656 0.519444 0.949219 0.520833 0.952344 0.525000 0.953125 0.526389 0.953125 0.527778 0.953125 0.531944 0.951562 0.533333 0.950000 0.533333 0.946875 0.536111 0.946875 0.538889 0.949219 0.545833 0.950781 0.550000 0.950781 0.547222 0.951562 0.545833 0.951562 0.543056 0.949219 0.540278 0.948438 0.537500 0.950000 0.534722 0.953125 0.534722 0.954688 0.533333 0.956250 0.530556 0.956250 0.520833 0.957812 0.518056 0.961719 0.515278 0.966406 0.516667 0.966406 0.523611 0.966406 0.513889 0.967187 0.509722 0.969531 0.504167 0.974219 0.504167 0.977344 0.501389 0.979688 0.501389 0.980469 0.498611 0.981250 0.484722 0.982031 0.463889 0.981250 0.454167 0.980469 0.444444 0.978125 0.437500 0.978125 0.431944 0.978906 0.430556 0.978125 0.423611 0.978906 0.420833 0.974219 0.418056 0.972656 0.418056 0.970313 0.419444 0.967187 0.425000 0.965625 0.425000 0.964844 0.423611 0.962500 0.423611 0.955469 0.415278 0.946094 0.400000 0.945312 0.400000 0.942969 0.395833 0.940625 0.400000 0.939063 0.401389 0.938281 0.398611 0.937500 0.397222 0.936719 0.390278 0.935937 0.387500 0.934375 0.386111 0.928906 0.386111
21 0.640625 0.386111 0.635938 0.393056 0.634375 0.395833 0.630469 0.404167 0.627344 0.405556 0.624219 0.406944 0.615625 0.406944 0.612500 0.409722 0.610156 0.408333 0.608594 0.406944 0.607031 0.405556 0.603906 0.400000 0.601562 0.400000 0.600781 0.395833 0.595313 0.395833 0.588281 0.393056 0.578906 0.391667 0.577344 0.391667 0.575000 0.391667 0.572656 0.394444 0.571875 0.398611 0.571094 0.402778 0.572656 0.402778 0.574219 0.406944 0.573438 0.409722 0.577344 0.415278 0.581250 0.419444 0.582812 0.420833 0.585156 0.422222 0.586719 0.422222 0.587500 0.420833 0.589063 0.420833 0.593750 0.420833 0.595313 0.422222 0.596094 0.423611 0.596875 0.429167 0.599219 0.429167 0.600781 0.431944 0.600781 0.436111 0.602344 0.438889 0.601562 0.448611 0.601562 0.451389 0.603906 0.456944 0.603906 0.462500 0.605469 0.462500 0.607812 0.468056 0.610156 0.470833 0.612500 0.473611 0.614844 0.473611 0.616406 0.475000 0.619531 0.475000 0.619531 0.479167 0.621094 0.480556 0.624219 0.483333 0.628125 0.484722 0.633594 0.483333 0.635156 0.483333 0.636719 0.484722 0.638281 0.486111 0.639844 0.491667 0.640625 0.491667 0.642188 0.493056 0.643750 0.490278 0.643750 0.481944 0.639844 0.480556 0.641406 0.477778 0.644531 0.475000 0.644531 0.465278 0.646094 0.459722 0.646094 0.445833 0.644531 0.443056 0.644531 0.436111 0.646094 0.429167 0.646875 0.419444 0.646875 0.411111 0.646094 0.395833 0.644531 0.393056 0.646875 0.393056 0.646875 0.386111 0.642969 0.384722 0.640625 0.386111
21 0.807031 0.383333 0.808594 0.384722 0.804688 0.386111 0.810156 0.386111 0.812500 0.390278 0.815625 0.393056 0.818750 0.394444 0.820312 0.395833 0.821875 0.397222 0.825000 0.401389 0.827344 0.405556 0.828906 0.409722 0.828906 0.411111 0.829688 0.413889 0.827344 0.409722 0.828125 0.416667 0.828125 0.419444 0.831250 0.422222 0.835156 0.422222 0.842969 0.427778 0.847656 0.427778 0.849219 0.430556 0.849219 0.476389 0.851562 0.477778 0.850000 0.481944 0.848437 0.477778 0.848437 0.459722 0.849219 0.433333 0.848437 0.430556 0.845313 0.427778 0.839844 0.426389 0.830469 0.427778 0.827344 0.427778 0.810156 0.426389 0.808594 0.427778 0.806250 0.431944 0.805469 0.437500 0.804688 0.445833 0.804688 0.473611 0.803906 0.475000 0.803906 0.498611 0.803125 0.495833 0.803125 0.480556 0.801562 0.476389 0.801562 0.468056 0.800000 0.465278 0.798438 0.463889 0.796094 0.468056 0.796094 0.472222 0.793750 0.472222 0.790625 0.477778 0.789062 0.475000 0.783594 0.475000 0.782031 0.477778 0.780469 0.484722 0.779687 0.491667 0.777344 0.495833 0.775781 0.495833 0.770312 0.495833 0.768750 0.497222 0.767188 0.498611 0.766406 0.505556 0.765625 0.511111 0.764062 0.518056 0.762500 0.522222 0.759375 0.525000 0.757031 0.525000 0.755469 0.523611 0.750000 0.513889 0.749219 0.509722 0.746875 0.505556 0.745313 0.504167 0.743750 0.502778 0.741406 0.502778 0.740625 0.501389 0.739062 0.501389 0.737500 0.504167 0.734375 0.504167 0.732031 0.508333 0.721094 0.508333 0.719531 0.509722 0.716406 0.515278 0.714844 0.515278 0.709375 0.509722 0.707031 0.509722 0.704688 0.512500 0.700000 0.513889 0.699219 0.516667 0.698438 0.520833 0.697656 0.523611 0.695312 0.523611 0.694531 0.525000 0.691406 0.525000 0.683594 0.523611 0.682031 0.520833 0.681250 0.516667 0.679688 0.513889 0.676562 0.511111 0.674219 0.512500 0.675781 0.509722 0.674219 0.506944 0.674219 0.502778 0.671094 0.491667 0.666406 0.483333 0.664844 0.481944 0.662500 0.483333 0.660937 0.481944 0.657813 0.476389 0.657031 0.470833 0.657031 0.465278 0.657813 0.463889 0.657813 0.452778 0.656250 0.440278 0.656250 0.433333 0.657813 0.420833 0.657813 0.418056 0.656250 0.413889 0.656250 0.409722 0.657813 0.408333 0.657813 0.402778 0.660156 0.405556 0.661719 0.405556 0.661719 0.408333 0.662500 0.412500 0.664062 0.415278 0.667969 0.416667 0.670312 0.419444 0.671094 0.419444 0.672656 0.422222 0.674219 0.422222 0.676562 0.418056 0.678125 0.412500 0.679688 0.411111 0.677344 0.409722 0.672656 0.416667 0.671094 0.419444 0.670312 0.419444 0.671875 0.418056 0.670312 0.415278 0.670312 0.413889 0.667969 0.408333 0.660937 0.395833 0.658594 0.393056 0.656250 0.393056 0.656250 0.387500 0.657813 0.387500 0.659375 0.390278 0.663281 0.391667 0.664844 0.394444 0.664844 0.397222 0.667188 0.398611 0.667969 0.397222 0.669531 0.397222 0.674219 0.402778 0.675000 0.401389 0.678906 0.405556 0.701562 0.405556 0.703906 0.408333 0.706250 0.413889 0.707812 0.413889 0.709375 0.415278 0.710156 0.416667 0.710938 0.420833 0.714063 0.426389 0.716406 0.427778 0.719531 0.433333 0.725781 0.445833 0.726562 0.448611 0.726562 0.454167 0.728125 0.456944 0.731250 0.458333 0.735938 0.461111 0.741406 0.461111 0.746094 0.463889 0.747656 0.463889 0.752344 0.463889 0.758594 0.462500 0.761719 0.456944 0.763281 0.455556 0.764062 0.447222 0.764844 0.458333 0.765625 0.431944 0.766406 0.426389 0.767188 0.423611 0.767969 0.420833 0.768750 0.418056 0.770312 0.415278 0.774219 0.411111 0.782813 0.411111 0.787500 0.409722 0.789062 0.408333 0.793750 0.398611 0.794531 0.400000 0.797656 0.393056 0.800000 0.390278 0.803125 0.386111 0.804688 0.384722 0.807031 0.383333
21 0.079687 0.227778 0.077344 0.230556 0.074219 0.236111 0.069531 0.240278 0.067969 0.240278 0.068750 0.243056 0.071875 0.247222 0.078125 0.245833 0.082812 0.248611 0.083594 0.245833 0.083594 0.238889 0.082812 0.234722 0.082031 0.230556 0.081250 0.227778 0.079687 0.227778
23 0.846094 0.606944 0.844531 0.609722 0.848437 0.609722 0.850000 0.611111 0.847656 0.606944 0.846094 0.606944
23 0.625000 0.598611 0.624219 0.600000 0.621094 0.600000 0.638281 0.600000 0.639062 0.598611 0.643750 0.598611 0.631250 0.600000 0.625000 0.598611
23 0.172656 0.584722 0.176563 0.584722 0.177344 0.583333 0.178906 0.583333 0.172656 0.584722
23 0.016406 0.583333 0.020313 0.588889 0.022656 0.590278 0.021094 0.587500 0.020313 0.583333 0.016406 0.583333
23 0.971094 0.556944 0.968750 0.558333 0.960156 0.566667 0.956250 0.566667 0.957812 0.569444 0.962500 0.569444 0.967969 0.566667 0.971875 0.563889 0.975000 0.561111 0.976562 0.556944 0.971094 0.556944
23 0.681250 0.519444 0.683594 0.525000 0.681250 0.529167 0.674219 0.526389 0.669531 0.529167 0.674219 0.530556 0.677344 0.533333 0.681250 0.529167 0.683594 0.525000 0.691406 0.526389 0.694531 0.526389 0.698438 0.523611 0.698438 0.522222 0.700000 0.520833 0.699219 0.525000 0.698438 0.529167 0.696875 0.530556 0.689063 0.530556 0.694531 0.531944 0.695312 0.533333 0.700781 0.531944 0.702344 0.531944 0.710938 0.533333 0.717969 0.536111 0.727344 0.536111 0.732812 0.537500 0.738281 0.540278 0.746875 0.541667 0.749219 0.541667 0.750000 0.540278 0.752344 0.540278 0.757812 0.540278 0.760156 0.540278 0.764844 0.543056 0.770312 0.544444 0.776563 0.544444 0.783594 0.547222 0.786719 0.550000 0.789062 0.547222 0.791406 0.550000 0.794531 0.551389 0.798438 0.552778 0.806250 0.551389 0.807813 0.552778 0.809375 0.552778 0.811719 0.550000 0.817969 0.550000 0.819531 0.547222 0.820312 0.544444 0.819531 0.541667 0.817187 0.538889 0.819531 0.538889 0.821875 0.540278 0.823438 0.543056 0.830469 0.541667 0.832031 0.543056 0.832031 0.547222 0.833594 0.550000 0.831250 0.550000 0.828906 0.548611 0.827344 0.545833 0.822656 0.547222 0.824219 0.550000 0.827344 0.554167 0.830469 0.554167 0.831250 0.555556 0.833594 0.555556 0.835938 0.552778 0.842969 0.552778 0.855469 0.554167 0.860156 0.556944 0.872656 0.556944 0.879687 0.559722 0.883594 0.558333 0.888281 0.561111 0.896875 0.559722 0.899219 0.561111 0.901563 0.563889 0.903906 0.565278 0.907031 0.562500 0.912500 0.562500 0.914844 0.565278 0.924219 0.565278 0.930469 0.568056 0.936719 0.568056 0.941406 0.570833 0.950000 0.572222 0.954688 0.570833 0.953125 0.568056 0.951562 0.568056 0.950000 0.565278 0.950000 0.562500 0.951562 0.565278 0.953906 0.566667 0.954688 0.570833 0.955469 0.572222 0.957031 0.573611 0.960156 0.573611 0.960938 0.572222 0.964063 0.572222 0.967969 0.576389 0.970313 0.576389 0.973437 0.575000 0.976562 0.572222 0.980469 0.572222 0.983594 0.575000 0.991406 0.575000 0.994531 0.572222 0.999219 0.570833 0.999219 0.615278 0.996094 0.615278 0.995313 0.616667 0.990625 0.618056 0.985156 0.618056 0.981250 0.616667 0.980469 0.615278 0.982031 0.608333 0.984375 0.609722 0.985938 0.608333 0.986719 0.606944 0.987500 0.604167 0.988281 0.601389 0.988281 0.597222 0.987500 0.594444 0.985938 0.591667 0.983594 0.593056 0.981250 0.597222 0.982031 0.608333 0.980469 0.615278 0.978125 0.616667 0.978906 0.619444 0.975781 0.618056 0.972656 0.618056 0.964844 0.619444 0.950000 0.618056 0.943750 0.615278 0.937500 0.616667 0.936719 0.619444 0.931250 0.619444 0.926562 0.619444 0.920312 0.616667 0.921094 0.615278 0.924219 0.618056 0.927344 0.616667 0.928125 0.616667 0.933594 0.616667 0.934375 0.613889 0.932813 0.611111 0.930469 0.609722 0.927344 0.611111 0.928125 0.613889 0.928125 0.616667 0.927344 0.616667 0.925781 0.613889 0.921094 0.615278 0.920312 0.616667 0.912500 0.618056 0.899219 0.615278 0.889844 0.615278 0.889062 0.616667 0.885938 0.616667 0.888281 0.616667 0.889062 0.615278 0.901563 0.613889 0.900000 0.612500 0.901563 0.612500 0.902344 0.613889 0.904687 0.613889 0.913281 0.612500 0.920312 0.611111 0.923438 0.609722 0.925000 0.606944 0.925000 0.600000 0.919531 0.590278 0.917969 0.588889 0.916406 0.587500 0.914062 0.586111 0.911719 0.584722 0.907813 0.584722 0.899219 0.586111 0.896094 0.587500 0.892188 0.594444 0.889062 0.591667 0.887500 0.591667 0.885938 0.590278 0.881250 0.583333 0.879687 0.581944 0.877344 0.580556 0.873437 0.580556 0.861719 0.581944 0.860156 0.583333 0.857812 0.587500 0.853125 0.587500 0.850000 0.588889 0.848437 0.590278 0.846875 0.593056 0.846875 0.597222 0.846094 0.598611 0.846094 0.601389 0.846875 0.604167 0.842187 0.602778 0.838281 0.604167 0.837500 0.608333 0.831250 0.604167 0.829688 0.604167 0.828906 0.611111 0.841406 0.612500 0.827344 0.612500 0.826562 0.611111 0.822656 0.611111 0.827344 0.611111 0.828125 0.606944 0.827344 0.606944 0.821094 0.608333 0.811719 0.606944 0.806250 0.606944 0.805469 0.608333 0.800000 0.608333 0.786719 0.606944 0.783594 0.604167 0.781250 0.604167 0.771875 0.606944 0.778125 0.608333 0.769531 0.608333 0.767969 0.606944 0.771094 0.605556 0.760938 0.605556 0.764844 0.608333 0.760156 0.608333 0.759375 0.606944 0.750781 0.606944 0.757812 0.605556 0.738281 0.602778 0.733594 0.604167 0.735938 0.605556 0.734375 0.605556 0.733594 0.606944 0.731250 0.606944 0.721875 0.605556 0.717187 0.602778 0.706250 0.604167 0.699219 0.602778 0.696094 0.602778 0.690625 0.604167 0.686719 0.601389 0.685156 0.602778 0.682813 0.604167 0.680469 0.604167 0.679688 0.602778 0.677344 0.602778 0.680469 0.601389 0.675000 0.600000 0.670312 0.602778 0.653125 0.600000 0.650781 0.601389 0.649219 0.598611 0.653906 0.600000 0.654687 0.593056 0.653125 0.584722 0.653906 0.573611 0.653906 0.568056 0.653125 0.545833 0.655469 0.538889 0.656250 0.531944 0.653906 0.530556 0.653906 0.519444 0.659375 0.519444 0.657813 0.522222 0.657813 0.526389 0.660937 0.527778 0.662500 0.525000 0.662500 0.519444 0.667969 0.519444 0.668750 0.518056 0.681250 0.519444
23 0.052344 0.493056 0.042188 0.495833 0.040625 0.495833 0.039844 0.494444 0.038281 0.494444 0.036719 0.495833 0.036719 0.504167 0.034375 0.505556 0.026562 0.505556 0.028125 0.506944 0.032813 0.508333 0.038281 0.508333 0.042188 0.505556 0.046875 0.504167 0.067187 0.504167 0.067969 0.505556 0.071094 0.505556 0.068750 0.505556 0.067969 0.504167 0.059375 0.502778 0.060937 0.498611 0.059375 0.495833 0.057031 0.493056 0.052344 0.493056
23 0.390625 0.487500 0.396094 0.487500 0.400000 0.490278 0.403906 0.490278 0.400000 0.487500 0.390625 0.487500
23 0.314063 0.479167 0.312500 0.480556 0.315625 0.480556 0.316406 0.481944 0.321094 0.481944 0.319531 0.480556 0.317969 0.479167 0.314063 0.479167
23 0.329688 0.479167 0.328125 0.480556 0.326562 0.481944 0.332031 0.481944 0.337500 0.484722 0.342969 0.484722 0.343750 0.486111 0.346094 0.486111 0.344531 0.486111 0.343750 0.484722 0.341406 0.483333 0.335938 0.483333 0.333594 0.477778 0.329688 0.479167
23 0.271094 0.473611 0.267188 0.476389 0.277344 0.476389 0.278125 0.477778 0.280469 0.477778 0.278906 0.476389 0.275000 0.476389 0.271094 0.473611
23 0.240625 0.472222 0.242188 0.476389 0.236719 0.480556 0.238281 0.481944 0.239844 0.484722 0.248438 0.483333 0.250781 0.479167 0.252344 0.477778 0.255469 0.477778 0.259375 0.480556 0.266406 0.479167 0.271094 0.479167 0.274219 0.481944 0.286719 0.481944 0.292187 0.484722 0.296875 0.484722 0.297656 0.483333 0.302344 0.483333 0.307812 0.486111 0.311719 0.486111 0.312500 0.484722 0.317188 0.486111 0.320312 0.484722 0.321875 0.484722 0.329688 0.484722 0.332813 0.488889 0.342969 0.488889 0.348438 0.491667 0.357812 0.491667 0.362500 0.493056 0.363281 0.494444 0.366406 0.494444 0.376563 0.491667 0.381250 0.493056 0.389844 0.493056 0.393750 0.490278 0.398438 0.491667 0.403125 0.494444 0.405469 0.494444 0.406250 0.493056 0.407813 0.493056 0.412500 0.493056 0.414062 0.493056 0.420312 0.494444 0.423438 0.497222 0.431250 0.497222 0.435156 0.500000 0.440625 0.498611 0.446875 0.500000 0.450781 0.502778 0.460156 0.501389 0.466406 0.498611 0.473438 0.497222 0.475000 0.498611 0.476562 0.498611 0.460938 0.501389 0.466406 0.504167 0.476562 0.502778 0.481250 0.501389 0.482812 0.500000 0.482812 0.502778 0.487500 0.504167 0.492188 0.505556 0.495312 0.504167 0.499219 0.505556 0.500000 0.504167 0.504687 0.504167 0.501563 0.505556 0.505469 0.508333 0.508594 0.506944 0.509375 0.509722 0.514062 0.511111 0.518750 0.512500 0.525781 0.513889 0.529687 0.513889 0.532813 0.511111 0.539844 0.509722 0.525000 0.508333 0.518750 0.505556 0.510156 0.505556 0.513281 0.504167 0.522656 0.506944 0.528906 0.506944 0.529687 0.505556 0.535937 0.505556 0.541406 0.506944 0.546094 0.509722 0.551562 0.508333 0.553125 0.508333 0.559375 0.508333 0.561719 0.511111 0.564063 0.512500 0.576562 0.512500 0.577344 0.513889 0.580469 0.513889 0.578125 0.515278 0.583594 0.516667 0.585156 0.513889 0.607031 0.513889 0.610938 0.515278 0.614062 0.516667 0.614844 0.518056 0.616406 0.519444 0.614844 0.518056 0.610938 0.516667 0.599219 0.518056 0.602344 0.520833 0.605469 0.520833 0.606250 0.522222 0.608594 0.522222 0.609375 0.520833 0.611719 0.520833 0.618750 0.523611 0.620313 0.526389 0.622656 0.527778 0.624219 0.526389 0.625000 0.520833 0.625781 0.516667 0.629687 0.518056 0.633594 0.516667 0.639844 0.516667 0.642188 0.516667 0.642969 0.520833 0.642188 0.523611 0.639062 0.525000 0.641406 0.530556 0.641406 0.537500 0.642969 0.538889 0.642969 0.544444 0.641406 0.556944 0.641406 0.566667 0.642969 0.570833 0.642969 0.575000 0.643750 0.579167 0.644531 0.581944 0.646875 0.586111 0.647656 0.594444 0.645312 0.593056 0.642969 0.595833 0.637500 0.595833 0.634375 0.593056 0.627344 0.595833 0.617188 0.597222 0.619531 0.598611 0.610156 0.597222 0.605469 0.597222 0.602344 0.600000 0.600000 0.600000 0.598437 0.597222 0.594531 0.595833 0.592969 0.595833 0.588281 0.598611 0.584375 0.598611 0.582812 0.595833 0.581250 0.595833 0.576562 0.594444 0.571094 0.594444 0.564844 0.597222 0.563281 0.597222 0.561719 0.594444 0.556250 0.593056 0.549219 0.597222 0.541406 0.597222 0.547656 0.595833 0.537500 0.594444 0.535937 0.597222 0.529687 0.597222 0.520312 0.597222 0.518750 0.597222 0.512500 0.593056 0.506250 0.593056 0.503906 0.593056 0.501563 0.595833 0.498437 0.595833 0.500781 0.594444 0.496094 0.590278 0.493750 0.588889 0.489844 0.588889 0.485938 0.593056 0.483594 0.593056 0.483594 0.595833 0.481250 0.595833 0.482812 0.594444 0.478125 0.594444 0.479687 0.595833 0.478125 0.595833 0.476562 0.593056 0.475000 0.593056 0.469531 0.594444 0.467969 0.594444 0.462500 0.591667 0.457031 0.594444 0.456250 0.595833 0.454688 0.595833 0.449219 0.593056 0.439063 0.593056 0.437500 0.590278 0.431250 0.593056 0.423438 0.593056 0.427344 0.591667 0.427344 0.591667 0.429688 0.590278 0.431250 0.588889 0.428125 0.587500 0.427344 0.591667 0.427344 0.591667 0.425000 0.587500 0.424219 0.590278 0.421094 0.590278 0.417187 0.590278 0.416406 0.588889 0.411719 0.590278 0.415625 0.591667 0.410156 0.591667 0.407031 0.588889 0.401562 0.587500 0.386719 0.588889 0.385937 0.588889 0.385156 0.587500 0.382031 0.586111 0.375000 0.586111 0.370312 0.587500 0.367188 0.590278 0.370312 0.591667 0.371094 0.590278 0.373437 0.591667 0.384375 0.591667 0.387500 0.590278 0.385937 0.588889 0.386719 0.588889 0.394531 0.590278 0.382812 0.590278 0.375000 0.590278 0.367969 0.593056 0.364844 0.591667 0.364063 0.588889 0.345313 0.588889 0.343750 0.586111 0.342187 0.587500 0.339062 0.586111 0.331250 0.586111 0.329688 0.586111 0.329688 0.588889 0.318750 0.587500 0.318750 0.587500 0.321094 0.588889 0.321875 0.587500 0.324219 0.586111 0.321094 0.584722 0.320312 0.586111 0.318750 0.587500 0.318750 0.587500 0.314844 0.587500 0.314063 0.590278 0.308594 0.590278 0.314063 0.588889 0.309375 0.586111 0.307812 0.587500 0.307031 0.584722 0.302344 0.587500 0.306250 0.588889 0.302344 0.588889 0.301563 0.587500 0.296094 0.587500 0.299219 0.586111 0.286719 0.586111 0.291406 0.587500 0.287500 0.587500 0.285938 0.584722 0.282031 0.586111 0.281250 0.584722 0.278125 0.584722 0.272656 0.587500 0.258594 0.587500 0.256250 0.584722 0.253125 0.584722 0.246875 0.586111 0.246094 0.584722 0.239844 0.584722 0.226562 0.586111 0.225781 0.584722 0.223438 0.584722 0.225000 0.584722 0.214844 0.580556 0.209375 0.581944 0.208594 0.583333 0.204687 0.583333 0.202344 0.580556 0.197656 0.579167 0.179688 0.580556 0.171094 0.580556 0.167969 0.577778 0.157812 0.577778 0.153125 0.580556 0.161719 0.581944 0.152344 0.580556 0.147656 0.581944 0.149219 0.583333 0.147656 0.583333 0.146875 0.581944 0.136719 0.580556 0.117188 0.580556 0.128125 0.579167 0.121094 0.576389 0.119531 0.576389 0.115625 0.577778 0.114844 0.579167 0.113281 0.580556 0.114844 0.581944 0.106250 0.581944 0.110156 0.580556 0.108594 0.579167 0.107813 0.577778 0.100000 0.576389 0.096094 0.576389 0.094531 0.579167 0.092188 0.580556 0.096094 0.581944 0.092188 0.580556 0.089844 0.583333 0.074219 0.581944 0.067969 0.581944 0.067187 0.583333 0.064844 0.583333 0.071094 0.580556 0.071094 0.580556 0.078906 0.583333 0.083594 0.581944 0.080469 0.580556 0.076563 0.577778 0.074219 0.577778 0.071094 0.580556 0.071094 0.580556 0.059375 0.579167 0.054688 0.581944 0.040625 0.580556 0.035156 0.581944 0.028906 0.581944 0.026562 0.581944 0.013281 0.579167 0.000000 0.579167 0.000000 0.508333 0.002344 0.506944 0.000000 0.505556 0.000000 0.498611 0.003906 0.500000 0.006250 0.500000 0.009375 0.497222 0.012500 0.498611 0.015625 0.502778 0.020313 0.501389 0.022656 0.504167 0.020313 0.504167 0.019531 0.502778 0.012500 0.502778 0.009375 0.504167 0.007812 0.506944 0.010156 0.508333 0.015625 0.506944 0.017188 0.508333 0.020313 0.512500 0.032813 0.513889 0.045312 0.512500 0.048438 0.508333 0.056250 0.506944 0.067969 0.508333 0.071094 0.511111 0.073438 0.511111 0.076563 0.509722 0.079687 0.506944 0.083594 0.506944 0.085938 0.509722 0.089063 0.511111 0.091406 0.511111 0.092969 0.508333 0.084375 0.504167 0.078906 0.504167 0.078125 0.505556 0.072656 0.505556 0.075000 0.505556 0.075781 0.504167 0.080469 0.504167 0.083594 0.501389 0.087500 0.505556 0.091406 0.505556 0.094531 0.504167 0.095312 0.495833 0.096094 0.498611 0.097656 0.501389 0.099219 0.502778 0.105469 0.505556 0.115625 0.505556 0.117969 0.502778 0.120313 0.502778 0.126562 0.506944 0.132812 0.508333 0.135156 0.509722 0.148438 0.509722 0.151562 0.508333 0.167187 0.511111 0.171094 0.511111 0.173437 0.506944 0.176563 0.509722 0.185938 0.509722 0.190625 0.513889 0.214062 0.515278 0.216406 0.515278 0.218750 0.511111 0.219531 0.504167 0.221875 0.502778 0.224219 0.505556 0.226562 0.502778 0.226562 0.500000 0.229687 0.494444 0.228906 0.491667 0.228125 0.491667 0.226562 0.488889 0.229687 0.488889 0.230469 0.491667 0.232031 0.488889 0.232813 0.481944 0.235937 0.476389 0.239063 0.472222 0.240625 0.472222
24 0.983594 0.594444 0.982031 0.598611 0.982812 0.608333 0.984375 0.608333 0.985938 0.606944 0.986719 0.604167 0.987500 0.601389 0.987500 0.597222 0.986719 0.594444 0.983594 0.594444
24 0.658594 0.522222 0.658594 0.526389 0.660937 0.526389 0.660937 0.520833 0.658594 0.522222
24 0.155469 0.351389 0.156250 0.352778 0.160156 0.352778 0.160938 0.355556 0.160938 0.358333 0.160156 0.361111 0.158594 0.361111 0.157031 0.361111 0.154688 0.362500 0.153906 0.361111 0.156250 0.356944 0.154688 0.354167 0.153125 0.356944 0.153906 0.361111 0.154688 0.362500 0.157031 0.365278 0.154688 0.363889 0.153906 0.376389 0.152344 0.379167 0.152344 0.381944 0.153125 0.391667 0.152344 0.387500 0.150781 0.390278 0.150781 0.393056 0.152344 0.394444 0.152344 0.401389 0.150000 0.402778 0.150000 0.397222 0.150781 0.373611 0.151562 0.377778 0.152344 0.373611 0.153125 0.376389 0.153906 0.365278 0.152344 0.365278 0.151562 0.355556 0.152344 0.354167 0.149219 0.354167 0.149219 0.355556 0.150000 0.359722 0.146094 0.359722 0.145313 0.356944 0.145313 0.352778 0.146875 0.351389 0.155469 0.351389
24 0.658594 0.001389 0.666406 0.000000 0.665625 0.018056 0.665625 0.018056 0.664844 0.016667 0.664062 0.013889 0.663281 0.019444 0.664844 0.022222 0.665625 0.018056 0.665625 0.018056 0.666406 0.022222 0.665625 0.044444 0.663281 0.041667 0.664062 0.040278 0.663281 0.031944 0.662500 0.038889 0.661719 0.040278 0.662500 0.044444 0.663281 0.041667 0.665625 0.044444 0.665625 0.051389 0.664062 0.055556 0.663281 0.066667 0.663281 0.087500 0.661719 0.076389 0.660937 0.091667 0.660937 0.143056 0.660937 0.154167 0.660156 0.156944 0.660156 0.165278 0.660937 0.170833 0.661719 0.172222 0.661719 0.176389 0.660937 0.173611 0.660156 0.181944 0.661719 0.188889 0.661719 0.197222 0.660937 0.201389 0.660937 0.206944 0.659375 0.206944 0.658594 0.212500 0.658594 0.240278 0.657031 0.265278 0.656250 0.293056 0.655469 0.347222 0.656250 0.395833 0.660156 0.400000 0.658594 0.400000 0.657813 0.398611 0.656250 0.398611 0.655469 0.413889 0.657031 0.418056 0.657031 0.420833 0.655469 0.433333 0.655469 0.440278 0.657031 0.452778 0.657031 0.463889 0.656250 0.465278 0.656250 0.470833 0.657031 0.476389 0.661719 0.487500 0.660156 0.493056 0.659375 0.494444 0.658594 0.494444 0.657031 0.498611 0.656250 0.494444 0.654687 0.497222 0.654687 0.509722 0.653125 0.512500 0.653125 0.515278 0.653125 0.533333 0.654687 0.536111 0.654687 0.538889 0.652344 0.545833 0.652344 0.568056 0.653906 0.569444 0.653906 0.572222 0.652344 0.573611 0.653125 0.586111 0.653125 0.593056 0.651563 0.595833 0.650000 0.597222 0.647656 0.593056 0.647656 0.586111 0.645312 0.581944 0.644531 0.579167 0.643750 0.575000 0.643750 0.570833 0.642188 0.566667 0.642188 0.556944 0.643750 0.544444 0.643750 0.538889 0.642188 0.537500 0.642188 0.531944 0.644531 0.530556 0.642969 0.527778 0.639844 0.525000 0.642969 0.523611 0.643750 0.520833 0.643750 0.518056 0.642969 0.513889 0.643750 0.511111 0.642969 0.502778 0.643750 0.500000 0.642188 0.498611 0.642188 0.495833 0.642969 0.493056 0.644531 0.490278 0.644531 0.481944 0.646094 0.477778 0.645312 0.465278 0.646875 0.459722 0.646875 0.445833 0.645312 0.443056 0.645312 0.436111 0.646875 0.429167 0.647656 0.419444 0.647656 0.411111 0.646875 0.397222 0.648438 0.376389 0.649219 0.338889 0.649219 0.302778 0.650000 0.268056 0.650781 0.245833 0.652344 0.229167 0.652344 0.202778 0.650781 0.194444 0.653125 0.188889 0.652344 0.181944 0.653125 0.179167 0.654687 0.179167 0.652344 0.176389 0.653906 0.168056 0.652344 0.165278 0.652344 0.162500 0.653125 0.165278 0.654687 0.143056 0.654687 0.133333 0.653906 0.131944 0.653906 0.122222 0.655469 0.113889 0.655469 0.111111 0.653906 0.109722 0.655469 0.079167 0.653906 0.076389 0.655469 0.059722 0.654687 0.026389 0.654687 0.018056 0.655469 0.000000 0.658594 0.001389
25 0.832812 0.531944 0.827344 0.533333 0.828125 0.538889 0.829688 0.538889 0.832031 0.534722 0.834375 0.531944 0.832812 0.531944
25 0.672656 0.529167 0.670312 0.529167 0.674219 0.529167 0.677344 0.531944 0.678906 0.530556 0.680469 0.529167 0.674219 0.527778 0.672656 0.529167
25 0.641406 0.527778 0.642188 0.530556 0.643750 0.530556 0.641406 0.527778
25 0.659375 0.481944 0.662500 0.487500 0.661719 0.490278 0.660937 0.493056 0.659375 0.495833 0.658594 0.495833 0.657813 0.497222 0.657031 0.500000 0.656250 0.495833 0.656250 0.498611 0.655469 0.509722 0.653906 0.512500 0.653906 0.515278 0.654687 0.518056 0.657813 0.519444 0.660156 0.519444 0.660937 0.519444 0.661719 0.525000 0.662500 0.518056 0.668750 0.516667 0.680469 0.516667 0.678906 0.516667 0.673438 0.512500 0.675000 0.509722 0.673438 0.506944 0.673438 0.502778 0.670312 0.491667 0.666406 0.484722 0.664844 0.483333 0.662500 0.484722 0.660937 0.483333 0.659375 0.481944
25 0.642188 0.479167 0.640625 0.480556 0.644531 0.480556 0.645312 0.477778 0.642188 0.479167
25 0.798438 0.465278 0.796875 0.468056 0.796094 0.473611 0.793750 0.473611 0.790625 0.479167 0.789062 0.476389 0.782813 0.477778 0.782813 0.480556 0.781250 0.484722 0.780469 0.491667 0.777344 0.497222 0.775781 0.497222 0.770312 0.497222 0.767188 0.500000 0.767188 0.505556 0.766406 0.511111 0.764844 0.518056 0.763281 0.520833 0.763281 0.522222 0.762500 0.523611 0.760938 0.525000 0.759375 0.526389 0.757031 0.526389 0.755469 0.525000 0.749219 0.513889 0.748437 0.509722 0.746875 0.506944 0.745313 0.505556 0.743750 0.504167 0.741406 0.504167 0.740625 0.502778 0.739062 0.502778 0.737500 0.505556 0.734375 0.505556 0.732031 0.509722 0.721094 0.509722 0.719531 0.511111 0.716406 0.516667 0.714844 0.516667 0.709375 0.511111 0.707031 0.511111 0.704688 0.513889 0.700781 0.513889 0.700000 0.516667 0.699219 0.519444 0.700781 0.520833 0.700000 0.525000 0.698438 0.530556 0.696875 0.531944 0.689844 0.530556 0.694531 0.530556 0.695312 0.531944 0.700781 0.530556 0.702344 0.530556 0.710938 0.531944 0.717969 0.534722 0.727344 0.534722 0.732812 0.536111 0.738281 0.538889 0.746875 0.540278 0.749219 0.540278 0.750000 0.538889 0.752344 0.538889 0.757812 0.538889 0.760156 0.538889 0.764844 0.541667 0.770312 0.543056 0.776563 0.543056 0.783594 0.545833 0.786719 0.548611 0.789062 0.545833 0.791406 0.548611 0.794531 0.550000 0.798438 0.551389 0.807813 0.551389 0.809375 0.551389 0.811719 0.548611 0.818750 0.547222 0.819531 0.544444 0.818750 0.541667 0.817969 0.540278 0.813281 0.531944 0.810937 0.530556 0.807031 0.527778 0.804688 0.523611 0.803906 0.520833 0.804688 0.505556 0.804688 0.502778 0.802344 0.495833 0.802344 0.480556 0.800781 0.476389 0.800000 0.466667 0.798438 0.465278
25 0.203125 0.430556 0.203906 0.434722 0.205469 0.431944 0.203125 0.430556
25 0.443750 0.384722 0.443750 0.387500 0.444531 0.388889 0.444531 0.395833 0.449219 0.402778 0.450000 0.405556 0.450781 0.416667 0.453125 0.420833 0.454688 0.422222 0.459375 0.422222 0.460938 0.423611 0.461719 0.425000 0.462500 0.427778 0.463281 0.430556 0.463281 0.438889 0.467969 0.440278 0.470313 0.436111 0.471875 0.436111 0.474219 0.433333 0.475781 0.430556 0.475781 0.426389 0.476562 0.423611 0.478906 0.419444 0.480469 0.415278 0.481250 0.411111 0.481250 0.406944 0.480469 0.404167 0.478125 0.400000 0.477344 0.397222 0.477344 0.406944 0.476562 0.413889 0.475000 0.420833 0.474219 0.427778 0.467969 0.427778 0.466406 0.427778 0.464062 0.425000 0.461719 0.425000 0.460156 0.423611 0.457813 0.419444 0.455469 0.418056 0.453906 0.415278 0.453125 0.411111 0.453125 0.405556 0.450781 0.401389 0.448437 0.400000 0.446094 0.395833 0.445312 0.393056 0.443750 0.384722
25 0.417969 0.375000 0.416406 0.376389 0.417969 0.376389 0.418750 0.375000 0.423438 0.375000 0.428906 0.380556 0.431250 0.379167 0.432031 0.380556 0.433594 0.380556 0.434375 0.379167 0.437500 0.377778 0.435937 0.376389 0.434375 0.376389 0.427344 0.377778 0.424219 0.375000 0.417969 0.375000
25 0.489844 0.369444 0.488281 0.370833 0.485156 0.373611 0.482812 0.376389 0.478125 0.386111 0.478906 0.393056 0.480469 0.387500 0.485938 0.377778 0.485938 0.376389 0.489844 0.369444
25 0.328906 0.347222 0.331250 0.347222 0.332031 0.348611 0.335156 0.348611 0.333594 0.348611 0.332813 0.347222 0.328906 0.347222
25 0.540625 0.338889 0.542188 0.338889 0.544531 0.341667 0.548438 0.341667 0.550000 0.343056 0.553125 0.348611 0.553125 0.356944 0.554688 0.363889 0.553906 0.372222 0.555469 0.377778 0.557031 0.383333 0.560937 0.391667 0.563281 0.395833 0.564844 0.397222 0.567969 0.397222 0.569531 0.397222 0.575000 0.390278 0.578125 0.391667 0.576562 0.388889 0.571094 0.390278 0.569531 0.391667 0.567969 0.387500 0.563281 0.387500 0.563281 0.380556 0.560937 0.376389 0.560156 0.370833 0.558594 0.368056 0.556250 0.366667 0.554688 0.363889 0.556250 0.361111 0.558594 0.361111 0.558594 0.358333 0.557813 0.354167 0.557031 0.351389 0.555469 0.348611 0.555469 0.345833 0.551562 0.345833 0.548438 0.340278 0.544531 0.341667 0.542188 0.338889 0.540625 0.338889
25 0.529687 0.338889 0.524219 0.341667 0.521875 0.344444 0.519531 0.344444 0.517188 0.341667 0.514844 0.344444 0.509375 0.344444 0.506250 0.348611 0.501563 0.348611 0.497656 0.355556 0.496094 0.355556 0.493750 0.358333 0.492188 0.361111 0.492188 0.363889 0.490625 0.366667 0.493750 0.361111 0.496875 0.356944 0.498437 0.355556 0.500000 0.354167 0.502344 0.352778 0.507031 0.352778 0.508594 0.351389 0.511719 0.345833 0.525781 0.345833 0.527344 0.344444 0.528906 0.343056 0.531250 0.338889 0.534375 0.338889 0.529687 0.338889
25 0.020313 0.216667 0.023438 0.218056 0.025781 0.222222 0.028125 0.222222 0.030469 0.226389 0.030469 0.227778 0.033594 0.231944 0.036719 0.236111 0.036719 0.238889 0.039844 0.241667 0.043750 0.240278 0.046094 0.241667 0.047656 0.244444 0.049219 0.245833 0.054688 0.245833 0.057813 0.247222 0.060156 0.244444 0.061719 0.244444 0.062500 0.241667 0.067969 0.241667 0.071875 0.248611 0.077344 0.247222 0.081250 0.248611 0.082031 0.251389 0.080469 0.252778 0.079687 0.254167 0.078125 0.252778 0.075781 0.251389 0.073438 0.250000 0.070312 0.248611 0.067969 0.248611 0.065625 0.251389 0.061719 0.251389 0.058594 0.254167 0.053125 0.254167 0.050000 0.251389 0.048438 0.251389 0.045312 0.248611 0.042188 0.250000 0.043750 0.251389 0.044531 0.252778 0.048438 0.251389 0.050000 0.251389 0.050000 0.255556 0.050781 0.255556 0.052344 0.258333 0.053906 0.258333 0.055469 0.261111 0.059375 0.263889 0.060937 0.263889 0.064062 0.261111 0.071875 0.262500 0.074219 0.266667 0.074219 0.268056 0.075781 0.270833 0.079687 0.272222 0.082031 0.277778 0.082812 0.277778 0.086719 0.286111 0.089844 0.291667 0.091406 0.293056 0.092969 0.294444 0.092188 0.288889 0.091406 0.288889 0.089844 0.286111 0.088281 0.280556 0.085938 0.276389 0.085156 0.276389 0.083594 0.273611 0.082812 0.270833 0.082812 0.262500 0.082031 0.258333 0.079687 0.254167 0.080469 0.252778 0.083594 0.259722 0.085156 0.262500 0.085938 0.262500 0.088281 0.266667 0.089063 0.269444 0.089063 0.272222 0.090625 0.275000 0.091406 0.281944 0.092969 0.284722 0.092969 0.287500 0.096094 0.288889 0.099219 0.294444 0.099219 0.298611 0.100781 0.300000 0.101562 0.306944 0.102344 0.309722 0.103125 0.311111 0.103906 0.311111 0.105469 0.313889 0.109375 0.322222 0.110156 0.327778 0.112500 0.333333 0.111719 0.333333 0.108594 0.327778 0.107031 0.320833 0.105469 0.318056 0.104688 0.318056 0.103125 0.315278 0.102344 0.318056 0.104688 0.322222 0.107031 0.331944 0.109375 0.336111 0.110156 0.340278 0.110156 0.345833 0.109375 0.347222 0.110156 0.354167 0.108594 0.376389 0.109375 0.380556 0.111719 0.384722 0.111719 0.387500 0.110937 0.394444 0.111719 0.400000 0.112500 0.404167 0.113281 0.405556 0.114062 0.408333 0.114844 0.400000 0.113281 0.395833 0.113281 0.383333 0.111719 0.379167 0.110937 0.373611 0.110937 0.368056 0.112500 0.356944 0.112500 0.337500 0.111719 0.333333 0.112500 0.333333 0.112500 0.341667 0.113281 0.347222 0.114844 0.351389 0.114844 0.354167 0.113281 0.363889 0.113281 0.370833 0.114062 0.372222 0.114062 0.380556 0.114844 0.390278 0.116406 0.394444 0.116406 0.398611 0.117969 0.401389 0.123438 0.408333 0.124219 0.409722 0.125000 0.412500 0.128125 0.412500 0.137500 0.411111 0.142969 0.412500 0.144531 0.415278 0.146094 0.412500 0.149219 0.411111 0.148438 0.412500 0.145313 0.418056 0.143750 0.419444 0.139844 0.419444 0.136719 0.413889 0.135156 0.412500 0.132812 0.412500 0.130469 0.415278 0.125781 0.416667 0.125000 0.418056 0.126562 0.415278 0.119531 0.412500 0.116406 0.413889 0.117969 0.415278 0.118750 0.416667 0.121875 0.418056 0.125000 0.418056 0.125781 0.416667 0.127344 0.418056 0.128906 0.420833 0.134375 0.419444 0.136719 0.420833 0.138281 0.423611 0.143750 0.425000 0.146875 0.422222 0.148438 0.419444 0.149219 0.419444 0.150000 0.415278 0.151562 0.418056 0.153906 0.418056 0.155469 0.415278 0.151562 0.412500 0.148438 0.412500 0.149219 0.411111 0.150000 0.404167 0.151562 0.404167 0.153125 0.401389 0.153125 0.400000 0.154688 0.397222 0.157031 0.395833 0.158594 0.393056 0.159375 0.390278 0.159375 0.386111 0.157812 0.383333 0.157812 0.380556 0.159375 0.380556 0.159375 0.372222 0.160938 0.366667 0.160156 0.362500 0.160938 0.359722 0.162500 0.362500 0.164062 0.361111 0.163281 0.363889 0.166406 0.368056 0.163281 0.373611 0.164062 0.377778 0.165625 0.375000 0.169531 0.372222 0.173437 0.370833 0.175000 0.370833 0.179688 0.373611 0.183594 0.373611 0.183594 0.376389 0.185156 0.377778 0.185156 0.387500 0.187500 0.391667 0.187500 0.376389 0.188281 0.380556 0.191406 0.386111 0.192188 0.386111 0.194531 0.390278 0.198437 0.398611 0.200000 0.400000 0.202344 0.400000 0.206250 0.402778 0.206250 0.405556 0.207031 0.406944 0.207031 0.409722 0.205469 0.408333 0.204687 0.405556 0.202344 0.404167 0.200000 0.400000 0.197656 0.398611 0.195312 0.394444 0.193750 0.393056 0.192188 0.394444 0.193750 0.397222 0.193750 0.398611 0.196875 0.404167 0.198437 0.405556 0.200000 0.405556 0.201563 0.406944 0.201563 0.412500 0.200781 0.420833 0.196875 0.422222 0.198437 0.427778 0.199219 0.429167 0.201563 0.431944 0.200000 0.431944 0.197656 0.436111 0.199219 0.440278 0.200781 0.440278 0.202344 0.444444 0.203125 0.448611 0.203906 0.451389 0.204687 0.452778 0.206250 0.454167 0.210938 0.458333 0.212500 0.458333 0.214844 0.456944 0.217188 0.452778 0.217188 0.445833 0.218750 0.444444 0.217969 0.438889 0.218750 0.436111 0.221094 0.433333 0.223438 0.433333 0.224219 0.431944 0.225781 0.430556 0.223438 0.429167 0.222656 0.430556 0.219531 0.430556 0.221094 0.430556 0.222656 0.427778 0.225000 0.429167 0.229687 0.422222 0.231250 0.419444 0.231250 0.420833 0.228906 0.425000 0.231250 0.426389 0.231250 0.420833 0.231250 0.419444 0.235937 0.419444 0.239063 0.423611 0.239063 0.423611 0.237500 0.425000 0.239063 0.427778 0.240625 0.426389 0.239063 0.423611 0.239063 0.423611 0.239844 0.423611 0.241406 0.425000 0.242188 0.426389 0.242188 0.427778 0.242969 0.430556 0.240625 0.426389 0.242188 0.436111 0.242969 0.433333 0.244531 0.434722 0.244531 0.436111 0.246094 0.440278 0.247656 0.443056 0.249219 0.443056 0.261719 0.443056 0.261719 0.444444 0.262500 0.445833 0.264062 0.447222 0.265625 0.447222 0.267188 0.445833 0.268750 0.440278 0.268750 0.434722 0.271094 0.433333 0.272656 0.430556 0.272656 0.425000 0.273438 0.422222 0.274219 0.425000 0.275000 0.419444 0.277344 0.416667 0.278125 0.415278 0.279687 0.415278 0.282813 0.409722 0.276562 0.412500 0.278125 0.415278 0.277344 0.416667 0.277344 0.413889 0.275000 0.415278 0.275000 0.409722 0.278125 0.408333 0.278906 0.406944 0.278906 0.405556 0.282031 0.402778 0.285938 0.393056 0.286719 0.388889 0.288281 0.386111 0.288281 0.384722 0.289062 0.383333 0.292187 0.379167 0.294531 0.376389 0.296094 0.375000 0.298438 0.373611 0.301563 0.373611 0.299219 0.373611 0.296875 0.375000 0.292969 0.381944 0.289844 0.384722 0.285938 0.391667 0.285156 0.398611 0.283594 0.402778 0.282813 0.405556 0.283594 0.408333 0.286719 0.402778 0.289062 0.391667 0.290625 0.388889 0.291406 0.388889 0.293750 0.384722 0.295312 0.384722 0.296875 0.383333 0.298438 0.379167 0.300000 0.377778 0.302344 0.377778 0.303906 0.376389 0.306250 0.370833 0.307812 0.370833 0.310937 0.366667 0.312500 0.363889 0.308594 0.365278 0.306250 0.366667 0.303125 0.372222 0.307031 0.365278 0.309375 0.362500 0.310937 0.362500 0.312500 0.361111 0.314844 0.356944 0.316406 0.355556 0.321875 0.351389 0.323437 0.351389 0.324219 0.350000 0.325781 0.348611 0.323437 0.352778 0.321094 0.354167 0.318750 0.354167 0.317188 0.355556 0.311719 0.362500 0.314063 0.363889 0.316406 0.362500 0.317969 0.361111 0.321094 0.356944 0.324219 0.355556 0.326562 0.354167 0.329688 0.352778 0.336719 0.352778 0.342187 0.354167 0.345313 0.355556 0.348438 0.356944 0.350781 0.361111 0.353125 0.363889 0.355469 0.362500 0.351562 0.355556 0.349219 0.352778 0.345313 0.351389 0.343750 0.348611 0.341406 0.348611 0.344531 0.348611 0.348438 0.351389 0.350000 0.352778 0.353125 0.358333 0.357031 0.359722 0.360156 0.365278 0.360938 0.366667 0.357812 0.363889 0.355469 0.365278 0.359375 0.369444 0.360156 0.370833 0.364063 0.379167 0.364063 0.373611 0.362500 0.369444 0.360938 0.366667 0.360156 0.365278 0.362500 0.366667 0.363281 0.368056 0.365625 0.373611 0.366406 0.373611 0.367969 0.376389 0.367969 0.377778 0.370312 0.379167 0.371875 0.380556 0.372656 0.381944 0.373437 0.384722 0.373437 0.387500 0.375781 0.394444 0.376563 0.395833 0.378125 0.397222 0.376563 0.395833 0.374219 0.391667 0.371094 0.388889 0.368750 0.384722 0.367188 0.386111 0.371094 0.393056 0.371094 0.394444 0.375000 0.401389 0.378125 0.401389 0.377344 0.408333 0.377344 0.413889 0.378906 0.420833 0.381250 0.412500 0.380469 0.401389 0.382812 0.406944 0.382812 0.413889 0.384375 0.419444 0.384375 0.423611 0.386719 0.425000 0.387500 0.429167 0.386719 0.430556 0.382812 0.427778 0.381250 0.429167 0.382812 0.431944 0.384375 0.433333 0.385937 0.433333 0.387500 0.436111 0.389844 0.434722 0.386719 0.430556 0.387500 0.429167 0.392188 0.429167 0.394531 0.429167 0.396094 0.427778 0.398438 0.422222 0.399219 0.419444 0.399219 0.416667 0.400781 0.413889 0.400781 0.411111 0.402344 0.408333 0.402344 0.406944 0.403125 0.405556 0.403906 0.405556 0.404687 0.404167 0.405469 0.401389 0.406250 0.395833 0.408594 0.391667 0.408594 0.384722 0.410938 0.384722 0.412500 0.381944 0.411719 0.384722 0.410938 0.387500 0.409375 0.391667 0.407031 0.395833 0.406250 0.398611 0.405469 0.406944 0.402344 0.412500 0.401562 0.415278 0.401562 0.427778 0.400000 0.430556 0.403906 0.427778 0.403906 0.420833 0.405469 0.412500 0.406250 0.413889 0.407813 0.411111 0.408594 0.408333 0.409375 0.404167 0.410938 0.401389 0.411719 0.397222 0.412500 0.397222 0.413281 0.395833 0.414062 0.393056 0.414844 0.390278 0.414844 0.387500 0.415625 0.384722 0.419531 0.380556 0.421875 0.380556 0.425000 0.384722 0.425000 0.387500 0.425781 0.390278 0.428125 0.394444 0.434375 0.387500 0.435937 0.387500 0.439063 0.383333 0.439063 0.388889 0.440625 0.395833 0.442969 0.400000 0.445312 0.408333 0.445312 0.411111 0.447656 0.419444 0.451562 0.426389 0.457031 0.433333 0.457813 0.433333 0.458594 0.437500 0.460156 0.441667 0.461719 0.444444 0.464844 0.444444 0.465625 0.445833 0.470313 0.448611 0.472656 0.445833 0.473438 0.440278 0.476562 0.437500 0.478125 0.437500 0.481250 0.440278 0.483594 0.436111 0.484375 0.433333 0.483594 0.430556 0.482812 0.429167 0.482031 0.427778 0.478906 0.425000 0.484375 0.416667 0.485156 0.413889 0.484375 0.408333 0.486719 0.406944 0.487500 0.401389 0.484375 0.398611 0.482031 0.398611 0.481250 0.395833 0.483594 0.393056 0.483594 0.390278 0.485938 0.391667 0.487500 0.390278 0.488281 0.388889 0.489063 0.384722 0.491406 0.384722 0.492188 0.380556 0.489844 0.379167 0.489844 0.376389 0.492188 0.370833 0.493750 0.368056 0.499219 0.368056 0.500781 0.363889 0.501563 0.359722 0.503125 0.356944 0.508594 0.356944 0.510938 0.355556 0.514844 0.351389 0.517969 0.350000 0.521094 0.350000 0.524219 0.352778 0.525781 0.352778 0.526563 0.351389 0.528906 0.351389 0.532031 0.350000 0.532813 0.344444 0.535937 0.341667 0.538281 0.341667 0.539844 0.343056 0.541406 0.345833 0.544531 0.347222 0.542969 0.348611 0.545312 0.350000 0.546875 0.350000 0.548438 0.348611 0.547656 0.351389 0.547656 0.352778 0.545312 0.354167 0.545312 0.359722 0.547656 0.361111 0.550781 0.366667 0.549219 0.369444 0.547656 0.369444 0.547656 0.373611 0.551562 0.379167 0.552344 0.381944 0.552344 0.386111 0.550781 0.388889 0.555469 0.391667 0.557031 0.393056 0.558594 0.394444 0.558594 0.398611 0.560937 0.402778 0.562500 0.404167 0.565625 0.405556 0.571875 0.402778 0.573438 0.406944 0.572656 0.409722 0.574219 0.412500 0.577344 0.416667 0.581250 0.420833 0.582812 0.422222 0.585156 0.423611 0.586719 0.423611 0.587500 0.422222 0.589063 0.422222 0.593750 0.422222 0.595313 0.423611 0.596094 0.426389 0.596094 0.429167 0.599219 0.430556 0.600000 0.436111 0.601562 0.438889 0.600781 0.448611 0.600781 0.451389 0.603125 0.456944 0.603125 0.462500 0.605469 0.463889 0.607031 0.466667 0.607031 0.468056 0.607812 0.469444 0.608594 0.469444 0.612500 0.475000 0.614844 0.475000 0.617188 0.477778 0.617969 0.475000 0.619531 0.480556 0.621094 0.481944 0.624219 0.484722 0.628125 0.486111 0.633594 0.484722 0.635156 0.484722 0.638281 0.487500 0.638281 0.490278 0.639844 0.493056 0.642188 0.494444 0.641406 0.498611 0.642969 0.500000 0.642188 0.502778 0.642969 0.511111 0.642188 0.513889 0.639062 0.516667 0.633594 0.515278 0.630469 0.516667 0.627344 0.513889 0.625000 0.516667 0.624219 0.525000 0.622656 0.526389 0.620313 0.525000 0.618750 0.522222 0.614844 0.520833 0.611719 0.519444 0.609375 0.519444 0.608594 0.520833 0.606250 0.520833 0.605469 0.519444 0.602344 0.519444 0.601562 0.518056 0.600000 0.518056 0.610938 0.518056 0.615625 0.520833 0.617188 0.519444 0.615625 0.516667 0.614062 0.515278 0.610938 0.513889 0.607031 0.512500 0.585156 0.512500 0.583594 0.515278 0.578906 0.515278 0.581250 0.513889 0.576562 0.511111 0.564063 0.511111 0.561719 0.509722 0.560156 0.506944 0.553125 0.506944 0.551562 0.506944 0.546094 0.508333 0.541406 0.505556 0.535937 0.504167 0.529687 0.504167 0.528906 0.505556 0.522656 0.505556 0.513281 0.502778 0.509375 0.505556 0.518750 0.506944 0.525000 0.509722 0.539062 0.509722 0.532813 0.509722 0.529687 0.512500 0.525781 0.512500 0.518750 0.511111 0.513281 0.508333 0.509375 0.508333 0.508594 0.505556 0.505469 0.506944 0.502344 0.505556 0.505469 0.504167 0.499219 0.504167 0.495312 0.502778 0.492969 0.504167 0.486719 0.501389 0.483594 0.500000 0.476562 0.501389 0.466406 0.502778 0.461719 0.501389 0.475781 0.501389 0.477344 0.498611 0.475000 0.497222 0.466406 0.497222 0.460156 0.500000 0.450781 0.501389 0.446875 0.498611 0.440625 0.497222 0.435156 0.498611 0.431250 0.495833 0.423438 0.495833 0.420312 0.493056 0.414062 0.491667 0.412500 0.491667 0.407813 0.491667 0.406250 0.491667 0.405469 0.493056 0.403125 0.493056 0.398438 0.490278 0.394531 0.488889 0.396094 0.488889 0.400000 0.491667 0.404687 0.490278 0.403125 0.488889 0.402344 0.487500 0.400000 0.486111 0.389844 0.487500 0.396094 0.488889 0.394531 0.488889 0.390625 0.491667 0.381250 0.491667 0.377344 0.490278 0.366406 0.493056 0.363281 0.493056 0.362500 0.491667 0.357812 0.490278 0.348438 0.490278 0.342969 0.487500 0.343750 0.487500 0.346875 0.486111 0.341406 0.481944 0.335938 0.481944 0.334375 0.479167 0.334375 0.477778 0.329688 0.477778 0.328125 0.479167 0.325781 0.481944 0.332031 0.483333 0.337500 0.486111 0.343750 0.487500 0.342969 0.487500 0.332813 0.487500 0.330469 0.483333 0.321875 0.483333 0.321875 0.481944 0.317969 0.477778 0.314063 0.477778 0.313281 0.479167 0.311719 0.480556 0.316406 0.483333 0.321875 0.481944 0.321875 0.483333 0.320312 0.483333 0.317188 0.484722 0.312500 0.483333 0.311719 0.484722 0.307812 0.484722 0.302344 0.481944 0.297656 0.481944 0.296875 0.483333 0.292187 0.483333 0.286719 0.480556 0.274219 0.480556 0.271094 0.477778 0.266406 0.477778 0.266406 0.476389 0.278125 0.479167 0.281250 0.477778 0.279687 0.476389 0.278906 0.475000 0.275000 0.475000 0.271094 0.472222 0.267969 0.473611 0.266406 0.476389 0.266406 0.477778 0.259375 0.479167 0.255469 0.476389 0.252344 0.476389 0.250781 0.477778 0.248438 0.481944 0.239844 0.483333 0.237500 0.480556 0.242188 0.477778 0.240625 0.470833 0.239063 0.470833 0.235937 0.475000 0.232031 0.481944 0.231250 0.488889 0.230469 0.490278 0.225781 0.488889 0.228125 0.493056 0.230469 0.490278 0.231250 0.488889 0.228906 0.494444 0.225781 0.500000 0.225781 0.502778 0.221875 0.501389 0.220312 0.501389 0.218750 0.504167 0.217969 0.511111 0.216406 0.513889 0.214062 0.513889 0.190625 0.512500 0.185938 0.508333 0.176563 0.508333 0.174219 0.505556 0.171094 0.509722 0.167187 0.509722 0.152344 0.506944 0.148438 0.508333 0.135156 0.508333 0.133594 0.508333 0.132812 0.505556 0.126562 0.505556 0.120313 0.501389 0.117969 0.501389 0.115625 0.504167 0.105469 0.504167 0.104688 0.502778 0.100000 0.502778 0.099219 0.500000 0.097656 0.500000 0.096875 0.495833 0.094531 0.502778 0.092188 0.502778 0.091406 0.504167 0.087500 0.504167 0.083594 0.500000 0.080469 0.502778 0.075781 0.502778 0.071875 0.505556 0.071875 0.505556 0.067969 0.502778 0.060156 0.502778 0.061719 0.498611 0.059375 0.494444 0.057031 0.491667 0.052344 0.491667 0.042188 0.494444 0.040625 0.494444 0.039844 0.493056 0.038281 0.493056 0.036719 0.494444 0.036719 0.502778 0.035156 0.502778 0.034375 0.504167 0.025781 0.505556 0.027344 0.506944 0.028125 0.508333 0.032813 0.509722 0.038281 0.509722 0.042188 0.506944 0.046875 0.505556 0.067969 0.506944 0.071875 0.505556 0.071875 0.505556 0.078125 0.506944 0.078906 0.505556 0.084375 0.505556 0.092188 0.506944 0.089063 0.509722 0.085938 0.508333 0.083594 0.505556 0.079687 0.505556 0.076563 0.508333 0.073438 0.509722 0.071094 0.509722 0.067969 0.506944 0.056250 0.505556 0.048438 0.506944 0.045312 0.511111 0.032813 0.512500 0.020313 0.511111 0.017188 0.506944 0.015625 0.505556 0.010937 0.505556 0.010156 0.506944 0.008594 0.506944 0.011719 0.505556 0.012500 0.504167 0.020313 0.505556 0.023438 0.504167 0.021094 0.500000 0.015625 0.501389 0.012500 0.497222 0.009375 0.495833 0.006250 0.498611 0.003906 0.498611 0.000000 0.497222 0.000000 0.251389 0.002344 0.250000 0.007812 0.238889 0.009375 0.236111 0.013281 0.230556 0.015625 0.227778 0.017188 0.226389 0.018750 0.227778 0.021094 0.229167 0.025000 0.229167 0.028125 0.237500 0.031250 0.243056 0.032813 0.244444 0.032031 0.238889 0.031250 0.236111 0.031250 0.233333 0.029687 0.229167 0.027344 0.225000 0.025781 0.223611 0.023438 0.222222 0.018750 0.220833 0.013281 0.220833 0.011719 0.222222 0.004687 0.234722 0.000000 0.237500 0.000000 0.226389 0.002344 0.226389 0.005469 0.223611 0.006250 0.226389 0.007812 0.226389 0.008594 0.219444 0.010156 0.216667 0.020313 0.216667
25 0.989844 0.179167 0.992969 0.180556 0.995313 0.181944 0.999219 0.184722 0.999219 0.372222 0.996875 0.373611 0.996094 0.376389 0.996094 0.383333 0.994531 0.387500 0.993750 0.398611 0.993750 0.412500 0.992188 0.420833 0.991406 0.437500 0.991406 0.441667 0.992188 0.443056 0.992188 0.448611 0.994531 0.450000 0.992969 0.451389 0.991406 0.454167 0.990625 0.461111 0.990625 0.463889 0.991406 0.469444 0.990625 0.479167 0.992188 0.488889 0.992188 0.500000 0.992188 0.518056 0.993750 0.512500 0.995313 0.506944 0.994531 0.500000 0.996094 0.500000 0.997656 0.502778 0.999219 0.501389 0.999219 0.506944 0.996875 0.509722 0.995313 0.509722 0.993750 0.512500 0.992969 0.515278 0.992188 0.519444 0.992188 0.529167 0.992969 0.540278 0.994531 0.544444 0.994531 0.551389 0.992969 0.552778 0.994531 0.555556 0.995313 0.559722 0.996875 0.562500 0.999219 0.561111 0.999219 0.569444 0.997656 0.570833 0.994531 0.570833 0.991406 0.573611 0.983594 0.573611 0.981250 0.572222 0.978125 0.570833 0.978125 0.559722 0.977344 0.556944 0.971094 0.555556 0.968750 0.556944 0.968750 0.551389 0.974219 0.552778 0.975000 0.548611 0.973437 0.545833 0.973437 0.544444 0.972656 0.543056 0.971094 0.541667 0.969531 0.541667 0.968750 0.543056 0.967187 0.544444 0.967969 0.548611 0.968750 0.551389 0.968750 0.556944 0.961719 0.563889 0.960156 0.565278 0.958594 0.563889 0.956250 0.565278 0.956250 0.568056 0.954688 0.566667 0.953906 0.565278 0.951562 0.563889 0.952344 0.559722 0.951562 0.552778 0.948438 0.554167 0.948438 0.561111 0.949219 0.565278 0.951562 0.570833 0.950000 0.570833 0.941406 0.569444 0.936719 0.566667 0.930469 0.566667 0.924219 0.563889 0.914844 0.563889 0.912500 0.561111 0.907031 0.561111 0.903906 0.563889 0.901563 0.562500 0.899219 0.559722 0.896875 0.558333 0.888281 0.559722 0.884375 0.556944 0.879687 0.558333 0.872656 0.555556 0.860156 0.555556 0.855469 0.552778 0.842969 0.551389 0.835938 0.551389 0.833594 0.554167 0.831250 0.554167 0.830469 0.552778 0.827344 0.552778 0.825000 0.548611 0.823438 0.547222 0.827344 0.547222 0.828906 0.550000 0.831250 0.551389 0.834375 0.550000 0.832812 0.547222 0.832031 0.544444 0.833594 0.541667 0.835938 0.540278 0.837500 0.537500 0.840625 0.540278 0.844531 0.534722 0.847656 0.527778 0.848437 0.525000 0.849219 0.522222 0.849219 0.493056 0.851562 0.491667 0.850000 0.484722 0.850781 0.481944 0.850781 0.480556 0.852344 0.479167 0.853906 0.483333 0.853125 0.486111 0.854688 0.488889 0.855469 0.490278 0.860156 0.491667 0.864844 0.494444 0.866406 0.494444 0.868750 0.494444 0.870313 0.493056 0.872656 0.487500 0.874219 0.486111 0.878125 0.486111 0.877344 0.480556 0.878906 0.480556 0.880469 0.476389 0.883594 0.477778 0.884375 0.480556 0.882812 0.481944 0.881250 0.480556 0.878906 0.481944 0.879687 0.486111 0.878125 0.486111 0.875781 0.487500 0.873437 0.491667 0.878125 0.490278 0.879687 0.490278 0.881250 0.487500 0.882812 0.486111 0.889062 0.486111 0.892969 0.481944 0.896094 0.480556 0.900000 0.479167 0.903906 0.480556 0.905469 0.481944 0.906250 0.483333 0.907031 0.486111 0.907813 0.488889 0.907813 0.491667 0.907031 0.493056 0.907031 0.495833 0.911719 0.495833 0.911719 0.504167 0.912500 0.511111 0.913281 0.513889 0.917188 0.520833 0.918750 0.522222 0.921875 0.523611 0.928906 0.526389 0.933594 0.527778 0.935937 0.527778 0.939063 0.523611 0.944531 0.523611 0.946875 0.520833 0.949219 0.522222 0.952344 0.526389 0.953125 0.530556 0.951562 0.531944 0.948438 0.533333 0.946875 0.534722 0.946094 0.538889 0.948438 0.545833 0.950781 0.551389 0.951562 0.547222 0.952344 0.545833 0.951562 0.541667 0.950781 0.541667 0.950000 0.540278 0.949219 0.537500 0.953125 0.536111 0.954688 0.534722 0.957031 0.530556 0.957031 0.520833 0.959375 0.519444 0.961719 0.516667 0.965625 0.516667 0.966406 0.525000 0.967187 0.513889 0.967969 0.509722 0.970313 0.504167 0.974219 0.505556 0.977344 0.502778 0.980469 0.501389 0.979688 0.502778 0.978906 0.511111 0.979688 0.512500 0.980469 0.523611 0.981250 0.506944 0.980469 0.505556 0.979688 0.502778 0.980469 0.501389 0.981250 0.498611 0.982031 0.484722 0.982812 0.465278 0.982031 0.454167 0.981250 0.444444 0.978906 0.437500 0.978906 0.431944 0.979688 0.430556 0.978906 0.422222 0.978906 0.419444 0.979688 0.412500 0.978125 0.400000 0.977344 0.394444 0.976562 0.391667 0.975781 0.388889 0.972656 0.383333 0.971875 0.379167 0.966406 0.369444 0.963281 0.368056 0.957812 0.368056 0.956250 0.369444 0.954688 0.370833 0.943750 0.390278 0.942969 0.394444 0.940625 0.398611 0.939063 0.400000 0.937500 0.390278 0.936719 0.387500 0.935937 0.386111 0.940625 0.373611 0.942187 0.372222 0.942969 0.370833 0.943750 0.368056 0.944531 0.365278 0.944531 0.362500 0.942969 0.359722 0.936719 0.359722 0.933594 0.362500 0.935937 0.363889 0.937500 0.365278 0.939063 0.368056 0.940625 0.373611 0.935937 0.386111 0.934375 0.384722 0.928906 0.384722 0.927344 0.386111 0.924219 0.390278 0.923438 0.387500 0.924219 0.383333 0.926562 0.377778 0.925000 0.376389 0.921875 0.377778 0.921875 0.383333 0.922656 0.384722 0.923438 0.387500 0.924219 0.390278 0.922656 0.390278 0.920312 0.390278 0.919531 0.387500 0.916406 0.387500 0.914844 0.387500 0.912500 0.384722 0.910937 0.384722 0.907031 0.386111 0.903125 0.387500 0.906250 0.387500 0.907813 0.384722 0.910156 0.383333 0.912500 0.381944 0.916406 0.380556 0.914844 0.379167 0.914062 0.377778 0.910937 0.377778 0.910156 0.379167 0.906250 0.379167 0.903906 0.381944 0.902344 0.377778 0.893750 0.363889 0.891406 0.362500 0.894531 0.358333 0.895312 0.355556 0.896094 0.350000 0.897656 0.347222 0.896875 0.345833 0.898438 0.340278 0.899219 0.337500 0.900781 0.338889 0.900781 0.333333 0.901563 0.336111 0.903125 0.333333 0.904687 0.327778 0.904687 0.319444 0.903906 0.315278 0.902344 0.312500 0.903906 0.311111 0.901563 0.302778 0.900781 0.295833 0.903125 0.290278 0.903125 0.287500 0.905469 0.283333 0.907813 0.280556 0.912500 0.276389 0.914844 0.275000 0.917188 0.273611 0.925000 0.269444 0.928125 0.268056 0.931250 0.268056 0.932813 0.265278 0.932031 0.262500 0.931250 0.262500 0.929688 0.259722 0.924219 0.254167 0.921875 0.252778 0.923438 0.251389 0.924219 0.244444 0.925000 0.241667 0.925781 0.238889 0.928906 0.233333 0.930469 0.226389 0.932813 0.219444 0.936719 0.211111 0.937500 0.209722 0.939063 0.208333 0.942187 0.206944 0.945312 0.206944 0.946875 0.205556 0.948438 0.204167 0.950781 0.200000 0.953125 0.198611 0.954688 0.197222 0.955469 0.195833 0.956250 0.193056 0.958594 0.193056 0.959375 0.190278 0.962500 0.187500 0.966406 0.188889 0.970313 0.187500 0.975000 0.186111 0.978125 0.184722 0.979688 0.181944 0.981250 0.180556 0.982812 0.181944 0.982812 0.179167 0.985938 0.177778 0.989844 0.179167
27 0.879687 0.481944 0.879687 0.487500 0.875781 0.488889 0.874219 0.491667 0.873437 0.494444 0.875000 0.493056 0.876563 0.490278 0.878125 0.488889 0.879687 0.488889 0.881250 0.486111 0.882812 0.484722 0.885156 0.484722 0.881250 0.481944 0.879687 0.481944
27 0.223438 0.430556 0.222656 0.431944 0.218750 0.431944 0.217188 0.433333 0.217188 0.436111 0.219531 0.434722 0.221094 0.431944 0.223438 0.431944 0.225000 0.430556 0.223438 0.430556
27 0.381250 0.427778 0.382812 0.430556 0.384375 0.431944 0.385937 0.431944 0.387500 0.434722 0.389062 0.434722 0.386719 0.431944 0.382812 0.429167 0.381250 0.427778
27 0.151562 0.413889 0.151562 0.416667 0.154688 0.415278 0.151562 0.413889
27 0.116406 0.412500 0.117969 0.413889 0.118750 0.415278 0.121875 0.416667 0.125781 0.415278 0.127344 0.416667 0.128906 0.419444 0.134375 0.418056 0.136719 0.419444 0.138281 0.422222 0.143750 0.423611 0.145313 0.422222 0.146875 0.420833 0.149219 0.418056 0.150000 0.413889 0.148438 0.413889 0.145313 0.419444 0.143750 0.420833 0.139844 0.420833 0.136719 0.415278 0.135156 0.413889 0.132812 0.413889 0.130469 0.416667 0.126562 0.416667 0.120313 0.415278 0.119531 0.413889 0.116406 0.412500
27 0.657813 0.394444 0.660937 0.400000 0.658594 0.401389 0.657813 0.400000 0.656250 0.400000 0.657031 0.408333 0.657813 0.401389 0.662500 0.405556 0.664062 0.413889 0.667969 0.415278 0.672656 0.420833 0.674219 0.420833 0.675781 0.418056 0.677344 0.413889 0.677344 0.412500 0.678125 0.411111 0.679688 0.409722 0.682031 0.409722 0.679688 0.409722 0.677344 0.411111 0.673438 0.418056 0.671875 0.419444 0.669531 0.415278 0.667188 0.408333 0.660937 0.397222 0.660156 0.397222 0.657813 0.394444
27 0.192969 0.394444 0.194531 0.397222 0.194531 0.398611 0.196875 0.402778 0.198437 0.404167 0.200000 0.404167 0.201563 0.405556 0.201563 0.411111 0.201563 0.413889 0.203125 0.415278 0.205469 0.415278 0.207031 0.416667 0.206250 0.413889 0.206250 0.411111 0.204687 0.406944 0.202344 0.405556 0.200000 0.401389 0.197656 0.400000 0.195312 0.395833 0.194531 0.395833 0.192969 0.394444
27 0.642969 0.390278 0.646875 0.395833 0.646094 0.393056 0.645312 0.393056 0.642969 0.390278
27 0.922656 0.377778 0.922656 0.383333 0.923438 0.386111 0.924219 0.381944 0.925781 0.377778 0.924219 0.376389 0.922656 0.377778
27 0.997656 0.373611 0.996875 0.376389 0.996875 0.383333 0.995313 0.387500 0.994531 0.398611 0.993750 0.411111 0.994531 0.415278 0.996094 0.416667 0.999219 0.416667 0.999219 0.373611 0.997656 0.373611
27 0.957812 0.369444 0.956250 0.370833 0.954688 0.372222 0.944531 0.390278 0.943750 0.393056 0.943750 0.395833 0.945312 0.398611 0.950000 0.405556 0.955469 0.413889 0.959375 0.418056 0.962500 0.422222 0.964844 0.422222 0.965625 0.423611 0.967187 0.423611 0.970313 0.418056 0.972656 0.416667 0.974219 0.416667 0.978906 0.418056 0.978906 0.412500 0.977344 0.400000 0.976562 0.394444 0.975781 0.391667 0.975000 0.388889 0.971875 0.383333 0.971094 0.379167 0.966406 0.370833 0.963281 0.369444 0.957812 0.369444
27 0.155469 0.362500 0.157812 0.365278 0.154688 0.365278 0.154688 0.376389 0.153125 0.379167 0.153125 0.381944 0.153125 0.393056 0.152344 0.388889 0.151562 0.393056 0.153125 0.394444 0.153125 0.398611 0.157031 0.394444 0.157812 0.393056 0.158594 0.390278 0.158594 0.386111 0.157031 0.383333 0.157812 0.379167 0.159375 0.379167 0.158594 0.372222 0.160156 0.366667 0.159375 0.362500 0.157812 0.363889 0.155469 0.362500
27 0.936719 0.361111 0.933594 0.363889 0.931250 0.365278 0.933594 0.363889 0.934375 0.362500 0.935937 0.362500 0.937500 0.363889 0.939063 0.366667 0.939844 0.366667 0.940625 0.372222 0.939063 0.375000 0.942187 0.370833 0.943750 0.365278 0.942969 0.361111 0.936719 0.361111
27 0.153906 0.356944 0.153906 0.359722 0.155469 0.356944 0.153906 0.356944
27 0.101562 0.313889 0.103125 0.316667 0.103125 0.318056 0.105469 0.322222 0.107813 0.331944 0.110156 0.336111 0.110937 0.340278 0.110937 0.345833 0.110156 0.347222 0.110937 0.354167 0.109375 0.377778 0.110156 0.380556 0.112500 0.384722 0.112500 0.387500 0.111719 0.394444 0.112500 0.400000 0.113281 0.404167 0.114062 0.406944 0.114844 0.409722 0.114062 0.406944 0.114062 0.400000 0.112500 0.395833 0.112500 0.383333 0.110937 0.379167 0.110156 0.373611 0.110156 0.368056 0.111719 0.356944 0.111719 0.337500 0.110937 0.333333 0.107813 0.327778 0.107031 0.323611 0.106250 0.320833 0.105469 0.319444 0.101562 0.313889
27 0.067969 0.250000 0.065625 0.252778 0.061719 0.252778 0.058594 0.255556 0.053125 0.255556 0.050000 0.252778 0.052344 0.256944 0.053906 0.256944 0.055469 0.259722 0.059375 0.262500 0.060937 0.262500 0.064062 0.259722 0.071875 0.261111 0.075000 0.268056 0.078906 0.269444 0.080469 0.272222 0.080469 0.273611 0.082031 0.276389 0.086719 0.284722 0.088281 0.287500 0.089844 0.290278 0.092969 0.293056 0.092188 0.290278 0.091406 0.290278 0.089063 0.286111 0.087500 0.280556 0.085938 0.277778 0.085156 0.277778 0.082812 0.273611 0.082031 0.270833 0.082031 0.262500 0.081250 0.258333 0.079687 0.255556 0.078125 0.254167 0.075781 0.252778 0.073438 0.251389 0.070312 0.250000 0.067969 0.250000
27 0.041406 0.248611 0.042969 0.250000 0.044531 0.251389 0.047656 0.251389 0.046094 0.251389 0.045312 0.250000 0.042969 0.250000 0.041406 0.248611
27 0.013281 0.222222 0.011719 0.223611 0.004687 0.236111 0.000000 0.238889 0.000000 0.250000 0.002344 0.248611 0.007031 0.238889 0.009375 0.234722 0.010156 0.234722 0.013281 0.229167 0.015625 0.226389 0.018750 0.226389 0.021094 0.227778 0.025781 0.229167 0.028906 0.236111 0.028906 0.237500 0.031250 0.241667 0.032813 0.243056 0.031250 0.238889 0.030469 0.236111 0.030469 0.233333 0.028906 0.229167 0.027344 0.226389 0.025781 0.225000 0.023438 0.223611 0.018750 0.222222 0.013281 0.222222
27 0.664062 0.029167 0.664062 0.031944 0.663281 0.033333 0.663281 0.038889 0.662500 0.040278 0.662500 0.043056 0.663281 0.040278 0.663281 0.033333 0.664062 0.031944 0.664062 0.029167
27 0.664062 0.015278 0.664844 0.020833 0.664844 0.018056 0.664062 0.015278
27 0.999219 0.000000 0.999219 0.183333 0.997656 0.183333 0.992969 0.179167 0.989844 0.177778 0.985938 0.176389 0.982812 0.177778 0.982812 0.180556 0.979688 0.180556 0.978125 0.183333 0.975000 0.184722 0.970313 0.186111 0.962500 0.186111 0.960938 0.187500 0.959375 0.188889 0.959375 0.191667 0.956250 0.194444 0.955469 0.193056 0.953906 0.195833 0.950781 0.198611 0.948438 0.202778 0.946875 0.204167 0.945312 0.205556 0.942187 0.205556 0.939063 0.206944 0.937500 0.208333 0.935937 0.211111 0.932031 0.219444 0.929688 0.226389 0.928125 0.233333 0.925000 0.238889 0.924219 0.241667 0.923438 0.244444 0.921094 0.252778 0.922656 0.255556 0.924219 0.255556 0.929688 0.261111 0.932031 0.263889 0.928125 0.266667 0.925000 0.268056 0.917188 0.272222 0.914844 0.273611 0.912500 0.275000 0.907813 0.279167 0.905469 0.281944 0.904687 0.283333 0.902344 0.287500 0.902344 0.290278 0.900000 0.294444 0.900781 0.302778 0.904687 0.313889 0.904687 0.313889 0.903125 0.311111 0.901563 0.312500 0.903125 0.315278 0.903906 0.319444 0.904687 0.313889 0.904687 0.313889 0.904687 0.318056 0.903906 0.327778 0.903125 0.330556 0.902344 0.333333 0.900781 0.336111 0.900000 0.338889 0.900000 0.336111 0.898438 0.337500 0.897656 0.340278 0.896875 0.343056 0.898438 0.344444 0.895312 0.350000 0.894531 0.355556 0.893750 0.358333 0.892188 0.361111 0.890625 0.362500 0.893750 0.365278 0.901563 0.379167 0.903125 0.381944 0.906250 0.380556 0.910156 0.380556 0.910937 0.379167 0.914844 0.380556 0.916406 0.379167 0.917969 0.377778 0.916406 0.379167 0.915625 0.380556 0.912500 0.380556 0.910156 0.381944 0.907813 0.383333 0.906250 0.386111 0.907031 0.387500 0.902344 0.387500 0.903906 0.390278 0.907031 0.387500 0.906250 0.386111 0.910937 0.386111 0.912500 0.386111 0.914844 0.388889 0.917188 0.390278 0.919531 0.388889 0.920312 0.391667 0.921875 0.390278 0.921094 0.394444 0.917188 0.398611 0.915625 0.402778 0.912500 0.402778 0.913281 0.405556 0.911719 0.408333 0.910156 0.408333 0.909375 0.409722 0.898438 0.409722 0.897656 0.411111 0.896094 0.412500 0.896094 0.415278 0.893750 0.413889 0.889062 0.418056 0.887500 0.420833 0.886719 0.426389 0.886719 0.431944 0.885938 0.426389 0.884375 0.431944 0.883594 0.443056 0.884375 0.455556 0.884375 0.475000 0.882031 0.476389 0.880469 0.475000 0.878906 0.479167 0.876563 0.480556 0.878125 0.484722 0.874219 0.484722 0.872656 0.486111 0.871875 0.487500 0.871875 0.488889 0.870313 0.491667 0.868750 0.493056 0.866406 0.493056 0.864844 0.493056 0.860156 0.490278 0.856250 0.490278 0.855469 0.487500 0.853906 0.486111 0.854688 0.483333 0.853125 0.479167 0.851562 0.476389 0.850000 0.476389 0.850000 0.430556 0.847656 0.426389 0.842969 0.426389 0.835156 0.420833 0.831250 0.420833 0.830469 0.419444 0.828906 0.419444 0.827344 0.412500 0.826562 0.409722 0.829688 0.415278 0.829688 0.409722 0.828125 0.405556 0.825000 0.400000 0.821875 0.395833 0.820312 0.394444 0.818750 0.393056 0.815625 0.391667 0.810937 0.386111 0.809375 0.386111 0.805469 0.386111 0.803906 0.387500 0.805469 0.386111 0.809375 0.384722 0.807813 0.383333 0.803125 0.384722 0.802344 0.388889 0.800781 0.388889 0.800000 0.388889 0.798438 0.391667 0.797656 0.391667 0.796875 0.393056 0.793750 0.397222 0.792188 0.400000 0.789062 0.406944 0.787500 0.408333 0.782813 0.409722 0.774219 0.409722 0.772656 0.412500 0.773438 0.413889 0.771875 0.416667 0.770312 0.418056 0.771875 0.416667 0.773438 0.413889 0.770312 0.413889 0.767969 0.418056 0.768750 0.420833 0.767188 0.422222 0.766406 0.423611 0.765625 0.426389 0.764844 0.431944 0.764844 0.456944 0.764062 0.445833 0.763281 0.454167 0.760156 0.455556 0.760938 0.456944 0.758594 0.461111 0.752344 0.462500 0.749219 0.461111 0.747656 0.462500 0.746094 0.462500 0.741406 0.459722 0.735938 0.459722 0.735156 0.458333 0.732031 0.458333 0.731250 0.455556 0.728125 0.455556 0.727344 0.448611 0.726562 0.445833 0.720313 0.433333 0.716406 0.426389 0.714063 0.425000 0.711719 0.420833 0.710938 0.416667 0.709375 0.413889 0.707812 0.412500 0.706250 0.412500 0.704688 0.409722 0.704688 0.408333 0.703906 0.406944 0.703125 0.406944 0.701562 0.404167 0.678906 0.404167 0.675000 0.400000 0.674219 0.401389 0.669531 0.395833 0.667969 0.395833 0.667188 0.397222 0.665625 0.397222 0.665625 0.394444 0.663281 0.390278 0.659375 0.388889 0.657813 0.386111 0.656250 0.386111 0.656250 0.347222 0.657031 0.293056 0.657813 0.265278 0.659375 0.240278 0.659375 0.212500 0.660156 0.211111 0.660156 0.206944 0.661719 0.206944 0.662500 0.197222 0.662500 0.188889 0.660937 0.181944 0.660937 0.175000 0.661719 0.177778 0.662500 0.172222 0.660937 0.165278 0.660937 0.156944 0.662500 0.156944 0.661719 0.143056 0.662500 0.093056 0.661719 0.091667 0.661719 0.077778 0.661719 0.087500 0.664062 0.066667 0.664844 0.055556 0.666406 0.051389 0.666406 0.044444 0.667188 0.022222 0.666406 0.018056 0.667188 0.000000 0.999219 0.000000
27 0.654687 0.000000 0.653906 0.018056 0.653906 0.026389 0.654687 0.059722 0.653125 0.076389 0.654687 0.077778 0.653125 0.108333 0.654687 0.111111 0.654687 0.113889 0.653125 0.122222 0.653125 0.131944 0.653906 0.133333 0.653906 0.143056 0.652344 0.161111 0.651563 0.165278 0.653125 0.166667 0.651563 0.175000 0.653906 0.179167 0.652344 0.179167 0.651563 0.181944 0.652344 0.188889 0.650000 0.193056 0.651563 0.202778 0.651563 0.229167 0.650000 0.245833 0.649219 0.268056 0.648438 0.302778 0.648438 0.338889 0.647656 0.376389 0.646875 0.384722 0.645312 0.386111 0.643750 0.386111 0.642969 0.383333 0.640625 0.384722 0.635938 0.391667 0.633594 0.395833 0.633594 0.397222 0.630469 0.402778 0.627344 0.404167 0.624219 0.405556 0.615625 0.405556 0.612500 0.408333 0.610156 0.406944 0.607031 0.404167 0.603906 0.398611 0.603125 0.398611 0.600781 0.394444 0.594531 0.393056 0.588281 0.391667 0.579688 0.391667 0.576562 0.387500 0.571094 0.387500 0.570312 0.390278 0.568750 0.388889 0.568750 0.387500 0.564063 0.387500 0.564063 0.380556 0.561719 0.376389 0.560937 0.373611 0.560937 0.370833 0.558594 0.366667 0.555469 0.363889 0.558594 0.362500 0.559375 0.358333 0.558594 0.354167 0.557813 0.351389 0.556250 0.348611 0.556250 0.345833 0.550781 0.345833 0.550781 0.343056 0.548438 0.338889 0.545312 0.338889 0.543750 0.341667 0.549219 0.344444 0.550781 0.343056 0.550781 0.345833 0.552344 0.348611 0.552344 0.356944 0.553906 0.363889 0.553125 0.372222 0.556250 0.383333 0.560156 0.391667 0.560937 0.393056 0.562500 0.395833 0.563281 0.397222 0.564844 0.398611 0.566406 0.400000 0.567969 0.398611 0.569531 0.398611 0.571875 0.395833 0.571094 0.398611 0.571094 0.401389 0.565625 0.404167 0.562500 0.402778 0.560937 0.401389 0.559375 0.398611 0.558594 0.393056 0.557031 0.391667 0.555469 0.390278 0.551562 0.388889 0.553125 0.386111 0.553125 0.381944 0.552344 0.379167 0.547656 0.372222 0.549219 0.370833 0.550000 0.368056 0.551562 0.366667 0.547656 0.359722 0.545312 0.358333 0.545312 0.355556 0.546875 0.355556 0.548438 0.352778 0.549219 0.350000 0.546875 0.348611 0.545312 0.348611 0.543750 0.350000 0.545312 0.347222 0.543750 0.344444 0.541406 0.344444 0.539844 0.341667 0.538281 0.340278 0.535937 0.340278 0.535156 0.338889 0.529687 0.337500 0.524219 0.340278 0.521875 0.343056 0.519531 0.343056 0.517188 0.340278 0.514844 0.343056 0.509375 0.343056 0.506250 0.347222 0.501563 0.347222 0.497656 0.354167 0.496094 0.354167 0.493750 0.356944 0.491406 0.361111 0.492188 0.365278 0.493750 0.362500 0.494531 0.362500 0.496875 0.358333 0.498437 0.356944 0.500000 0.355556 0.502344 0.354167 0.507031 0.354167 0.508594 0.352778 0.511719 0.347222 0.525781 0.347222 0.527344 0.345833 0.528906 0.344444 0.531250 0.340278 0.535156 0.338889 0.535937 0.340278 0.534375 0.341667 0.532813 0.343056 0.532031 0.348611 0.529687 0.348611 0.526563 0.350000 0.525781 0.351389 0.524219 0.351389 0.521094 0.348611 0.517969 0.348611 0.514844 0.350000 0.510938 0.354167 0.508594 0.355556 0.503125 0.355556 0.500781 0.359722 0.500781 0.362500 0.498437 0.368056 0.493750 0.366667 0.491406 0.370833 0.489844 0.370833 0.486719 0.370833 0.485156 0.372222 0.482812 0.375000 0.477344 0.384722 0.478906 0.394444 0.481250 0.387500 0.486719 0.377778 0.486719 0.376389 0.489844 0.370833 0.491406 0.370833 0.489063 0.376389 0.489063 0.379167 0.491406 0.380556 0.491406 0.383333 0.489063 0.383333 0.488281 0.387500 0.486719 0.390278 0.483594 0.388889 0.480469 0.395833 0.481250 0.398611 0.484375 0.400000 0.485156 0.401389 0.486719 0.401389 0.486719 0.405556 0.485156 0.405556 0.483594 0.408333 0.484375 0.413889 0.483594 0.416667 0.479687 0.422222 0.478125 0.425000 0.477344 0.423611 0.479687 0.419444 0.481250 0.415278 0.482031 0.411111 0.482031 0.406944 0.481250 0.404167 0.478906 0.398611 0.477344 0.395833 0.476562 0.406944 0.475781 0.413889 0.475000 0.419444 0.474219 0.426389 0.467969 0.426389 0.466406 0.426389 0.464062 0.423611 0.461719 0.423611 0.460156 0.422222 0.457813 0.418056 0.455469 0.416667 0.453906 0.411111 0.453906 0.405556 0.450781 0.400000 0.448437 0.398611 0.446875 0.395833 0.446094 0.393056 0.445312 0.386111 0.443750 0.383333 0.442969 0.387500 0.444531 0.397222 0.448437 0.402778 0.449219 0.405556 0.450000 0.416667 0.453125 0.422222 0.454688 0.423611 0.460156 0.422222 0.461719 0.423611 0.462500 0.430556 0.462500 0.438889 0.467187 0.441667 0.470313 0.437500 0.471875 0.437500 0.474219 0.434722 0.476562 0.430556 0.476562 0.426389 0.477344 0.423611 0.478125 0.425000 0.479687 0.427778 0.482031 0.429167 0.483594 0.431944 0.482812 0.436111 0.481250 0.438889 0.478125 0.436111 0.476562 0.436111 0.473438 0.438889 0.472656 0.443056 0.471875 0.445833 0.469531 0.445833 0.468750 0.443056 0.465625 0.444444 0.464844 0.443056 0.460938 0.441667 0.460938 0.440278 0.459375 0.437500 0.459375 0.434722 0.457813 0.431944 0.451562 0.425000 0.448437 0.419444 0.446094 0.411111 0.446094 0.408333 0.443750 0.400000 0.441406 0.395833 0.439844 0.388889 0.439844 0.383333 0.435937 0.386111 0.434375 0.386111 0.429688 0.391667 0.428125 0.393056 0.426563 0.390278 0.427344 0.388889 0.425000 0.383333 0.421875 0.379167 0.419531 0.379167 0.417969 0.377778 0.423438 0.376389 0.428906 0.381944 0.431250 0.380556 0.432031 0.381944 0.433594 0.381944 0.434375 0.380556 0.436719 0.380556 0.438281 0.377778 0.436719 0.376389 0.435937 0.375000 0.434375 0.375000 0.427344 0.376389 0.424219 0.373611 0.417969 0.373611 0.417187 0.375000 0.415625 0.376389 0.417969 0.377778 0.419531 0.379167 0.415625 0.383333 0.414844 0.384722 0.414062 0.387500 0.414062 0.390278 0.413281 0.393056 0.412500 0.395833 0.410156 0.398611 0.410156 0.401389 0.408594 0.404167 0.408594 0.406944 0.407031 0.408333 0.406250 0.412500 0.405469 0.411111 0.403906 0.413889 0.403125 0.420833 0.403125 0.427778 0.401562 0.430556 0.400000 0.431944 0.397656 0.433333 0.393750 0.433333 0.392188 0.434722 0.393750 0.433333 0.397656 0.433333 0.400000 0.431944 0.402344 0.427778 0.402344 0.415278 0.403125 0.412500 0.406250 0.406944 0.407031 0.398611 0.407813 0.395833 0.410156 0.391667 0.411719 0.387500 0.412500 0.384722 0.411719 0.381944 0.408594 0.383333 0.407813 0.391667 0.405469 0.395833 0.404687 0.401389 0.403906 0.404167 0.401562 0.406944 0.400000 0.411111 0.400000 0.413889 0.398438 0.416667 0.398438 0.419444 0.397656 0.422222 0.396094 0.423611 0.396094 0.426389 0.394531 0.427778 0.392188 0.427778 0.391406 0.426389 0.387500 0.427778 0.387500 0.425000 0.385156 0.423611 0.384375 0.418056 0.383594 0.413889 0.383594 0.406944 0.382812 0.402778 0.381250 0.400000 0.379688 0.401389 0.380469 0.412500 0.378906 0.416667 0.378906 0.419444 0.378906 0.415278 0.378125 0.413889 0.378125 0.408333 0.379688 0.404167 0.378125 0.400000 0.375000 0.400000 0.371875 0.394444 0.371875 0.393056 0.367969 0.386111 0.371094 0.390278 0.374219 0.393056 0.375781 0.395833 0.375781 0.390278 0.374219 0.387500 0.374219 0.384722 0.373437 0.381944 0.371875 0.379167 0.368750 0.377778 0.365625 0.372222 0.364063 0.369444 0.364063 0.368056 0.362500 0.365278 0.360156 0.363889 0.357031 0.358333 0.354687 0.356944 0.352344 0.358333 0.356250 0.365278 0.359375 0.366667 0.360938 0.368056 0.361719 0.369444 0.361719 0.370833 0.363281 0.373611 0.364063 0.377778 0.365625 0.380556 0.360938 0.370833 0.359375 0.368056 0.357031 0.365278 0.354687 0.362500 0.353125 0.362500 0.348438 0.355556 0.345313 0.354167 0.345313 0.352778 0.349219 0.354167 0.350781 0.356944 0.352344 0.355556 0.350000 0.351389 0.348438 0.350000 0.344531 0.347222 0.340625 0.348611 0.343750 0.350000 0.345313 0.352778 0.345313 0.354167 0.342187 0.352778 0.336719 0.351389 0.335938 0.348611 0.332813 0.345833 0.328125 0.347222 0.332031 0.350000 0.335938 0.348611 0.336719 0.351389 0.329688 0.351389 0.326562 0.352778 0.324219 0.354167 0.321094 0.355556 0.321094 0.355556 0.323437 0.354167 0.325781 0.350000 0.323437 0.350000 0.321875 0.350000 0.317969 0.354167 0.321094 0.355556 0.321094 0.355556 0.317969 0.359722 0.316406 0.361111 0.312500 0.362500 0.313281 0.362500 0.318750 0.355556 0.316406 0.354167 0.314844 0.355556 0.312500 0.359722 0.310937 0.361111 0.309375 0.361111 0.307031 0.363889 0.305469 0.366667 0.313281 0.362500 0.312500 0.362500 0.310156 0.365278 0.307812 0.369444 0.305469 0.370833 0.303906 0.375000 0.302344 0.376389 0.300000 0.376389 0.298438 0.377778 0.297656 0.379167 0.297656 0.380556 0.296875 0.381944 0.295312 0.383333 0.293750 0.383333 0.292969 0.383333 0.296875 0.376389 0.299219 0.375000 0.302344 0.373611 0.298438 0.372222 0.296094 0.373611 0.294531 0.375000 0.292187 0.377778 0.289844 0.381944 0.289062 0.381944 0.287500 0.384722 0.285938 0.388889 0.286719 0.391667 0.289844 0.386111 0.292969 0.383333 0.293750 0.383333 0.290625 0.387500 0.288281 0.391667 0.285938 0.402778 0.279687 0.413889 0.277344 0.412500 0.277344 0.412500 0.278906 0.412500 0.280469 0.411111 0.282031 0.409722 0.283594 0.406944 0.285938 0.398611 0.286719 0.394444 0.285938 0.390278 0.281250 0.402778 0.279687 0.402778 0.278125 0.406944 0.276562 0.408333 0.275000 0.408333 0.275000 0.416667 0.276562 0.413889 0.277344 0.412500 0.277344 0.412500 0.275781 0.418056 0.274219 0.419444 0.271094 0.419444 0.269531 0.422222 0.272656 0.423611 0.268750 0.423611 0.267969 0.438889 0.266406 0.429167 0.264062 0.440278 0.262500 0.441667 0.249219 0.441667 0.246875 0.440278 0.246875 0.438889 0.245312 0.434722 0.243750 0.431944 0.243750 0.437500 0.242188 0.434722 0.241406 0.430556 0.240625 0.427778 0.239844 0.426389 0.239063 0.426389 0.237500 0.423611 0.239063 0.425000 0.241406 0.430556 0.242969 0.426389 0.241406 0.423611 0.235937 0.418056 0.231250 0.418056 0.231250 0.425000 0.229687 0.425000 0.231250 0.422222 0.225781 0.427778 0.221094 0.423611 0.217188 0.423611 0.216406 0.418056 0.214062 0.416667 0.213281 0.412500 0.211719 0.409722 0.211719 0.406944 0.210156 0.404167 0.208594 0.402778 0.202344 0.398611 0.200000 0.398611 0.198437 0.397222 0.195312 0.391667 0.195312 0.390278 0.191406 0.384722 0.189062 0.380556 0.188281 0.376389 0.188281 0.390278 0.185938 0.387500 0.185156 0.376389 0.183594 0.372222 0.182812 0.372222 0.175000 0.369444 0.173437 0.369444 0.169531 0.370833 0.165625 0.373611 0.163281 0.379167 0.164062 0.373611 0.165625 0.369444 0.167187 0.368056 0.165625 0.366667 0.164062 0.363889 0.164844 0.361111 0.162500 0.361111 0.161719 0.355556 0.160938 0.352778 0.155469 0.350000 0.146875 0.350000 0.145313 0.351389 0.144531 0.356944 0.145313 0.359722 0.150781 0.359722 0.149219 0.356944 0.150000 0.354167 0.151562 0.354167 0.151562 0.356944 0.151562 0.365278 0.153125 0.365278 0.153125 0.375000 0.152344 0.372222 0.151562 0.376389 0.150781 0.372222 0.150000 0.395833 0.149219 0.397222 0.149219 0.409722 0.146094 0.409722 0.144531 0.413889 0.142969 0.411111 0.137500 0.409722 0.128906 0.411111 0.125000 0.411111 0.125000 0.409722 0.123438 0.406944 0.117969 0.400000 0.117188 0.394444 0.115625 0.390278 0.114844 0.380556 0.114844 0.372222 0.114062 0.370833 0.114062 0.363889 0.115625 0.354167 0.115625 0.351389 0.114062 0.347222 0.113281 0.341667 0.113281 0.333333 0.110937 0.327778 0.110156 0.322222 0.106250 0.313889 0.103125 0.309722 0.102344 0.306944 0.101562 0.300000 0.100000 0.298611 0.100000 0.294444 0.096094 0.287500 0.093750 0.287500 0.093750 0.284722 0.092188 0.281944 0.091406 0.275000 0.089844 0.272222 0.089844 0.269444 0.089063 0.266667 0.085156 0.261111 0.084375 0.259722 0.081250 0.252778 0.083594 0.248611 0.084375 0.245833 0.084375 0.238889 0.083594 0.234722 0.082812 0.230556 0.082031 0.227778 0.079687 0.226389 0.077344 0.229167 0.074219 0.234722 0.069531 0.238889 0.067187 0.240278 0.062500 0.240278 0.061719 0.243056 0.060156 0.243056 0.058594 0.245833 0.054688 0.244444 0.050000 0.245833 0.049219 0.243056 0.047656 0.243056 0.046094 0.240278 0.043750 0.238889 0.039844 0.240278 0.039062 0.238889 0.037500 0.238889 0.037500 0.236111 0.035937 0.233333 0.034375 0.231944 0.032813 0.230556 0.031250 0.227778 0.028125 0.220833 0.025781 0.220833 0.023438 0.216667 0.020313 0.215278 0.010156 0.215278 0.007812 0.219444 0.007812 0.225000 0.006250 0.225000 0.005469 0.222222 0.002344 0.225000 0.000000 0.225000 0.000000 0.000000 0.654687 0.000000
2 0.873437 0.581944 0.861719 0.583333 0.860156 0.584722 0.857812 0.588889 0.853125 0.588889 0.850000 0.590278 0.848437 0.591667 0.847656 0.597222 0.846875 0.598611 0.846875 0.601389 0.847656 0.605556 0.848437 0.608333 0.849219 0.609722 0.850781 0.611111 0.853125 0.612500 0.855469 0.613889 0.861719 0.612500 0.868750 0.612500 0.879687 0.615278 0.881250 0.615278 0.886719 0.615278 0.888281 0.615278 0.890625 0.613889 0.892969 0.609722 0.897656 0.609722 0.913281 0.611111 0.920312 0.609722 0.924219 0.606944 0.924219 0.600000 0.919531 0.591667 0.917969 0.590278 0.916406 0.588889 0.914062 0.587500 0.911719 0.586111 0.907813 0.586111 0.899219 0.587500 0.896094 0.588889 0.891406 0.595833 0.889062 0.593056 0.887500 0.593056 0.885938 0.591667 0.881250 0.584722 0.879687 0.583333 0.877344 0.581944 0.873437 0.581944
