20 0.710156 0.548611 0.710938 0.551389 0.714063 0.552778 0.716406 0.551389 0.717969 0.548611 0.715625 0.547222 0.710156 0.548611
21 0.287500 0.580556 0.291406 0.581944 0.292187 0.579167 0.287500 0.580556
21 0.293750 0.579167 0.293750 0.581944 0.295312 0.579167 0.293750 0.579167
21 0.367188 0.494444 0.366406 0.497222 0.364844 0.495833 0.366406 0.498611 0.364844 0.498611 0.365625 0.502778 0.365625 0.500000 0.366406 0.497222 0.367188 0.494444
21 0.434375 0.488889 0.433594 0.493056 0.432812 0.498611 0.434375 0.502778 0.435156 0.508333 0.438281 0.512500 0.439844 0.518056 0.443750 0.516667 0.445312 0.513889 0.445312 0.511111 0.450781 0.494444 0.452344 0.488889 0.450781 0.488889 0.449219 0.486111 0.446875 0.487500 0.446094 0.491667 0.447656 0.494444 0.446094 0.497222 0.445312 0.497222 0.443750 0.500000 0.442969 0.502778 0.442188 0.506944 0.438281 0.504167 0.438281 0.501389 0.440625 0.498611 0.440625 0.495833 0.441406 0.493056 0.441406 0.490278 0.441406 0.487500 0.439063 0.488889 0.438281 0.486111 0.436719 0.486111 0.434375 0.488889
21 0.187500 0.486111 0.192969 0.487500 0.193750 0.490278 0.197656 0.490278 0.199219 0.487500 0.199219 0.481944 0.199219 0.487500 0.200000 0.490278 0.200781 0.493056 0.203125 0.494444 0.203906 0.491667 0.209375 0.493056 0.214844 0.488889 0.215625 0.491667 0.214062 0.493056 0.211719 0.493056 0.210938 0.495833 0.215625 0.495833 0.214062 0.493056 0.215625 0.491667 0.217188 0.488889 0.217188 0.491667 0.218750 0.494444 0.217188 0.497222 0.217969 0.501389 0.214844 0.509722 0.213281 0.512500 0.211719 0.513889 0.212500 0.516667 0.211719 0.520833 0.209375 0.522222 0.206250 0.527778 0.201563 0.527778 0.200781 0.525000 0.199219 0.525000 0.200781 0.520833 0.198437 0.519444 0.196875 0.516667 0.196875 0.515278 0.196094 0.513889 0.195312 0.513889 0.193750 0.512500 0.189844 0.512500 0.187500 0.509722 0.188281 0.506944 0.186719 0.504167 0.185156 0.502778 0.182812 0.497222 0.182031 0.493056 0.182031 0.488889 0.186719 0.486111 0.187500 0.481944 0.187500 0.486111
21 0.582031 0.476389 0.584375 0.475000 0.585156 0.477778 0.585938 0.480556 0.585938 0.483333 0.594531 0.484722 0.586719 0.500000 0.584375 0.500000 0.583594 0.501389 0.580469 0.495833 0.580469 0.494444 0.576562 0.487500 0.575000 0.486111 0.573438 0.486111 0.572656 0.484722 0.571094 0.484722 0.576562 0.483333 0.577344 0.477778 0.579688 0.477778 0.580469 0.483333 0.581250 0.481944 0.581250 0.484722 0.582812 0.484722 0.583594 0.487500 0.584375 0.483333 0.583594 0.481944 0.582812 0.479167 0.581250 0.481944 0.580469 0.483333 0.581250 0.479167 0.582031 0.477778 0.581250 0.473611 0.579688 0.475000 0.581250 0.473611 0.582031 0.476389
21 0.567969 0.470833 0.567969 0.473611 0.566406 0.473611 0.565625 0.472222 0.562500 0.472222 0.564844 0.477778 0.567969 0.476389 0.566406 0.475000 0.567969 0.473611 0.568750 0.472222 0.571094 0.470833 0.573438 0.470833 0.567969 0.470833
21 0.863281 0.000000 0.862500 0.004167 0.860938 0.005556 0.861719 0.008333 0.862500 0.009722 0.864062 0.011111 0.866406 0.011111 0.871094 0.015278 0.873437 0.016667 0.876563 0.018056 0.882031 0.018056 0.885156 0.020833 0.889062 0.020833 0.889844 0.022222 0.893750 0.022222 0.891406 0.022222 0.889062 0.023611 0.886719 0.025000 0.881250 0.030556 0.878906 0.031944 0.875000 0.030556 0.872656 0.029167 0.867188 0.023611 0.864844 0.020833 0.861719 0.015278 0.860156 0.023611 0.862500 0.025000 0.864844 0.027778 0.868750 0.029167 0.870313 0.030556 0.867969 0.036111 0.872656 0.038889 0.874219 0.044444 0.872656 0.050000 0.872656 0.051389 0.868750 0.047222 0.866406 0.048611 0.870313 0.052778 0.872656 0.051389 0.872656 0.050000 0.871875 0.052778 0.875000 0.055556 0.880469 0.055556 0.884375 0.058333 0.887500 0.058333 0.889062 0.056944 0.890625 0.054167 0.892969 0.052778 0.895312 0.051389 0.899219 0.050000 0.901563 0.052778 0.905469 0.052778 0.908594 0.047222 0.911719 0.047222 0.913281 0.047222 0.918750 0.048611 0.919531 0.044444 0.921094 0.043056 0.922656 0.043056 0.925781 0.047222 0.925000 0.051389 0.926562 0.054167 0.929688 0.055556 0.932031 0.051389 0.927344 0.050000 0.925781 0.047222 0.922656 0.043056 0.924219 0.040278 0.923438 0.036111 0.918750 0.037500 0.916406 0.031944 0.914062 0.030556 0.909375 0.020833 0.904687 0.022222 0.902344 0.022222 0.896094 0.020833 0.898438 0.020833 0.900781 0.019444 0.902344 0.018056 0.903906 0.015278 0.904687 0.013889 0.907031 0.013889 0.908594 0.013889 0.909375 0.009722 0.906250 0.009722 0.904687 0.013889 0.903906 0.015278 0.902344 0.009722 0.901563 0.008333 0.900000 0.006944 0.899219 0.006944 0.896094 0.002778 0.891406 0.000000 0.889844 0.002778 0.887500 0.002778 0.885938 0.001389 0.999219 0.000000 0.998437 0.079167 0.998437 0.097222 0.999219 0.161111 0.993750 0.162500 0.993750 0.159722 0.994531 0.158333 0.994531 0.155556 0.992188 0.154167 0.991406 0.155556 0.989844 0.155556 0.991406 0.152778 0.991406 0.147222 0.989844 0.144444 0.986719 0.141667 0.984375 0.143056 0.982812 0.145833 0.980469 0.145833 0.978906 0.143056 0.973437 0.131944 0.971875 0.131944 0.970313 0.129167 0.967969 0.130556 0.963281 0.120833 0.960156 0.115278 0.959375 0.116667 0.957031 0.112500 0.957031 0.109722 0.953906 0.106944 0.953906 0.105556 0.953125 0.104167 0.951562 0.102778 0.948438 0.098611 0.949219 0.093056 0.946875 0.088889 0.945312 0.088889 0.943750 0.097222 0.945312 0.098611 0.948438 0.098611 0.951562 0.102778 0.950781 0.106944 0.953125 0.111111 0.953906 0.111111 0.957031 0.116667 0.958594 0.120833 0.958594 0.126389 0.956250 0.136111 0.953906 0.133333 0.949219 0.131944 0.947656 0.133333 0.942187 0.130556 0.941406 0.127778 0.939063 0.126389 0.938281 0.123611 0.935156 0.113889 0.935156 0.106944 0.932813 0.094444 0.931250 0.087500 0.929688 0.083333 0.928125 0.079167 0.924219 0.072222 0.919531 0.068056 0.904687 0.069444 0.893750 0.068056 0.886719 0.069444 0.882812 0.068056 0.879687 0.065278 0.874219 0.065278 0.871875 0.063889 0.869531 0.062500 0.865625 0.058333 0.863281 0.054167 0.861719 0.054167 0.858594 0.050000 0.856250 0.047222 0.854688 0.043056 0.851562 0.038889 0.848437 0.036111 0.843750 0.029167 0.842969 0.026389 0.841406 0.026389 0.839063 0.023611 0.838281 0.020833 0.836719 0.020833 0.833594 0.015278 0.825781 0.000000 0.863281 0.000000
22 0.169531 0.534722 0.167187 0.538889 0.169531 0.543056 0.171875 0.544444 0.173437 0.544444 0.173437 0.541667 0.175000 0.538889 0.175781 0.536111 0.173437 0.536111 0.172656 0.534722 0.169531 0.534722
22 0.162500 0.530556 0.161719 0.531944 0.160156 0.531944 0.161719 0.534722 0.162500 0.531944 0.164844 0.533333 0.163281 0.536111 0.165625 0.531944 0.162500 0.530556
22 0.252344 0.522222 0.253906 0.526389 0.252344 0.525000 0.252344 0.522222
22 0.820312 0.484722 0.767969 0.490278 0.747656 0.491667 0.728125 0.491667 0.707031 0.494444 0.708594 0.494444 0.713281 0.502778 0.713281 0.509722 0.714844 0.516667 0.715625 0.527778 0.719531 0.529167 0.728125 0.531944 0.741406 0.533333 0.744531 0.527778 0.746094 0.526389 0.747656 0.525000 0.752344 0.523611 0.754687 0.522222 0.760938 0.511111 0.763281 0.508333 0.764844 0.506944 0.766406 0.506944 0.767969 0.505556 0.769531 0.504167 0.771875 0.500000 0.774219 0.497222 0.775781 0.495833 0.777344 0.494444 0.779687 0.493056 0.785156 0.491667 0.814844 0.490278 0.828906 0.491667 0.834375 0.491667 0.842969 0.490278 0.854688 0.491667 0.864844 0.493056 0.868750 0.495833 0.871094 0.497222 0.874219 0.502778 0.878906 0.506944 0.882031 0.508333 0.884375 0.508333 0.887500 0.509722 0.889062 0.511111 0.890625 0.512500 0.894531 0.520833 0.896094 0.523611 0.900000 0.523611 0.903906 0.526389 0.907813 0.525000 0.910156 0.529167 0.912500 0.534722 0.914844 0.543056 0.915625 0.547222 0.915625 0.551389 0.918750 0.551389 0.922656 0.552778 0.924219 0.556944 0.925781 0.556944 0.926562 0.555556 0.928906 0.556944 0.928906 0.559722 0.930469 0.558333 0.937500 0.561111 0.946875 0.561111 0.959375 0.565278 0.983594 0.575000 0.987500 0.575000 0.996094 0.579167 0.999219 0.579167 0.999219 0.486111 0.820312 0.484722
22 0.478906 0.483333 0.478125 0.486111 0.482031 0.493056 0.482812 0.488889 0.480469 0.486111 0.482812 0.483333 0.478906 0.483333
24 0.361719 0.502778 0.360938 0.508333 0.361719 0.509722 0.360156 0.513889 0.359375 0.522222 0.360156 0.525000 0.360938 0.520833 0.361719 0.516667 0.363281 0.509722 0.364063 0.506944 0.364844 0.504167 0.363281 0.505556 0.362500 0.506944 0.361719 0.502778
24 0.278125 0.441667 0.278125 0.465278 0.278906 0.466667 0.278906 0.487500 0.279687 0.472222 0.278906 0.470833 0.278906 0.444444 0.278125 0.441667
24 0.290625 0.438889 0.291406 0.440278 0.291406 0.476389 0.292187 0.447222 0.291406 0.445833 0.291406 0.436111 0.290625 0.438889
24 0.356250 0.377778 0.356250 0.381944 0.357031 0.413889 0.357812 0.438889 0.359375 0.443056 0.359375 0.411111 0.357812 0.394444 0.357812 0.377778 0.356250 0.377778
24 0.282031 0.351389 0.282813 0.366667 0.282031 0.373611 0.282813 0.375000 0.282031 0.384722 0.283594 0.387500 0.282813 0.391667 0.283594 0.393056 0.283594 0.395833 0.282031 0.398611 0.283594 0.402778 0.282031 0.406944 0.283594 0.411111 0.284375 0.426389 0.283594 0.437500 0.283594 0.443056 0.285156 0.462500 0.284375 0.484722 0.285156 0.487500 0.285156 0.481944 0.287500 0.477778 0.287500 0.466667 0.285938 0.455556 0.286719 0.443056 0.286719 0.434722 0.285156 0.420833 0.285938 0.402778 0.285938 0.400000 0.284375 0.387500 0.284375 0.379167 0.285156 0.368056 0.284375 0.350000 0.282031 0.351389
24 0.347656 0.348611 0.347656 0.365278 0.349219 0.394444 0.350000 0.387500 0.350781 0.409722 0.349219 0.409722 0.349219 0.422222 0.350781 0.430556 0.350781 0.401389 0.351562 0.395833 0.350781 0.377778 0.349219 0.365278 0.349219 0.361111 0.350000 0.351389 0.349219 0.350000 0.349219 0.347222 0.347656 0.348611
24 0.150000 0.347222 0.150781 0.350000 0.150781 0.359722 0.151562 0.365278 0.153906 0.368056 0.157812 0.375000 0.159375 0.380556 0.160938 0.381944 0.161719 0.384722 0.160156 0.383333 0.159375 0.379167 0.158594 0.377778 0.153125 0.369444 0.151562 0.377778 0.152344 0.415278 0.153125 0.441667 0.149219 0.443056 0.146875 0.443056 0.148438 0.448611 0.149219 0.443056 0.153125 0.441667 0.153906 0.452778 0.155469 0.459722 0.155469 0.461111 0.156250 0.465278 0.158594 0.468056 0.157812 0.470833 0.159375 0.475000 0.157812 0.470833 0.156250 0.468056 0.155469 0.476389 0.157031 0.477778 0.154688 0.487500 0.153906 0.494444 0.153906 0.501389 0.150781 0.501389 0.150000 0.504167 0.148438 0.505556 0.143750 0.497222 0.142187 0.497222 0.140625 0.493056 0.142187 0.493056 0.146094 0.500000 0.148438 0.498611 0.146875 0.497222 0.145313 0.494444 0.143750 0.488889 0.142187 0.493056 0.140625 0.493056 0.138281 0.487500 0.138281 0.481944 0.139844 0.479167 0.140625 0.479167 0.141406 0.477778 0.142187 0.475000 0.142969 0.468056 0.142187 0.406944 0.141406 0.381944 0.139844 0.376389 0.137500 0.381944 0.136719 0.386111 0.135156 0.390278 0.136719 0.386111 0.138281 0.376389 0.139844 0.373611 0.140625 0.370833 0.141406 0.365278 0.141406 0.347222 0.150000 0.347222
24 0.333594 0.298611 0.334375 0.313889 0.333594 0.354167 0.334375 0.393056 0.335156 0.418056 0.335938 0.419444 0.335938 0.427778 0.341406 0.425000 0.339844 0.400000 0.339844 0.356944 0.338281 0.336111 0.338281 0.311111 0.337500 0.309722 0.337500 0.298611 0.335156 0.297222 0.333594 0.298611
24 0.167969 0.204167 0.169531 0.205556 0.169531 0.209722 0.167969 0.209722 0.166406 0.213889 0.167187 0.216667 0.169531 0.220833 0.170313 0.213889 0.167969 0.209722 0.169531 0.209722 0.170313 0.211111 0.170313 0.233333 0.171875 0.237500 0.172656 0.256944 0.173437 0.283333 0.172656 0.315278 0.172656 0.318056 0.174219 0.319444 0.173437 0.334722 0.173437 0.341667 0.175000 0.352778 0.175000 0.362500 0.175000 0.377778 0.175781 0.375000 0.175781 0.400000 0.176563 0.409722 0.178125 0.412500 0.182031 0.418056 0.179688 0.418056 0.178125 0.413889 0.176563 0.427778 0.176563 0.454167 0.176563 0.459722 0.178125 0.459722 0.177344 0.472222 0.177344 0.477778 0.178125 0.479167 0.178125 0.486111 0.181250 0.487500 0.181250 0.490278 0.179688 0.493056 0.178906 0.493056 0.178125 0.502778 0.177344 0.505556 0.175781 0.506944 0.173437 0.508333 0.171875 0.504167 0.170313 0.498611 0.171094 0.481944 0.171094 0.475000 0.169531 0.459722 0.169531 0.447222 0.170313 0.426389 0.168750 0.411111 0.168750 0.398611 0.166406 0.395833 0.162500 0.387500 0.164062 0.387500 0.166406 0.393056 0.167969 0.394444 0.168750 0.377778 0.167969 0.344444 0.167187 0.337500 0.165625 0.336111 0.166406 0.330556 0.166406 0.327778 0.164844 0.320833 0.166406 0.316667 0.164844 0.305556 0.165625 0.291667 0.165625 0.268056 0.166406 0.233333 0.164844 0.229167 0.164844 0.226389 0.165625 0.205556 0.167969 0.204167
24 0.307812 0.201389 0.308594 0.204167 0.307812 0.212500 0.309375 0.215278 0.309375 0.234722 0.310156 0.236111 0.310156 0.262500 0.310937 0.284722 0.312500 0.300000 0.311719 0.308333 0.313281 0.315278 0.312500 0.318056 0.312500 0.320833 0.314063 0.326389 0.314063 0.329167 0.313281 0.336111 0.314844 0.337500 0.314844 0.341667 0.313281 0.344444 0.313281 0.347222 0.312500 0.343056 0.311719 0.351389 0.313281 0.352778 0.313281 0.380556 0.314063 0.394444 0.314844 0.404167 0.316406 0.412500 0.316406 0.431944 0.313281 0.433333 0.310937 0.437500 0.310156 0.440278 0.309375 0.455556 0.309375 0.472222 0.307812 0.469444 0.307031 0.472222 0.307812 0.469444 0.307812 0.466667 0.306250 0.454167 0.307031 0.441667 0.306250 0.437500 0.307031 0.436111 0.307812 0.434722 0.308594 0.422222 0.307812 0.388889 0.305469 0.395833 0.306250 0.422222 0.307812 0.434722 0.307031 0.436111 0.307031 0.433333 0.306250 0.431944 0.305469 0.426389 0.304688 0.458333 0.302344 0.466667 0.302344 0.472222 0.300781 0.475000 0.300781 0.466667 0.302344 0.462500 0.302344 0.427778 0.303906 0.438889 0.303906 0.423611 0.304688 0.413889 0.303906 0.377778 0.306250 0.373611 0.306250 0.358333 0.305469 0.315278 0.304688 0.275000 0.303125 0.237500 0.303125 0.201389 0.306250 0.198611 0.307812 0.201389
24 0.221875 0.000000 0.221875 0.005556 0.223438 0.011111 0.223438 0.013889 0.222656 0.025000 0.223438 0.034722 0.224219 0.038889 0.225781 0.041667 0.225781 0.044444 0.224219 0.047222 0.224219 0.065278 0.225000 0.069444 0.226562 0.070833 0.226562 0.076389 0.225000 0.080556 0.225000 0.094444 0.225781 0.097222 0.228125 0.100000 0.225781 0.112500 0.225781 0.120833 0.226562 0.125000 0.228125 0.127778 0.230469 0.129167 0.230469 0.131944 0.229687 0.136111 0.228906 0.138889 0.227344 0.140278 0.226562 0.162500 0.228125 0.186111 0.228906 0.229167 0.228125 0.231944 0.228906 0.256944 0.230469 0.284722 0.232031 0.341667 0.232031 0.372222 0.232813 0.400000 0.234375 0.425000 0.233594 0.437500 0.233594 0.443056 0.235156 0.451389 0.236719 0.454167 0.235156 0.452778 0.235937 0.465278 0.235937 0.479167 0.235156 0.493056 0.237500 0.490278 0.238281 0.493056 0.239844 0.495833 0.241406 0.495833 0.242188 0.491667 0.241406 0.487500 0.239844 0.484722 0.237500 0.484722 0.236719 0.481944 0.238281 0.483333 0.240625 0.484722 0.241406 0.481944 0.242188 0.484722 0.243750 0.487500 0.246094 0.487500 0.246875 0.450000 0.246094 0.443056 0.245312 0.445833 0.245312 0.418056 0.243750 0.393056 0.242969 0.366667 0.242188 0.316667 0.242188 0.306944 0.242969 0.304167 0.243750 0.301389 0.246094 0.302778 0.246094 0.305556 0.246875 0.306944 0.247656 0.315278 0.248438 0.343056 0.247656 0.362500 0.247656 0.366667 0.249219 0.369444 0.250000 0.384722 0.249219 0.418056 0.249219 0.420833 0.250781 0.420833 0.250000 0.434722 0.250781 0.444444 0.251563 0.438889 0.250781 0.465278 0.251563 0.475000 0.252344 0.470833 0.252344 0.476389 0.263281 0.477778 0.264062 0.483333 0.256250 0.483333 0.256250 0.483333 0.256250 0.477778 0.255469 0.480556 0.254688 0.477778 0.253125 0.480556 0.256250 0.483333 0.256250 0.483333 0.255469 0.488889 0.255469 0.486111 0.253125 0.488889 0.254688 0.491667 0.257812 0.494444 0.260156 0.494444 0.257031 0.495833 0.253125 0.498611 0.251563 0.498611 0.250000 0.498611 0.249219 0.497222 0.247656 0.497222 0.246875 0.494444 0.245312 0.495833 0.246875 0.494444 0.246094 0.488889 0.243750 0.487500 0.242969 0.490278 0.242188 0.491667 0.242188 0.494444 0.241406 0.497222 0.239844 0.497222 0.235937 0.504167 0.235937 0.501389 0.236719 0.500000 0.235937 0.494444 0.233594 0.501389 0.233594 0.506944 0.235156 0.506944 0.233594 0.511111 0.232031 0.512500 0.228125 0.513889 0.224219 0.509722 0.223438 0.515278 0.222656 0.512500 0.221094 0.505556 0.219531 0.502778 0.217969 0.500000 0.217969 0.497222 0.219531 0.494444 0.217969 0.488889 0.218750 0.486111 0.220312 0.486111 0.220312 0.469444 0.218750 0.468056 0.217188 0.466667 0.216406 0.476389 0.216406 0.466667 0.214844 0.463889 0.214062 0.475000 0.214062 0.463889 0.214062 0.459722 0.214062 0.462500 0.216406 0.462500 0.217188 0.465278 0.217969 0.465278 0.219531 0.468056 0.221094 0.461111 0.220312 0.459722 0.220312 0.452778 0.221094 0.451389 0.221094 0.444444 0.219531 0.420833 0.218750 0.391667 0.218750 0.351389 0.217969 0.312500 0.216406 0.276389 0.216406 0.237500 0.214844 0.206944 0.214062 0.172222 0.214062 0.136111 0.212500 0.104167 0.212500 0.058333 0.210938 0.020833 0.210938 0.000000 0.221875 0.000000
25 0.162500 0.533333 0.162500 0.536111 0.164062 0.533333 0.162500 0.533333
25 0.242188 0.495833 0.241406 0.498611 0.239844 0.498611 0.235937 0.505556 0.235156 0.501389 0.235937 0.500000 0.235937 0.497222 0.235156 0.500000 0.234375 0.501389 0.235156 0.508333 0.234375 0.511111 0.233594 0.512500 0.232031 0.513889 0.228125 0.515278 0.226562 0.513889 0.225000 0.512500 0.223438 0.508333 0.224219 0.511111 0.221875 0.515278 0.221875 0.512500 0.220312 0.505556 0.218750 0.501389 0.217188 0.504167 0.215625 0.509722 0.212500 0.513889 0.213281 0.516667 0.212500 0.520833 0.214844 0.519444 0.219531 0.520833 0.222656 0.523611 0.225781 0.523611 0.227344 0.526389 0.228906 0.526389 0.230469 0.525000 0.232031 0.526389 0.234375 0.529167 0.239844 0.529167 0.251563 0.526389 0.252344 0.520833 0.253906 0.525000 0.254688 0.522222 0.254688 0.518056 0.256250 0.516667 0.257031 0.508333 0.258594 0.504167 0.254688 0.500000 0.250000 0.500000 0.244531 0.495833 0.242188 0.495833
25 0.552344 0.494444 0.551562 0.497222 0.553125 0.498611 0.559375 0.497222 0.560937 0.500000 0.561719 0.504167 0.561719 0.501389 0.561719 0.497222 0.563281 0.497222 0.561719 0.495833 0.553125 0.497222 0.552344 0.494444
25 0.578906 0.493056 0.577344 0.494444 0.576562 0.497222 0.575000 0.498611 0.568750 0.498611 0.568750 0.501389 0.575000 0.500000 0.575781 0.502778 0.577344 0.504167 0.578906 0.502778 0.579688 0.500000 0.581250 0.500000 0.582812 0.501389 0.581250 0.500000 0.581250 0.498611 0.578906 0.493056
25 0.143750 0.490278 0.142969 0.493056 0.146094 0.498611 0.148438 0.500000 0.146875 0.498611 0.144531 0.494444 0.143750 0.490278
25 0.568750 0.484722 0.567187 0.486111 0.566406 0.488889 0.567187 0.493056 0.563281 0.494444 0.565625 0.495833 0.565625 0.497222 0.567187 0.498611 0.567187 0.493056 0.567969 0.493056 0.569531 0.490278 0.571875 0.488889 0.577344 0.490278 0.575781 0.488889 0.575000 0.487500 0.570312 0.484722 0.568750 0.484722
25 0.483594 0.483333 0.485156 0.484722 0.482812 0.487500 0.484375 0.491667 0.484375 0.495833 0.485156 0.493056 0.485156 0.488889 0.488281 0.487500 0.488281 0.484722 0.486719 0.481944 0.483594 0.483333
25 0.508594 0.480556 0.507031 0.481944 0.506250 0.488889 0.505469 0.490278 0.506250 0.494444 0.508594 0.491667 0.511719 0.490278 0.516406 0.488889 0.517969 0.490278 0.520312 0.488889 0.519531 0.484722 0.518750 0.481944 0.515625 0.480556 0.514844 0.481944 0.513281 0.481944 0.508594 0.480556
25 0.557813 0.475000 0.557031 0.477778 0.555469 0.480556 0.555469 0.483333 0.553125 0.486111 0.551562 0.483333 0.549219 0.486111 0.546875 0.486111 0.549219 0.488889 0.547656 0.490278 0.550781 0.488889 0.550781 0.487500 0.553125 0.486111 0.553906 0.487500 0.556250 0.488889 0.557031 0.484722 0.554688 0.484722 0.555469 0.481944 0.557031 0.479167 0.557813 0.475000
25 0.160156 0.475000 0.160156 0.479167 0.159375 0.481944 0.156250 0.483333 0.157812 0.480556 0.157812 0.477778 0.157031 0.480556 0.156250 0.483333 0.155469 0.487500 0.154688 0.494444 0.153906 0.502778 0.150781 0.502778 0.149219 0.505556 0.153125 0.509722 0.152344 0.512500 0.154688 0.519444 0.156250 0.525000 0.159375 0.530556 0.161719 0.530556 0.167187 0.529167 0.173437 0.526389 0.178906 0.527778 0.175781 0.530556 0.173437 0.530556 0.171875 0.533333 0.168750 0.531944 0.170313 0.531944 0.171094 0.533333 0.173437 0.534722 0.176563 0.536111 0.184375 0.533333 0.187500 0.534722 0.190625 0.531944 0.196094 0.531944 0.201563 0.529167 0.207813 0.527778 0.211719 0.529167 0.215625 0.530556 0.218750 0.531944 0.225000 0.536111 0.226562 0.537500 0.228125 0.540278 0.230469 0.541667 0.232031 0.541667 0.232813 0.540278 0.234375 0.540278 0.235156 0.541667 0.236719 0.541667 0.242969 0.540278 0.246094 0.538889 0.249219 0.536111 0.249219 0.530556 0.244531 0.530556 0.242188 0.533333 0.239063 0.533333 0.238281 0.531944 0.235937 0.531944 0.223438 0.531944 0.222656 0.527778 0.220312 0.527778 0.216406 0.523611 0.210156 0.523611 0.208594 0.525000 0.206250 0.529167 0.200781 0.527778 0.199219 0.526389 0.198437 0.525000 0.189844 0.525000 0.182031 0.527778 0.178125 0.526389 0.182031 0.523611 0.188281 0.523611 0.192188 0.520833 0.195312 0.522222 0.196094 0.520833 0.198437 0.520833 0.196094 0.515278 0.194531 0.513889 0.192969 0.515278 0.189844 0.513889 0.186719 0.509722 0.186719 0.505556 0.184375 0.502778 0.184375 0.501389 0.182031 0.497222 0.180469 0.493056 0.178906 0.494444 0.178906 0.502778 0.178125 0.505556 0.177344 0.506944 0.175781 0.508333 0.173437 0.509722 0.171094 0.504167 0.170313 0.501389 0.169531 0.498611 0.169531 0.484722 0.167969 0.483333 0.165625 0.481944 0.161719 0.480556 0.161719 0.479167 0.160156 0.475000
25 0.987500 0.473611 0.975781 0.475000 0.970313 0.477778 0.961719 0.479167 0.949219 0.480556 0.937500 0.480556 0.917969 0.477778 0.912500 0.479167 0.910937 0.479167 0.904687 0.477778 0.896875 0.479167 0.890625 0.480556 0.887500 0.483333 0.884375 0.484722 0.878125 0.484722 0.876563 0.484722 0.999219 0.484722 0.999219 0.473611 0.987500 0.473611
25 0.562500 0.473611 0.561719 0.476389 0.560156 0.477778 0.560156 0.483333 0.559375 0.484722 0.560937 0.483333 0.567187 0.481944 0.564063 0.477778 0.564063 0.476389 0.562500 0.473611
25 0.125000 0.472222 0.122656 0.476389 0.124219 0.476389 0.129688 0.481944 0.132031 0.481944 0.135937 0.484722 0.137500 0.487500 0.138281 0.483333 0.135156 0.484722 0.132812 0.480556 0.131250 0.480556 0.131250 0.477778 0.128906 0.476389 0.128906 0.475000 0.128125 0.473611 0.126562 0.472222 0.125000 0.472222
25 0.962500 0.120833 0.962500 0.122222 0.967969 0.131944 0.971875 0.133333 0.973437 0.133333 0.975000 0.136111 0.978125 0.130556 0.975000 0.136111 0.978125 0.143056 0.980469 0.147222 0.982812 0.147222 0.984375 0.144444 0.985938 0.143056 0.989844 0.145833 0.990625 0.152778 0.989062 0.155556 0.991406 0.156944 0.992188 0.155556 0.993750 0.155556 0.993750 0.158333 0.992969 0.159722 0.992969 0.162500 0.999219 0.162500 0.999219 0.223611 0.996875 0.222222 0.996094 0.223611 0.994531 0.216667 0.993750 0.219444 0.996094 0.223611 0.996875 0.222222 0.996875 0.226389 0.997656 0.230556 0.997656 0.233333 0.996875 0.240278 0.999219 0.244444 0.999219 0.250000 0.996875 0.247222 0.995313 0.241667 0.992188 0.236111 0.990625 0.231944 0.989844 0.227778 0.987500 0.222222 0.986719 0.220833 0.985156 0.218056 0.983594 0.215278 0.981250 0.213889 0.978906 0.211111 0.975781 0.205556 0.977344 0.198611 0.981250 0.197222 0.978125 0.193056 0.976562 0.191667 0.975781 0.195833 0.977344 0.198611 0.975781 0.205556 0.972656 0.202778 0.971094 0.198611 0.969531 0.198611 0.968750 0.195833 0.968750 0.193056 0.964844 0.180556 0.962500 0.176389 0.962500 0.172222 0.966406 0.172222 0.967969 0.175000 0.967969 0.169444 0.966406 0.166667 0.967187 0.162500 0.966406 0.161111 0.965625 0.155556 0.964844 0.163889 0.966406 0.166667 0.967969 0.169444 0.966406 0.172222 0.962500 0.172222 0.960156 0.165278 0.959375 0.159722 0.959375 0.152778 0.957812 0.145833 0.957031 0.138889 0.957031 0.136111 0.959375 0.126389 0.959375 0.120833 0.960938 0.119444 0.960156 0.116667 0.962500 0.120833
26 0.522656 0.936111 0.521875 0.937500 0.517969 0.937500 0.516406 0.938889 0.528125 0.938889 0.526563 0.937500 0.525781 0.936111 0.522656 0.936111
27 0.297656 0.494444 0.301563 0.495833 0.302344 0.497222 0.303906 0.497222 0.302344 0.495833 0.297656 0.494444
27 0.482031 0.488889 0.483594 0.494444 0.483594 0.491667 0.482031 0.488889
27 0.243750 0.488889 0.242969 0.491667 0.242969 0.494444 0.244531 0.494444 0.245312 0.493056 0.246875 0.493056 0.246094 0.490278 0.243750 0.488889
27 0.593750 0.487500 0.587500 0.498611 0.590625 0.494444 0.590625 0.493056 0.593750 0.487500
27 0.482812 0.484722 0.481250 0.486111 0.484375 0.484722 0.482812 0.484722
27 0.254688 0.479167 0.253906 0.481944 0.256250 0.481944 0.256250 0.479167 0.255469 0.481944 0.254688 0.479167
27 0.156250 0.469444 0.156250 0.476389 0.158594 0.477778 0.158594 0.480556 0.157031 0.483333 0.158594 0.481944 0.160156 0.483333 0.159375 0.477778 0.157812 0.475000 0.156250 0.469444
27 0.305469 0.427778 0.305469 0.458333 0.303125 0.466667 0.302344 0.473611 0.309375 0.473611 0.307031 0.469444 0.306250 0.465278 0.305469 0.454167 0.306250 0.441667 0.305469 0.437500 0.306250 0.436111 0.306250 0.433333 0.305469 0.431944 0.305469 0.427778
27 0.306250 0.395833 0.307031 0.397222 0.307031 0.422222 0.307812 0.423611 0.307812 0.433333 0.307812 0.422222 0.307031 0.420833 0.307031 0.388889 0.306250 0.395833
27 0.994531 0.218056 0.996875 0.223611 0.997656 0.226389 0.998437 0.230556 0.998437 0.233333 0.997656 0.240278 0.999219 0.243056 0.999219 0.225000 0.997656 0.225000 0.996094 0.222222 0.996094 0.220833 0.994531 0.218056
27 0.167187 0.211111 0.167187 0.213889 0.167969 0.216667 0.169531 0.219444 0.169531 0.213889 0.167187 0.211111
27 0.976562 0.193056 0.977344 0.197222 0.980469 0.197222 0.978125 0.194444 0.976562 0.193056
27 0.951562 0.104167 0.951562 0.106944 0.953125 0.109722 0.957812 0.118056 0.960156 0.119444 0.956250 0.111111 0.955469 0.109722 0.953125 0.105556 0.951562 0.104167
27 0.943750 0.088889 0.943750 0.095833 0.945312 0.097222 0.948438 0.097222 0.948438 0.093056 0.946875 0.090278 0.945312 0.090278 0.943750 0.088889
27 0.925781 0.048611 0.926562 0.052778 0.929688 0.054167 0.931250 0.051389 0.927344 0.051389 0.925781 0.048611
27 0.860938 0.016667 0.860938 0.023611 0.864844 0.026389 0.868750 0.027778 0.870313 0.029167 0.871094 0.031944 0.868750 0.037500 0.873437 0.038889 0.875000 0.045833 0.872656 0.052778 0.871094 0.051389 0.868750 0.048611 0.867188 0.048611 0.868750 0.050000 0.870313 0.051389 0.872656 0.052778 0.875000 0.054167 0.880469 0.054167 0.884375 0.056944 0.887500 0.056944 0.889062 0.055556 0.890625 0.052778 0.892969 0.051389 0.895312 0.050000 0.900000 0.048611 0.901563 0.051389 0.905469 0.051389 0.911719 0.045833 0.913281 0.045833 0.918750 0.047222 0.919531 0.043056 0.921094 0.041667 0.923438 0.040278 0.923438 0.037500 0.917969 0.037500 0.917969 0.036111 0.916406 0.033333 0.914062 0.031944 0.913281 0.030556 0.909375 0.022222 0.904687 0.023611 0.902344 0.023611 0.894531 0.022222 0.891406 0.023611 0.889062 0.025000 0.886719 0.026389 0.881250 0.031944 0.878906 0.033333 0.875000 0.031944 0.872656 0.030556 0.867188 0.025000 0.864844 0.022222 0.860938 0.016667
27 0.825000 0.000000 0.832812 0.015278 0.836719 0.022222 0.838281 0.022222 0.841406 0.027778 0.842969 0.027778 0.848437 0.037500 0.851562 0.040278 0.854688 0.044444 0.855469 0.045833 0.855469 0.047222 0.856250 0.048611 0.858594 0.051389 0.861719 0.055556 0.863281 0.055556 0.865625 0.059722 0.869531 0.063889 0.871875 0.065278 0.874219 0.066667 0.879687 0.066667 0.882812 0.069444 0.886719 0.070833 0.893750 0.069444 0.904687 0.070833 0.919531 0.069444 0.924219 0.073611 0.927344 0.079167 0.930469 0.087500 0.932031 0.094444 0.934375 0.106944 0.934375 0.113889 0.938281 0.126389 0.939844 0.129167 0.942969 0.133333 0.947656 0.134722 0.949219 0.133333 0.953906 0.134722 0.955469 0.136111 0.956250 0.137500 0.957031 0.140278 0.958594 0.152778 0.958594 0.159722 0.959375 0.165278 0.961719 0.172222 0.961719 0.176389 0.963281 0.177778 0.967969 0.193056 0.967969 0.195833 0.968750 0.198611 0.971094 0.200000 0.972656 0.204167 0.973437 0.204167 0.975781 0.206944 0.978906 0.212500 0.981250 0.215278 0.983594 0.216667 0.984375 0.218056 0.986719 0.222222 0.989062 0.227778 0.989844 0.231944 0.991406 0.236111 0.994531 0.241667 0.996094 0.247222 0.999219 0.251389 0.999219 0.472222 0.987500 0.472222 0.975781 0.473611 0.970313 0.476389 0.961719 0.477778 0.949219 0.479167 0.937500 0.479167 0.917969 0.476389 0.912500 0.477778 0.910937 0.477778 0.907813 0.476389 0.904687 0.476389 0.896875 0.477778 0.889844 0.480556 0.891406 0.481944 0.889844 0.480556 0.888281 0.480556 0.887500 0.481944 0.884375 0.483333 0.879687 0.481944 0.875781 0.484722 0.872656 0.484722 0.871094 0.484722 0.867188 0.483333 0.820312 0.483333 0.767969 0.488889 0.747656 0.490278 0.727344 0.491667 0.707031 0.493056 0.703906 0.493056 0.700000 0.487500 0.698438 0.486111 0.696875 0.484722 0.694531 0.483333 0.671875 0.483333 0.665625 0.484722 0.663281 0.486111 0.660937 0.487500 0.655469 0.495833 0.653906 0.495833 0.649219 0.487500 0.646875 0.484722 0.642188 0.480556 0.639844 0.480556 0.638281 0.479167 0.635156 0.472222 0.632812 0.470833 0.630469 0.468056 0.628906 0.468056 0.617188 0.469444 0.614844 0.472222 0.612500 0.470833 0.611719 0.468056 0.610156 0.469444 0.609375 0.468056 0.607031 0.468056 0.607031 0.469444 0.603906 0.470833 0.602344 0.473611 0.598437 0.481944 0.597656 0.481944 0.595313 0.486111 0.594531 0.483333 0.585938 0.484722 0.586719 0.480556 0.585938 0.479167 0.585156 0.476389 0.584375 0.481944 0.583594 0.483333 0.582812 0.487500 0.582031 0.484722 0.582812 0.480556 0.583594 0.483333 0.584375 0.477778 0.582812 0.476389 0.582031 0.473611 0.581250 0.477778 0.580469 0.479167 0.580469 0.481944 0.580469 0.477778 0.577344 0.476389 0.576562 0.480556 0.575781 0.483333 0.568750 0.481944 0.568750 0.481944 0.565625 0.479167 0.568750 0.476389 0.567187 0.475000 0.568750 0.473611 0.568750 0.473611 0.570312 0.473611 0.571094 0.472222 0.574219 0.470833 0.567187 0.470833 0.568750 0.473611 0.568750 0.473611 0.565625 0.470833 0.561719 0.472222 0.560937 0.476389 0.559375 0.477778 0.560156 0.481944 0.558594 0.483333 0.567187 0.484722 0.568750 0.481944 0.568750 0.481944 0.567969 0.484722 0.566406 0.486111 0.565625 0.488889 0.565625 0.491667 0.567187 0.494444 0.569531 0.491667 0.571875 0.490278 0.576562 0.490278 0.578125 0.491667 0.576562 0.495833 0.575000 0.497222 0.567969 0.498611 0.567187 0.494444 0.563281 0.493056 0.562500 0.495833 0.560156 0.495833 0.553125 0.495833 0.552344 0.493056 0.550781 0.495833 0.549219 0.491667 0.551562 0.487500 0.553125 0.487500 0.553906 0.488889 0.555469 0.488889 0.557031 0.487500 0.557031 0.483333 0.553906 0.484722 0.555469 0.484722 0.557813 0.479167 0.557031 0.475000 0.554688 0.480556 0.555469 0.484722 0.553906 0.484722 0.551562 0.481944 0.549219 0.484722 0.546094 0.486111 0.548438 0.488889 0.545312 0.488889 0.544531 0.487500 0.522656 0.488889 0.521094 0.488889 0.519531 0.481944 0.517969 0.479167 0.517188 0.477778 0.514844 0.475000 0.514062 0.477778 0.517188 0.477778 0.517969 0.479167 0.515625 0.479167 0.514844 0.480556 0.513281 0.480556 0.508594 0.479167 0.507031 0.480556 0.505469 0.483333 0.505469 0.488889 0.504687 0.493056 0.501563 0.488889 0.499219 0.487500 0.489844 0.487500 0.488281 0.488889 0.485156 0.494444 0.485156 0.490278 0.486719 0.488889 0.488281 0.488889 0.489063 0.484722 0.486719 0.480556 0.483594 0.480556 0.467969 0.481944 0.458594 0.483333 0.454688 0.484722 0.453125 0.487500 0.450781 0.487500 0.449219 0.484722 0.446094 0.487500 0.446094 0.488889 0.446875 0.494444 0.442969 0.500000 0.442188 0.502778 0.442188 0.505556 0.439063 0.504167 0.439844 0.500000 0.441406 0.498611 0.442188 0.493056 0.441406 0.488889 0.442188 0.487500 0.439063 0.487500 0.439063 0.487500 0.438281 0.484722 0.436719 0.484722 0.433594 0.488889 0.432812 0.493056 0.432812 0.497222 0.430469 0.493056 0.428906 0.487500 0.427344 0.484722 0.425000 0.483333 0.423438 0.480556 0.421875 0.481944 0.419531 0.483333 0.414844 0.481944 0.411719 0.484722 0.407813 0.484722 0.404687 0.481944 0.395313 0.480556 0.391406 0.480556 0.385156 0.483333 0.381250 0.483333 0.380469 0.481944 0.375781 0.481944 0.374219 0.484722 0.371094 0.486111 0.369531 0.487500 0.367969 0.490278 0.366406 0.494444 0.365625 0.497222 0.364844 0.500000 0.364844 0.502778 0.364844 0.506944 0.362500 0.505556 0.361719 0.498611 0.360938 0.506944 0.360938 0.490278 0.359375 0.481944 0.359375 0.459722 0.358594 0.454167 0.357031 0.450000 0.357031 0.440278 0.357031 0.438889 0.359375 0.444444 0.360156 0.411111 0.358594 0.394444 0.358594 0.377778 0.356250 0.376389 0.355469 0.381944 0.356250 0.413889 0.357031 0.438889 0.357031 0.440278 0.352344 0.431944 0.352344 0.431944 0.354687 0.422222 0.353906 0.420833 0.353125 0.408333 0.352344 0.431944 0.352344 0.431944 0.350000 0.430556 0.349219 0.429167 0.350781 0.431944 0.352344 0.429167 0.351562 0.401389 0.352344 0.395833 0.351562 0.377778 0.350000 0.365278 0.350000 0.361111 0.350781 0.351389 0.350000 0.347222 0.346875 0.348611 0.346875 0.365278 0.347656 0.393056 0.349219 0.395833 0.350000 0.388889 0.350000 0.409722 0.348438 0.409722 0.348438 0.422222 0.349219 0.429167 0.350000 0.430556 0.345313 0.430556 0.343750 0.418056 0.342969 0.429167 0.340625 0.429167 0.342187 0.426389 0.340625 0.400000 0.340625 0.356944 0.339062 0.336111 0.339062 0.311111 0.338281 0.298611 0.335938 0.297222 0.332813 0.298611 0.332813 0.312500 0.332813 0.354167 0.333594 0.393056 0.335156 0.419444 0.335156 0.427778 0.328125 0.427778 0.320312 0.430556 0.317188 0.430556 0.317188 0.412500 0.315625 0.404167 0.314844 0.394444 0.314063 0.380556 0.314063 0.352778 0.312500 0.351389 0.312500 0.344444 0.313281 0.348611 0.314063 0.344444 0.315625 0.341667 0.315625 0.337500 0.314063 0.336111 0.314844 0.329167 0.314844 0.326389 0.313281 0.320833 0.313281 0.318056 0.312500 0.308333 0.313281 0.300000 0.311719 0.284722 0.310937 0.262500 0.310156 0.265278 0.310937 0.262500 0.310156 0.234722 0.309375 0.237500 0.310156 0.234722 0.310156 0.215278 0.308594 0.213889 0.309375 0.204167 0.308594 0.201389 0.306250 0.197222 0.303906 0.198611 0.302344 0.201389 0.302344 0.237500 0.303906 0.275000 0.304688 0.315278 0.305469 0.358333 0.305469 0.373611 0.304688 0.376389 0.303125 0.377778 0.303906 0.412500 0.303125 0.423611 0.303906 0.437500 0.303906 0.429167 0.302344 0.426389 0.301563 0.462500 0.300000 0.466667 0.300000 0.475000 0.292969 0.475000 0.292969 0.447222 0.292187 0.436111 0.289844 0.438889 0.290625 0.476389 0.288281 0.477778 0.288281 0.466667 0.286719 0.455556 0.287500 0.443056 0.287500 0.434722 0.285938 0.420833 0.286719 0.402778 0.286719 0.400000 0.285156 0.387500 0.285156 0.379167 0.285938 0.368056 0.284375 0.354167 0.282813 0.348611 0.281250 0.351389 0.281250 0.365278 0.281250 0.373611 0.282031 0.375000 0.281250 0.383333 0.282813 0.387500 0.282813 0.390278 0.281250 0.391667 0.282813 0.395833 0.281250 0.398611 0.282813 0.401389 0.281250 0.405556 0.282813 0.411111 0.283594 0.426389 0.282813 0.437500 0.282813 0.443056 0.279687 0.444444 0.278906 0.443056 0.278125 0.440278 0.277344 0.465278 0.278906 0.488889 0.280469 0.486111 0.280469 0.472222 0.279687 0.444444 0.282813 0.443056 0.284375 0.462500 0.283594 0.484722 0.284375 0.491667 0.282031 0.491667 0.281250 0.493056 0.275781 0.493056 0.269531 0.494444 0.266406 0.495833 0.264062 0.497222 0.261719 0.501389 0.260156 0.505556 0.258594 0.511111 0.259375 0.505556 0.257031 0.502778 0.255469 0.501389 0.254688 0.498611 0.257031 0.497222 0.263281 0.495833 0.261719 0.494444 0.260937 0.493056 0.257812 0.493056 0.256250 0.491667 0.254688 0.490278 0.253906 0.486111 0.255469 0.490278 0.256250 0.484722 0.262500 0.484722 0.264062 0.481944 0.264062 0.477778 0.253125 0.476389 0.252344 0.469444 0.251563 0.473611 0.251563 0.465278 0.252344 0.463889 0.251563 0.437500 0.250781 0.443056 0.250781 0.434722 0.251563 0.433333 0.251563 0.420833 0.250000 0.420833 0.250000 0.418056 0.250781 0.416667 0.250000 0.383333 0.249219 0.390278 0.249219 0.384722 0.250000 0.383333 0.250000 0.369444 0.248438 0.366667 0.248438 0.362500 0.249219 0.343056 0.248438 0.315278 0.247656 0.306944 0.246094 0.301389 0.245312 0.301389 0.242969 0.301389 0.242188 0.304167 0.241406 0.306944 0.241406 0.316667 0.242188 0.366667 0.242969 0.393056 0.244531 0.418056 0.245312 0.447222 0.246094 0.444444 0.246094 0.450000 0.245312 0.451389 0.246094 0.486111 0.242969 0.484722 0.242969 0.483333 0.241406 0.480556 0.238281 0.481944 0.237500 0.486111 0.239844 0.486111 0.240625 0.490278 0.241406 0.491667 0.241406 0.494444 0.239844 0.494444 0.239063 0.491667 0.237500 0.488889 0.236719 0.493056 0.236719 0.479167 0.236719 0.465278 0.235937 0.456944 0.235156 0.454167 0.237500 0.454167 0.235937 0.451389 0.235156 0.447222 0.234375 0.443056 0.234375 0.437500 0.235156 0.425000 0.233594 0.400000 0.232813 0.372222 0.232813 0.341667 0.231250 0.284722 0.229687 0.256944 0.228906 0.231944 0.229687 0.229167 0.228906 0.186111 0.227344 0.162500 0.227344 0.141667 0.229687 0.138889 0.230469 0.136111 0.231250 0.131944 0.230469 0.127778 0.228125 0.126389 0.226562 0.120833 0.226562 0.112500 0.228906 0.105556 0.229687 0.102778 0.228125 0.098611 0.226562 0.097222 0.225781 0.094444 0.225781 0.080556 0.227344 0.076389 0.226562 0.069444 0.225781 0.066667 0.225000 0.065278 0.225000 0.047222 0.226562 0.044444 0.226562 0.041667 0.225000 0.038889 0.224219 0.034722 0.223438 0.025000 0.224219 0.013889 0.224219 0.011111 0.222656 0.005556 0.222656 0.000000 0.825000 0.000000
27 0.210156 0.000000 0.210156 0.020833 0.210938 0.022222 0.211719 0.058333 0.211719 0.104167 0.213281 0.136111 0.213281 0.172222 0.214062 0.206944 0.215625 0.237500 0.215625 0.276389 0.217188 0.312500 0.217969 0.351389 0.217969 0.391667 0.218750 0.420833 0.220312 0.444444 0.220312 0.451389 0.219531 0.452778 0.219531 0.459722 0.220312 0.461111 0.220312 0.466667 0.217188 0.463889 0.216406 0.461111 0.214844 0.462500 0.214062 0.458333 0.212500 0.461111 0.214062 0.476389 0.214844 0.465278 0.216406 0.477778 0.217188 0.468056 0.218750 0.469444 0.220312 0.470833 0.220312 0.484722 0.217969 0.486111 0.216406 0.490278 0.214844 0.487500 0.209375 0.491667 0.204687 0.490278 0.203125 0.493056 0.201563 0.493056 0.200000 0.487500 0.199219 0.480556 0.198437 0.487500 0.193750 0.488889 0.192969 0.486111 0.188281 0.486111 0.187500 0.480556 0.186719 0.484722 0.185156 0.484722 0.182031 0.487500 0.178906 0.486111 0.178125 0.477778 0.178125 0.472222 0.178906 0.459722 0.177344 0.459722 0.177344 0.454167 0.178125 0.452778 0.177344 0.427778 0.177344 0.415278 0.178906 0.416667 0.179688 0.419444 0.180469 0.419444 0.182031 0.416667 0.179688 0.413889 0.178906 0.411111 0.178125 0.411111 0.176563 0.400000 0.175781 0.373611 0.175000 0.376389 0.175000 0.363889 0.175781 0.362500 0.175781 0.352778 0.174219 0.341667 0.174219 0.334722 0.175000 0.319444 0.173437 0.318056 0.173437 0.315278 0.174219 0.283333 0.173437 0.256944 0.172656 0.237500 0.171094 0.233333 0.171094 0.211111 0.169531 0.204167 0.167969 0.202778 0.166406 0.202778 0.164844 0.205556 0.164062 0.226389 0.164062 0.229167 0.164844 0.231944 0.164844 0.233333 0.164844 0.266667 0.164844 0.291667 0.164062 0.304167 0.165625 0.315278 0.164062 0.319444 0.165625 0.327778 0.165625 0.330556 0.164844 0.331944 0.164844 0.336111 0.166406 0.337500 0.166406 0.343056 0.167187 0.344444 0.167187 0.376389 0.167969 0.377778 0.167969 0.393056 0.166406 0.391667 0.164844 0.388889 0.164844 0.387500 0.161719 0.387500 0.163281 0.388889 0.166406 0.397222 0.167187 0.397222 0.168750 0.412500 0.169531 0.426389 0.168750 0.447222 0.168750 0.459722 0.170313 0.475000 0.170313 0.481944 0.168750 0.484722 0.167187 0.480556 0.165625 0.480556 0.162500 0.480556 0.160938 0.475000 0.158594 0.470833 0.159375 0.468056 0.156250 0.463889 0.157031 0.459722 0.155469 0.458333 0.155469 0.454167 0.154688 0.452778 0.153906 0.441667 0.153125 0.415278 0.152344 0.377778 0.153125 0.370833 0.157812 0.379167 0.159375 0.377778 0.158594 0.375000 0.157812 0.373611 0.153906 0.366667 0.153125 0.366667 0.151562 0.359722 0.151562 0.350000 0.150781 0.347222 0.149219 0.344444 0.142187 0.344444 0.140625 0.347222 0.140625 0.365278 0.139844 0.370833 0.139063 0.373611 0.137500 0.376389 0.135937 0.383333 0.136719 0.387500 0.136719 0.388889 0.135937 0.386111 0.134375 0.388889 0.135156 0.391667 0.136719 0.388889 0.136719 0.387500 0.138281 0.381944 0.139844 0.377778 0.139844 0.380556 0.140625 0.381944 0.141406 0.406944 0.142187 0.468056 0.141406 0.475000 0.140625 0.477778 0.136719 0.483333 0.135156 0.483333 0.132812 0.479167 0.131250 0.479167 0.129688 0.476389 0.129688 0.475000 0.128125 0.472222 0.126562 0.470833 0.125000 0.470833 0.121875 0.476389 0.114844 0.476389 0.107813 0.473611 0.103125 0.473611 0.094531 0.475000 0.089844 0.472222 0.082812 0.470833 0.077344 0.472222 0.075781 0.472222 0.069531 0.470833 0.063281 0.469444 0.060156 0.466667 0.057031 0.466667 0.053906 0.468056 0.053125 0.469444 0.051562 0.469444 0.050781 0.468056 0.043750 0.465278 0.036719 0.463889 0.034375 0.463889 0.033594 0.465278 0.031250 0.465278 0.025000 0.463889 0.021094 0.466667 0.007812 0.466667 0.007031 0.465278 0.000000 0.465278 0.000000 0.000000 0.210156 0.000000
2 0.989844 0.698611 0.988281 0.698611 0.987500 0.697222 0.985938 0.697222 0.976562 0.698611 0.968750 0.700000 0.961719 0.701389 0.957031 0.702778 0.953125 0.704167 0.951562 0.705556 0.945312 0.713889 0.942969 0.716667 0.939063 0.718056 0.935937 0.722222 0.934375 0.723611 0.930469 0.725000 0.928125 0.727778 0.921875 0.738889 0.920312 0.743056 0.918750 0.747222 0.916406 0.755556 0.914844 0.762500 0.913281 0.769444 0.913281 0.773611 0.911719 0.777778 0.910937 0.784722 0.910156 0.813889 0.910156 0.816667 0.910156 0.836111 0.910156 0.838889 0.910156 0.850000 0.910937 0.863889 0.912500 0.870833 0.912500 0.877778 0.914062 0.886111 0.914844 0.890278 0.917969 0.897222 0.921875 0.904167 0.924219 0.911111 0.924219 0.918056 0.925781 0.925000 0.930469 0.943056 0.931250 0.945833 0.932813 0.948611 0.935156 0.951389 0.939063 0.954167 0.940625 0.954167 0.943750 0.952778 0.946875 0.955556 0.956250 0.954167 0.960938 0.951389 0.978906 0.951389 0.999219 0.952778 0.999219 0.695833 0.996875 0.695833 0.994531 0.693056 0.989844 0.698611
2 0.814844 0.491667 0.785156 0.493056 0.779687 0.494444 0.777344 0.495833 0.775781 0.497222 0.774219 0.498611 0.771875 0.501389 0.769531 0.505556 0.767969 0.506944 0.766406 0.508333 0.764844 0.508333 0.763281 0.509722 0.760938 0.512500 0.754687 0.523611 0.752344 0.525000 0.747656 0.526389 0.746094 0.527778 0.744531 0.529167 0.740625 0.534722 0.735156 0.544444 0.732031 0.550000 0.731250 0.552778 0.730469 0.555556 0.729688 0.561111 0.728906 0.568056 0.728906 0.576389 0.730469 0.584722 0.730469 0.593056 0.731250 0.600000 0.732031 0.604167 0.734375 0.612500 0.735156 0.615278 0.735938 0.616667 0.737500 0.618056 0.739062 0.619444 0.741406 0.620833 0.749219 0.620833 0.751563 0.616667 0.751563 0.615278 0.754687 0.609722 0.757031 0.608333 0.761719 0.608333 0.765625 0.609722 0.769531 0.612500 0.773438 0.612500 0.776563 0.615278 0.779687 0.615278 0.782813 0.616667 0.785156 0.618056 0.786719 0.619444 0.787500 0.620833 0.787500 0.622222 0.790625 0.630556 0.793750 0.634722 0.798438 0.638889 0.805469 0.641667 0.808594 0.641667 0.814063 0.636111 0.828906 0.637500 0.831250 0.637500 0.834375 0.636111 0.842187 0.627778 0.844531 0.627778 0.848437 0.623611 0.853125 0.622222 0.874219 0.623611 0.876563 0.625000 0.879687 0.629167 0.882031 0.631944 0.884375 0.637500 0.885156 0.638889 0.886719 0.640278 0.888281 0.641667 0.890625 0.643056 0.894531 0.643056 0.896875 0.641667 0.898438 0.640278 0.900000 0.637500 0.900781 0.637500 0.901563 0.636111 0.903906 0.630556 0.906250 0.620833 0.907031 0.618056 0.911719 0.616667 0.914844 0.615278 0.916406 0.613889 0.917969 0.611111 0.919531 0.606944 0.920312 0.600000 0.921094 0.588889 0.921094 0.586111 0.920312 0.579167 0.917969 0.569444 0.917188 0.556944 0.916406 0.554167 0.914844 0.551389 0.914062 0.543056 0.911719 0.534722 0.909375 0.529167 0.907813 0.526389 0.903906 0.527778 0.900000 0.525000 0.896094 0.525000 0.893750 0.520833 0.893750 0.519444 0.890625 0.513889 0.889062 0.512500 0.887500 0.511111 0.884375 0.509722 0.882031 0.509722 0.878906 0.508333 0.874219 0.504167 0.871094 0.498611 0.868750 0.497222 0.864844 0.494444 0.854688 0.493056 0.842969 0.491667 0.834375 0.493056 0.828906 0.493056 0.814844 0.491667
2 0.467969 0.483333 0.458594 0.484722 0.454688 0.486111 0.451562 0.491667 0.450000 0.498611 0.446094 0.511111 0.445312 0.515278 0.445312 0.519444 0.445312 0.530556 0.446094 0.533333 0.446875 0.536111 0.450000 0.541667 0.457031 0.541667 0.465625 0.538889 0.467969 0.538889 0.473438 0.540278 0.475781 0.543056 0.477344 0.543056 0.478906 0.544444 0.483594 0.543056 0.485156 0.540278 0.485938 0.522222 0.493750 0.523611 0.498437 0.522222 0.497656 0.525000 0.496094 0.527778 0.495312 0.534722 0.495312 0.544444 0.496094 0.554167 0.496875 0.559722 0.498437 0.565278 0.500000 0.566667 0.505469 0.572222 0.507812 0.573611 0.510938 0.575000 0.514844 0.575000 0.517188 0.577778 0.519531 0.576389 0.521094 0.575000 0.522656 0.572222 0.523438 0.568056 0.525000 0.565278 0.526563 0.563889 0.528906 0.562500 0.538281 0.562500 0.540625 0.565278 0.548438 0.565278 0.551562 0.566667 0.553125 0.568056 0.556250 0.575000 0.560156 0.576389 0.562500 0.572222 0.563281 0.569444 0.564063 0.559722 0.564063 0.527778 0.562500 0.518056 0.561719 0.515278 0.558594 0.511111 0.557813 0.509722 0.555469 0.504167 0.555469 0.502778 0.553906 0.500000 0.551562 0.498611 0.549219 0.493056 0.548438 0.491667 0.546875 0.490278 0.544531 0.488889 0.523438 0.488889 0.517969 0.491667 0.511719 0.491667 0.508594 0.493056 0.506250 0.495833 0.504687 0.494444 0.503125 0.491667 0.501563 0.490278 0.499219 0.488889 0.489844 0.488889 0.488281 0.490278 0.485156 0.495833 0.483594 0.501389 0.482812 0.495833 0.481250 0.491667 0.478906 0.487500 0.476562 0.484722 0.473438 0.483333 0.467969 0.483333
2 0.391406 0.481944 0.385156 0.484722 0.381250 0.484722 0.380469 0.483333 0.375781 0.483333 0.374219 0.486111 0.371094 0.487500 0.369531 0.488889 0.368750 0.490278 0.367969 0.493056 0.365625 0.506944 0.364063 0.509722 0.361719 0.523611 0.358594 0.530556 0.356250 0.538889 0.356250 0.577778 0.357812 0.612500 0.361719 0.612500 0.364063 0.613889 0.366406 0.613889 0.368750 0.612500 0.371094 0.612500 0.372656 0.611111 0.374219 0.608333 0.375781 0.606944 0.379688 0.604167 0.386719 0.605556 0.389062 0.605556 0.389844 0.604167 0.392969 0.604167 0.395313 0.605556 0.396875 0.609722 0.398438 0.611111 0.400000 0.612500 0.403906 0.612500 0.407813 0.609722 0.412500 0.609722 0.415625 0.606944 0.421094 0.606944 0.422656 0.608333 0.425000 0.612500 0.427344 0.613889 0.429688 0.615278 0.434375 0.615278 0.437500 0.620833 0.439844 0.622222 0.441406 0.620833 0.442969 0.618056 0.443750 0.577778 0.443750 0.559722 0.443750 0.537500 0.442969 0.533333 0.439063 0.518056 0.437500 0.512500 0.435156 0.509722 0.434375 0.508333 0.433594 0.505556 0.432812 0.500000 0.432031 0.497222 0.429688 0.493056 0.428125 0.488889 0.428125 0.487500 0.427344 0.486111 0.425000 0.484722 0.421875 0.483333 0.419531 0.484722 0.414844 0.483333 0.411719 0.486111 0.407813 0.486111 0.404687 0.483333 0.395313 0.481944 0.391406 0.481944
2 0.310156 0.476389 0.317969 0.475000 0.321094 0.476389 0.322656 0.477778 0.325000 0.480556 0.326562 0.484722 0.327344 0.487500 0.328125 0.494444 0.328906 0.497222 0.329688 0.498611 0.332031 0.501389 0.334375 0.509722 0.333594 0.522222 0.314063 0.522222 0.311719 0.513889 0.310937 0.516667 0.314063 0.522222 0.333594 0.522222 0.333594 0.525000 0.335156 0.538889 0.335156 0.544444 0.333594 0.548611 0.331250 0.552778 0.325000 0.558333 0.319531 0.558333 0.318750 0.565278 0.317969 0.570833 0.315625 0.575000 0.310156 0.583333 0.307812 0.586111 0.304688 0.587500 0.302344 0.588889 0.299219 0.590278 0.296875 0.590278 0.294531 0.587500 0.292969 0.587500 0.286719 0.588889 0.285156 0.586111 0.286719 0.581944 0.290625 0.581944 0.291406 0.583333 0.295312 0.581944 0.296094 0.579167 0.294531 0.576389 0.285156 0.576389 0.281250 0.576389 0.275000 0.577778 0.274219 0.586111 0.273438 0.590278 0.272656 0.593056 0.271094 0.595833 0.263281 0.594444 0.259375 0.597222 0.255469 0.597222 0.253906 0.594444 0.251563 0.586111 0.250781 0.573611 0.251563 0.566667 0.251563 0.563889 0.250781 0.552778 0.251563 0.543056 0.253906 0.534722 0.254688 0.530556 0.254688 0.523611 0.255469 0.520833 0.257812 0.513889 0.260156 0.509722 0.262500 0.501389 0.264062 0.498611 0.266406 0.497222 0.269531 0.495833 0.275781 0.494444 0.282031 0.493056 0.285938 0.494444 0.286719 0.490278 0.285156 0.488889 0.285938 0.481944 0.287500 0.479167 0.289062 0.477778 0.292187 0.476389 0.301563 0.475000 0.302344 0.494444 0.297656 0.495833 0.301563 0.497222 0.302344 0.498611 0.304688 0.497222 0.303125 0.495833 0.302344 0.494444 0.301563 0.475000 0.310156 0.476389
2 0.607031 0.470833 0.603125 0.473611 0.598437 0.483333 0.594531 0.487500 0.591406 0.493056 0.591406 0.494444 0.587500 0.500000 0.585938 0.502778 0.581250 0.512500 0.578906 0.515278 0.578125 0.515278 0.577344 0.525000 0.575781 0.529167 0.575781 0.534722 0.576562 0.551389 0.578125 0.556944 0.579688 0.559722 0.582031 0.561111 0.592187 0.561111 0.596094 0.565278 0.598437 0.566667 0.601562 0.568056 0.604688 0.568056 0.607812 0.569444 0.610156 0.572222 0.621094 0.572222 0.624219 0.570833 0.626563 0.569444 0.628906 0.568056 0.630469 0.566667 0.631250 0.565278 0.632812 0.561111 0.634375 0.559722 0.635938 0.558333 0.640625 0.558333 0.646094 0.559722 0.648438 0.562500 0.650781 0.566667 0.652344 0.568056 0.653906 0.569444 0.657813 0.570833 0.659375 0.568056 0.660156 0.565278 0.660937 0.562500 0.661719 0.558333 0.663281 0.545833 0.664062 0.537500 0.664844 0.541667 0.665625 0.544444 0.667188 0.545833 0.685156 0.545833 0.686719 0.544444 0.689063 0.540278 0.691406 0.540278 0.699219 0.541667 0.700781 0.543056 0.702344 0.545833 0.702344 0.547222 0.704688 0.551389 0.707812 0.550000 0.710156 0.545833 0.710938 0.543056 0.711719 0.540278 0.714063 0.527778 0.714063 0.516667 0.712500 0.509722 0.712500 0.502778 0.708594 0.495833 0.706250 0.494444 0.703906 0.494444 0.700000 0.488889 0.698438 0.487500 0.696875 0.486111 0.694531 0.484722 0.671875 0.484722 0.665625 0.486111 0.663281 0.487500 0.660937 0.488889 0.657813 0.493056 0.656250 0.495833 0.657813 0.498611 0.656250 0.500000 0.653906 0.497222 0.649219 0.488889 0.646875 0.486111 0.642188 0.481944 0.639844 0.481944 0.638281 0.480556 0.634375 0.472222 0.632812 0.472222 0.632031 0.470833 0.617188 0.470833 0.613281 0.472222 0.610938 0.470833 0.607031 0.470833
2 0.025000 0.465278 0.021094 0.468056 0.007031 0.466667 0.000000 0.466667 0.000000 0.780556 0.005469 0.780556 0.009375 0.777778 0.013281 0.776389 0.021875 0.777778 0.024219 0.779167 0.028125 0.779167 0.031250 0.781944 0.044531 0.781944 0.053906 0.779167 0.062500 0.779167 0.064062 0.781944 0.066406 0.783333 0.073438 0.783333 0.075781 0.786111 0.080469 0.787500 0.080469 0.790278 0.078906 0.794444 0.081250 0.795833 0.082812 0.798611 0.083594 0.801389 0.085938 0.798611 0.088281 0.798611 0.092969 0.802778 0.095312 0.806944 0.097656 0.808333 0.100000 0.812500 0.100781 0.820833 0.101562 0.823611 0.103906 0.827778 0.105469 0.829167 0.110937 0.829167 0.115625 0.825000 0.117969 0.822222 0.119531 0.819444 0.119531 0.818056 0.121094 0.815278 0.122656 0.812500 0.124219 0.809722 0.126562 0.808333 0.125000 0.805556 0.123438 0.801389 0.123438 0.798611 0.125000 0.780556 0.125000 0.763889 0.125781 0.758333 0.126562 0.754167 0.128906 0.750000 0.129688 0.745833 0.133594 0.738889 0.135937 0.737500 0.137500 0.734722 0.137500 0.733333 0.139063 0.730556 0.140625 0.729167 0.144531 0.727778 0.146094 0.726389 0.149219 0.720833 0.153906 0.716667 0.156250 0.715278 0.163281 0.716667 0.164062 0.719444 0.164844 0.730556 0.165625 0.736111 0.168750 0.741667 0.169531 0.741667 0.171875 0.745833 0.172656 0.750000 0.175000 0.750000 0.176563 0.750000 0.182812 0.745833 0.185156 0.744444 0.187500 0.740278 0.189062 0.740278 0.193750 0.731944 0.195312 0.725000 0.196094 0.720833 0.196875 0.716667 0.197656 0.709722 0.198437 0.666667 0.198437 0.631944 0.197656 0.620833 0.196875 0.613889 0.194531 0.605556 0.191406 0.584722 0.190625 0.581944 0.189844 0.579167 0.186719 0.573611 0.182812 0.563889 0.182031 0.561111 0.182031 0.556944 0.181250 0.554167 0.178906 0.550000 0.177344 0.548611 0.169531 0.550000 0.167969 0.548611 0.166406 0.547222 0.164062 0.543056 0.162500 0.537500 0.155469 0.525000 0.153125 0.515278 0.150781 0.511111 0.150000 0.511111 0.148438 0.508333 0.145313 0.501389 0.142969 0.498611 0.142187 0.498611 0.141406 0.497222 0.141406 0.495833 0.139844 0.491667 0.138281 0.488889 0.135937 0.486111 0.132031 0.483333 0.129688 0.483333 0.124219 0.477778 0.114844 0.477778 0.107813 0.475000 0.103125 0.475000 0.094531 0.476389 0.089844 0.473611 0.082812 0.472222 0.077344 0.473611 0.075781 0.473611 0.069531 0.472222 0.063281 0.470833 0.060156 0.468056 0.057031 0.468056 0.053906 0.469444 0.053125 0.470833 0.051562 0.470833 0.050781 0.469444 0.043750 0.466667 0.030469 0.465278 0.025000 0.465278
4 0.328125 0.429167 0.321094 0.430556 0.317188 0.431944 0.314844 0.433333 0.313281 0.434722 0.311719 0.437500 0.310937 0.440278 0.310156 0.455556 0.310156 0.475000 0.318750 0.473611 0.321094 0.475000 0.322656 0.476389 0.325000 0.479167 0.326562 0.481944 0.327344 0.484722 0.328125 0.487500 0.328906 0.494444 0.329688 0.497222 0.332813 0.501389 0.335156 0.509722 0.334375 0.522222 0.334375 0.525000 0.335156 0.537500 0.337500 0.541667 0.339844 0.543056 0.342969 0.543056 0.346094 0.541667 0.348438 0.540278 0.350781 0.538889 0.352344 0.537500 0.353906 0.536111 0.357031 0.531944 0.357812 0.529167 0.358594 0.526389 0.359375 0.520833 0.359375 0.513889 0.360938 0.509722 0.360156 0.490278 0.358594 0.481944 0.358594 0.459722 0.357812 0.454167 0.356250 0.450000 0.356250 0.440278 0.352344 0.433333 0.350000 0.431944 0.344531 0.430556 0.339844 0.429167 0.328125 0.429167
19 0.564844 0.495833 0.566406 0.500000 0.567969 0.501389 0.575000 0.501389 0.575781 0.504167 0.577344 0.501389 0.579688 0.501389 0.582812 0.504167 0.585156 0.502778 0.581250 0.511111 0.578125 0.512500 0.576562 0.516667 0.576562 0.525000 0.575000 0.529167 0.575000 0.534722 0.575781 0.551389 0.576562 0.554167 0.577344 0.556944 0.579688 0.561111 0.582031 0.562500 0.592187 0.562500 0.596094 0.566667 0.598437 0.568056 0.601562 0.569444 0.604688 0.569444 0.607812 0.570833 0.610156 0.573611 0.621094 0.573611 0.624219 0.572222 0.626563 0.570833 0.628906 0.569444 0.630469 0.568056 0.632031 0.565278 0.632031 0.563889 0.632812 0.562500 0.634375 0.561111 0.635938 0.559722 0.640625 0.559722 0.646094 0.561111 0.648438 0.563889 0.650781 0.568056 0.652344 0.569444 0.653906 0.570833 0.657813 0.572222 0.660156 0.568056 0.660937 0.565278 0.661719 0.562500 0.662500 0.558333 0.662500 0.552778 0.663281 0.547222 0.666406 0.545833 0.685156 0.547222 0.686719 0.545833 0.689063 0.541667 0.691406 0.541667 0.699219 0.543056 0.700781 0.544444 0.701562 0.545833 0.704688 0.552778 0.707812 0.551389 0.710938 0.545833 0.710938 0.545833 0.709375 0.548611 0.710156 0.551389 0.714063 0.554167 0.716406 0.552778 0.718750 0.548611 0.715625 0.545833 0.710938 0.545833 0.710938 0.545833 0.711719 0.543056 0.712500 0.540278 0.713281 0.533333 0.714844 0.527778 0.718750 0.529167 0.728125 0.533333 0.739844 0.533333 0.735938 0.543056 0.731250 0.550000 0.730469 0.552778 0.729688 0.555556 0.728906 0.561111 0.728125 0.568056 0.728125 0.576389 0.729688 0.584722 0.729688 0.593056 0.730469 0.600000 0.731250 0.604167 0.734375 0.615278 0.735938 0.618056 0.739062 0.620833 0.741406 0.622222 0.749219 0.622222 0.752344 0.616667 0.752344 0.615278 0.754687 0.611111 0.757031 0.609722 0.761719 0.609722 0.765625 0.611111 0.769531 0.613889 0.773438 0.613889 0.776563 0.616667 0.779687 0.616667 0.782813 0.618056 0.785156 0.619444 0.786719 0.620833 0.789844 0.629167 0.789844 0.630556 0.790625 0.631944 0.793750 0.636111 0.798438 0.640278 0.802344 0.641667 0.805469 0.643056 0.808594 0.643056 0.814063 0.637500 0.828906 0.638889 0.831250 0.638889 0.834375 0.637500 0.839063 0.631944 0.842187 0.629167 0.844531 0.629167 0.848437 0.625000 0.853125 0.623611 0.874219 0.625000 0.876563 0.626389 0.882031 0.633333 0.883594 0.636111 0.883594 0.637500 0.885156 0.640278 0.888281 0.643056 0.890625 0.644444 0.894531 0.644444 0.896875 0.643056 0.898438 0.641667 0.900781 0.638889 0.902344 0.636111 0.902344 0.634722 0.904687 0.630556 0.907031 0.620833 0.907813 0.618056 0.911719 0.618056 0.914844 0.616667 0.916406 0.615278 0.918750 0.611111 0.920312 0.606944 0.921094 0.600000 0.921875 0.588889 0.921875 0.586111 0.921094 0.579167 0.918750 0.569444 0.917969 0.562500 0.917969 0.555556 0.916406 0.552778 0.918750 0.552778 0.919531 0.554167 0.923438 0.555556 0.920312 0.556944 0.926562 0.556944 0.928125 0.556944 0.928125 0.559722 0.930469 0.559722 0.937500 0.562500 0.946875 0.562500 0.959375 0.566667 0.983594 0.576389 0.987500 0.576389 0.996094 0.580556 0.999219 0.580556 0.999219 0.694444 0.996875 0.694444 0.994531 0.691667 0.989844 0.697222 0.988281 0.697222 0.987500 0.695833 0.985938 0.695833 0.976562 0.697222 0.968750 0.698611 0.961719 0.700000 0.957031 0.701389 0.953125 0.702778 0.951562 0.704167 0.945312 0.712500 0.942969 0.715278 0.939063 0.716667 0.935937 0.720833 0.934375 0.722222 0.930469 0.723611 0.928125 0.726389 0.921094 0.738889 0.919531 0.743056 0.917969 0.747222 0.915625 0.755556 0.914062 0.762500 0.912500 0.769444 0.912500 0.773611 0.910937 0.777778 0.910156 0.784722 0.909375 0.813889 0.909375 0.816667 0.909375 0.836111 0.909375 0.838889 0.909375 0.850000 0.910156 0.863889 0.911719 0.870833 0.911719 0.877778 0.913281 0.886111 0.914062 0.890278 0.917188 0.897222 0.921094 0.904167 0.923438 0.911111 0.923438 0.918056 0.925000 0.925000 0.928125 0.936111 0.929688 0.943056 0.930469 0.945833 0.932813 0.950000 0.935156 0.952778 0.939063 0.955556 0.940625 0.955556 0.943750 0.954167 0.946875 0.956944 0.956250 0.955556 0.960938 0.952778 0.978906 0.952778 0.999219 0.954167 0.999219 0.998611 0.992969 0.998611 0.992188 0.997222 0.977344 0.995833 0.969531 0.994444 0.946094 0.988889 0.893750 0.975000 0.882031 0.972222 0.870313 0.969444 0.862500 0.968056 0.781250 0.952778 0.773438 0.951389 0.751563 0.947222 0.743750 0.945833 0.728125 0.944444 0.666406 0.938889 0.619531 0.934722 0.577344 0.937500 0.535937 0.938889 0.528906 0.938889 0.527344 0.936111 0.525781 0.934722 0.522656 0.934722 0.521875 0.936111 0.517969 0.936111 0.515625 0.938889 0.495312 0.938889 0.464844 0.941667 0.419531 0.945833 0.389062 0.948611 0.374219 0.950000 0.296094 0.963889 0.261719 0.969444 0.244531 0.972222 0.232031 0.973611 0.220312 0.975000 0.183594 0.979167 0.060937 0.993056 0.024219 0.995833 0.011719 0.998611 0.000000 0.998611 0.000000 0.781944 0.005469 0.781944 0.009375 0.779167 0.012500 0.777778 0.020313 0.777778 0.021875 0.779167 0.024219 0.780556 0.028125 0.780556 0.031250 0.783333 0.044531 0.783333 0.053906 0.780556 0.062500 0.780556 0.064062 0.783333 0.066406 0.784722 0.073438 0.784722 0.075781 0.787500 0.079687 0.787500 0.079687 0.790278 0.078125 0.794444 0.081250 0.797222 0.082031 0.798611 0.082031 0.800000 0.083594 0.802778 0.085938 0.800000 0.088281 0.800000 0.092969 0.804167 0.094531 0.806944 0.094531 0.808333 0.097656 0.809722 0.099219 0.812500 0.100000 0.820833 0.100781 0.823611 0.103906 0.829167 0.105469 0.830556 0.110937 0.830556 0.115625 0.826389 0.117969 0.823611 0.121094 0.816667 0.124219 0.811111 0.127344 0.808333 0.125781 0.805556 0.124219 0.801389 0.124219 0.798611 0.125781 0.780556 0.125781 0.763889 0.126562 0.758333 0.127344 0.754167 0.129688 0.750000 0.130469 0.745833 0.133594 0.740278 0.135937 0.738889 0.138281 0.733333 0.139063 0.731944 0.140625 0.730556 0.144531 0.729167 0.146094 0.727778 0.149219 0.722222 0.153906 0.718056 0.156250 0.716667 0.162500 0.716667 0.163281 0.719444 0.163281 0.725000 0.164062 0.730556 0.164844 0.736111 0.169531 0.743056 0.171094 0.745833 0.171875 0.750000 0.173437 0.752778 0.175000 0.751389 0.176563 0.751389 0.182812 0.747222 0.185156 0.745833 0.187500 0.741667 0.189062 0.741667 0.194531 0.731944 0.196094 0.725000 0.196875 0.720833 0.197656 0.716667 0.198437 0.709722 0.199219 0.666667 0.199219 0.631944 0.198437 0.620833 0.197656 0.613889 0.195312 0.605556 0.192188 0.584722 0.191406 0.581944 0.190625 0.579167 0.187500 0.573611 0.183594 0.563889 0.182812 0.561111 0.182812 0.556944 0.182031 0.554167 0.178906 0.548611 0.177344 0.547222 0.170313 0.548611 0.166406 0.545833 0.164844 0.543056 0.163281 0.538889 0.165625 0.530556 0.167969 0.529167 0.172656 0.529167 0.173437 0.527778 0.178125 0.527778 0.182031 0.525000 0.188281 0.525000 0.191406 0.520833 0.191406 0.523611 0.195312 0.523611 0.200000 0.520833 0.200000 0.523611 0.189844 0.523611 0.182812 0.525000 0.178906 0.526389 0.174219 0.527778 0.171875 0.531944 0.167969 0.531944 0.170313 0.533333 0.166406 0.538889 0.169531 0.544444 0.171875 0.545833 0.173437 0.545833 0.174219 0.541667 0.175781 0.537500 0.177344 0.536111 0.184375 0.534722 0.187500 0.536111 0.190625 0.533333 0.196094 0.533333 0.201563 0.530556 0.207031 0.529167 0.211719 0.530556 0.215625 0.531944 0.218750 0.533333 0.225000 0.537500 0.226562 0.538889 0.228125 0.541667 0.230469 0.543056 0.232031 0.543056 0.232813 0.541667 0.234375 0.541667 0.235156 0.543056 0.236719 0.543056 0.242969 0.541667 0.246094 0.540278 0.248438 0.538889 0.250000 0.536111 0.250000 0.530556 0.244531 0.529167 0.242188 0.531944 0.239063 0.531944 0.238281 0.530556 0.235937 0.530556 0.224219 0.531944 0.223438 0.527778 0.220312 0.526389 0.216406 0.522222 0.210156 0.522222 0.214062 0.520833 0.219531 0.522222 0.222656 0.525000 0.225781 0.525000 0.227344 0.527778 0.228906 0.527778 0.234375 0.530556 0.239844 0.530556 0.252344 0.527778 0.253906 0.527778 0.253906 0.530556 0.253125 0.531944 0.250781 0.543056 0.250000 0.552778 0.250781 0.563889 0.250781 0.566667 0.250000 0.573611 0.250781 0.586111 0.253125 0.594444 0.255469 0.598611 0.259375 0.598611 0.263281 0.595833 0.271094 0.597222 0.273438 0.593056 0.274219 0.590278 0.275000 0.586111 0.275000 0.579167 0.281250 0.577778 0.285156 0.577778 0.286719 0.579167 0.284375 0.584722 0.286719 0.590278 0.294531 0.588889 0.296094 0.591667 0.299219 0.591667 0.303125 0.590278 0.305469 0.587500 0.307812 0.587500 0.310156 0.584722 0.315625 0.576389 0.318750 0.570833 0.319531 0.559722 0.325000 0.559722 0.331250 0.554167 0.334375 0.548611 0.335938 0.544444 0.335938 0.540278 0.337500 0.543056 0.339844 0.544444 0.342969 0.544444 0.346094 0.543056 0.348438 0.541667 0.350781 0.540278 0.352344 0.538889 0.353906 0.537500 0.357031 0.533333 0.357812 0.530556 0.357031 0.533333 0.355469 0.538889 0.355469 0.577778 0.356250 0.611111 0.357812 0.613889 0.361719 0.613889 0.364063 0.615278 0.366406 0.615278 0.368750 0.613889 0.371094 0.613889 0.372656 0.612500 0.374219 0.609722 0.375781 0.608333 0.379688 0.605556 0.386719 0.606944 0.389062 0.606944 0.389844 0.605556 0.392969 0.605556 0.396094 0.608333 0.396875 0.611111 0.398438 0.612500 0.400000 0.613889 0.403906 0.613889 0.407813 0.611111 0.412500 0.611111 0.415625 0.608333 0.421094 0.608333 0.422656 0.609722 0.425000 0.613889 0.427344 0.615278 0.429688 0.616667 0.434375 0.616667 0.437500 0.622222 0.439063 0.623611 0.441406 0.622222 0.443750 0.618056 0.444531 0.577778 0.444531 0.559722 0.444531 0.537500 0.442188 0.529167 0.442969 0.527778 0.442188 0.525000 0.440625 0.523611 0.439844 0.520833 0.441406 0.516667 0.444531 0.516667 0.445312 0.520833 0.444531 0.529167 0.446094 0.536111 0.450000 0.543056 0.457031 0.543056 0.465625 0.540278 0.467969 0.540278 0.473438 0.541667 0.475781 0.544444 0.477344 0.544444 0.483594 0.544444 0.485938 0.540278 0.485938 0.523611 0.492969 0.525000 0.497656 0.522222 0.498437 0.519444 0.497656 0.522222 0.496875 0.525000 0.495312 0.527778 0.494531 0.534722 0.494531 0.544444 0.495312 0.554167 0.496094 0.559722 0.496875 0.563889 0.498437 0.566667 0.505469 0.573611 0.507812 0.575000 0.510938 0.576389 0.514844 0.576389 0.517188 0.579167 0.519531 0.577778 0.521094 0.576389 0.523438 0.572222 0.524219 0.568056 0.525000 0.566667 0.526563 0.565278 0.528906 0.563889 0.538281 0.563889 0.540625 0.566667 0.548438 0.566667 0.551562 0.568056 0.553125 0.569444 0.555469 0.575000 0.559375 0.577778 0.563281 0.572222 0.564063 0.569444 0.564844 0.559722 0.564844 0.527778 0.563281 0.518056 0.562500 0.515278 0.558594 0.509722 0.556250 0.504167 0.555469 0.501389 0.559375 0.501389 0.559375 0.498611 0.560156 0.501389 0.561719 0.505556 0.562500 0.501389 0.563281 0.495833 0.564844 0.495833
19 0.907031 0.009722 0.905469 0.013889 0.907031 0.012500 0.908594 0.012500 0.908594 0.009722 0.907031 0.009722
19 0.864062 0.000000 0.864062 0.002778 0.861719 0.005556 0.862500 0.008333 0.864062 0.009722 0.866406 0.009722 0.871094 0.013889 0.873437 0.015278 0.876563 0.016667 0.882031 0.016667 0.885156 0.019444 0.889844 0.020833 0.895312 0.020833 0.898438 0.019444 0.900781 0.018056 0.901563 0.016667 0.903125 0.015278 0.902344 0.012500 0.901563 0.009722 0.898438 0.006944 0.896094 0.004167 0.892188 0.004167 0.891406 0.001389 0.889844 0.004167 0.887500 0.004167 0.885156 0.000000 0.864062 0.000000
