3 0.521094 0.334722 0.518750 0.336111 0.517188 0.337500 0.516406 0.338889 0.515625 0.341667 0.513281 0.350000 0.511719 0.359722 0.511719 0.366667 0.512500 0.368056 0.511719 0.376389 0.511719 0.380556 0.512500 0.390278 0.510938 0.445833 0.510938 0.448611 0.511719 0.450000 0.512500 0.455556 0.512500 0.462500 0.514062 0.470833 0.517188 0.475000 0.521875 0.475000 0.521875 0.473611 0.523438 0.470833 0.525781 0.469444 0.528906 0.469444 0.532031 0.465278 0.534375 0.463889 0.537500 0.463889 0.547656 0.466667 0.549219 0.466667 0.553125 0.465278 0.556250 0.470833 0.560156 0.470833 0.563281 0.473611 0.566406 0.475000 0.571875 0.475000 0.575000 0.469444 0.577344 0.461111 0.578125 0.456944 0.578906 0.443056 0.578125 0.413889 0.578125 0.405556 0.579688 0.394444 0.579688 0.390278 0.578906 0.388889 0.578906 0.383333 0.580469 0.373611 0.580469 0.359722 0.579688 0.347222 0.578906 0.343056 0.577344 0.340278 0.572656 0.336111 0.567187 0.337500 0.564063 0.337500 0.558594 0.336111 0.542969 0.337500 0.530469 0.334722 0.521094 0.334722
19 0.994531 0.748611 0.992969 0.751389 0.992969 0.754167 0.994531 0.756944 0.996094 0.756944 0.997656 0.759722 0.997656 0.766667 0.999219 0.766667 0.998437 0.754167 0.999219 0.748611 0.994531 0.748611
19 0.996875 0.741667 0.997656 0.745833 0.999219 0.745833 0.999219 0.741667 0.996875 0.741667
19 0.907813 0.619444 0.907031 0.623611 0.908594 0.623611 0.910156 0.620833 0.907813 0.619444
19 0.896094 0.495833 0.895312 0.498611 0.896875 0.498611 0.896094 0.495833
19 0.986719 0.486111 0.985938 0.488889 0.985938 0.493056 0.987500 0.495833 0.989844 0.493056 0.994531 0.491667 0.999219 0.491667 0.999219 0.487500 0.997656 0.487500 0.993750 0.488889 0.990625 0.493056 0.988281 0.493056 0.986719 0.490278 0.986719 0.486111
19 0.946875 0.473611 0.945312 0.475000 0.946875 0.479167 0.948438 0.476389 0.946875 0.473611
19 0.665625 0.466667 0.666406 0.472222 0.667188 0.473611 0.667188 0.477778 0.667188 0.470833 0.666406 0.469444 0.665625 0.466667
19 0.933594 0.466667 0.933594 0.469444 0.935156 0.469444 0.935156 0.465278 0.933594 0.466667
19 0.413281 0.445833 0.413281 0.448611 0.416406 0.448611 0.415625 0.445833 0.413281 0.445833
19 0.510156 0.425000 0.514062 0.431944 0.514844 0.448611 0.514062 0.472222 0.514844 0.475000 0.516406 0.476389 0.519531 0.479167 0.523438 0.481944 0.525781 0.483333 0.528125 0.484722 0.529687 0.484722 0.531250 0.483333 0.535937 0.476389 0.537500 0.476389 0.540625 0.479167 0.546094 0.477778 0.547656 0.475000 0.533594 0.473611 0.531250 0.469444 0.531250 0.463889 0.533594 0.459722 0.562500 0.459722 0.564844 0.463889 0.564844 0.469444 0.562500 0.473611 0.565625 0.475000 0.566406 0.476389 0.568750 0.476389 0.568750 0.479167 0.572656 0.480556 0.575000 0.483333 0.577344 0.484722 0.582031 0.483333 0.579688 0.481944 0.578125 0.479167 0.575000 0.477778 0.576562 0.472222 0.576562 0.465278 0.578125 0.461111 0.578125 0.458333 0.580469 0.462500 0.580469 0.466667 0.579688 0.468056 0.579688 0.470833 0.580469 0.473611 0.582031 0.477778 0.583594 0.480556 0.584375 0.481944 0.592187 0.483333 0.592969 0.480556 0.596875 0.483333 0.604688 0.483333 0.607031 0.483333 0.607812 0.475000 0.606250 0.472222 0.606250 0.468056 0.608594 0.468056 0.609375 0.494444 0.614844 0.495833 0.616406 0.497222 0.617188 0.498611 0.619531 0.504167 0.621875 0.505556 0.635938 0.504167 0.638281 0.504167 0.641406 0.509722 0.643750 0.515278 0.643750 0.516667 0.645312 0.519444 0.648438 0.520833 0.653125 0.520833 0.654687 0.519444 0.659375 0.512500 0.664062 0.505556 0.666406 0.501389 0.667188 0.497222 0.667188 0.493056 0.667188 0.500000 0.666406 0.501389 0.666406 0.512500 0.664844 0.515278 0.664844 0.530556 0.667188 0.531944 0.668750 0.534722 0.671094 0.536111 0.671094 0.541667 0.672656 0.544444 0.672656 0.551389 0.675781 0.554167 0.681250 0.554167 0.682813 0.555556 0.685156 0.559722 0.689063 0.551389 0.688281 0.548611 0.690625 0.550000 0.689063 0.551389 0.696875 0.552778 0.699219 0.554167 0.700781 0.556944 0.704688 0.556944 0.707812 0.561111 0.709375 0.562500 0.714844 0.566667 0.717969 0.566667 0.720313 0.568056 0.722656 0.569444 0.728125 0.575000 0.730469 0.576389 0.738281 0.576389 0.741406 0.577778 0.742969 0.579167 0.746094 0.583333 0.749219 0.584722 0.750781 0.587500 0.755469 0.591667 0.758594 0.591667 0.760156 0.593056 0.761719 0.594444 0.761719 0.597222 0.762500 0.600000 0.765625 0.602778 0.768750 0.604167 0.771875 0.604167 0.773438 0.606944 0.773438 0.613889 0.775781 0.618056 0.780469 0.619444 0.781250 0.620833 0.782031 0.623611 0.783594 0.626389 0.783594 0.627778 0.786719 0.629167 0.789062 0.631944 0.793750 0.631944 0.797656 0.634722 0.799219 0.636111 0.801562 0.640278 0.803125 0.640278 0.807031 0.644444 0.809375 0.648611 0.811719 0.650000 0.814844 0.652778 0.816406 0.652778 0.814844 0.655556 0.824219 0.658333 0.839844 0.656944 0.848437 0.658333 0.850781 0.658333 0.851562 0.668056 0.850000 0.670833 0.857812 0.670833 0.853125 0.668056 0.851562 0.668056 0.850781 0.658333 0.851562 0.656944 0.855469 0.655556 0.860938 0.655556 0.864062 0.652778 0.884375 0.652778 0.890625 0.654167 0.892188 0.656944 0.893750 0.655556 0.897656 0.654167 0.899219 0.656944 0.900781 0.656944 0.901563 0.655556 0.903906 0.655556 0.905469 0.652778 0.916406 0.652778 0.917969 0.655556 0.921875 0.658333 0.928906 0.658333 0.930469 0.656944 0.932813 0.652778 0.935156 0.652778 0.937500 0.648611 0.937500 0.640278 0.935937 0.636111 0.935937 0.630556 0.936719 0.625000 0.939063 0.613889 0.939063 0.605556 0.940625 0.600000 0.938281 0.593056 0.938281 0.584722 0.941406 0.579167 0.941406 0.569444 0.939063 0.568056 0.937500 0.565278 0.936719 0.562500 0.936719 0.556944 0.939844 0.555556 0.941406 0.552778 0.941406 0.543056 0.936719 0.541667 0.935937 0.538889 0.928906 0.537500 0.930469 0.537500 0.932813 0.536111 0.934375 0.533333 0.934375 0.530556 0.937500 0.525000 0.938281 0.518056 0.938281 0.509722 0.935937 0.502778 0.931250 0.500000 0.928906 0.501389 0.928125 0.504167 0.924219 0.497222 0.924219 0.494444 0.924219 0.491667 0.925000 0.488889 0.926562 0.493056 0.930469 0.498611 0.932813 0.500000 0.935156 0.500000 0.937500 0.495833 0.937500 0.490278 0.940625 0.486111 0.939063 0.481944 0.939063 0.477778 0.937500 0.475000 0.939844 0.473611 0.941406 0.475000 0.941406 0.481944 0.946875 0.483333 0.950781 0.486111 0.950000 0.493056 0.951562 0.501389 0.950000 0.502778 0.951562 0.508333 0.951562 0.523611 0.953906 0.527778 0.955469 0.527778 0.957031 0.526389 0.958594 0.520833 0.958594 0.518056 0.959375 0.525000 0.957031 0.533333 0.954688 0.537500 0.949219 0.544444 0.947656 0.548611 0.946875 0.551389 0.946094 0.555556 0.945312 0.562500 0.944531 0.576389 0.942969 0.581944 0.942187 0.590278 0.942969 0.594444 0.941406 0.598611 0.942187 0.601389 0.941406 0.605556 0.942969 0.608333 0.942187 0.620833 0.943750 0.627778 0.943750 0.634722 0.944531 0.638889 0.946094 0.643056 0.946875 0.647222 0.946875 0.651389 0.945312 0.652778 0.942969 0.654167 0.942969 0.663889 0.947656 0.663889 0.949219 0.668056 0.946875 0.668056 0.944531 0.665278 0.942969 0.663889 0.941406 0.666667 0.939063 0.668056 0.937500 0.666667 0.936719 0.665278 0.936719 0.663889 0.935156 0.661111 0.931250 0.661111 0.927344 0.665278 0.922656 0.663889 0.920312 0.665278 0.918750 0.668056 0.913281 0.669444 0.914844 0.672222 0.923438 0.673611 0.947656 0.673611 0.949219 0.675000 0.950781 0.677778 0.951562 0.677778 0.952344 0.679167 0.952344 0.680556 0.953906 0.683333 0.953906 0.690278 0.955469 0.695833 0.956250 0.704167 0.956250 0.712500 0.958594 0.726389 0.958594 0.731944 0.957031 0.736111 0.957812 0.738889 0.960156 0.743056 0.960938 0.743056 0.962500 0.745833 0.965625 0.751389 0.966406 0.752778 0.967969 0.755556 0.967969 0.758333 0.971875 0.759722 0.973437 0.763889 0.974219 0.766667 0.935156 0.766667 0.932031 0.772222 0.928906 0.772222 0.925781 0.766667 0.914844 0.766667 0.912500 0.770833 0.902344 0.770833 0.893750 0.768056 0.891406 0.768056 0.886719 0.768056 0.881250 0.768056 0.871875 0.768056 0.857031 0.769444 0.853906 0.769444 0.850781 0.766667 0.835156 0.766667 0.822656 0.763889 0.821094 0.763889 0.815625 0.765278 0.811719 0.762500 0.781250 0.761111 0.716406 0.762500 0.683594 0.762500 0.635938 0.761111 0.631250 0.758333 0.628906 0.758333 0.617188 0.758333 0.610938 0.758333 0.603125 0.761111 0.596875 0.761111 0.567187 0.758333 0.526563 0.758333 0.515625 0.755556 0.505469 0.758333 0.436719 0.759722 0.375000 0.759722 0.341406 0.761111 0.308594 0.762500 0.275000 0.763889 0.243750 0.768056 0.192188 0.775000 0.182031 0.776389 0.171875 0.777778 0.153906 0.783333 0.148438 0.784722 0.145313 0.784722 0.137500 0.783333 0.132812 0.784722 0.131250 0.786111 0.129688 0.788889 0.125000 0.790278 0.119531 0.791667 0.096875 0.795833 0.085156 0.798611 0.079687 0.800000 0.071094 0.802778 0.050000 0.809722 0.028906 0.818056 0.016406 0.820833 0.007812 0.825000 0.003906 0.825000 0.003125 0.826389 0.000000 0.826389 0.000000 0.644444 0.006250 0.644444 0.009375 0.641667 0.021094 0.641667 0.032031 0.634722 0.036719 0.634722 0.040625 0.631944 0.046875 0.630556 0.048438 0.630556 0.051562 0.633333 0.053125 0.641667 0.054688 0.644444 0.057813 0.645833 0.060156 0.645833 0.067969 0.644444 0.072656 0.643056 0.075000 0.641667 0.080469 0.631944 0.081250 0.629167 0.081250 0.626389 0.082031 0.623611 0.083594 0.620833 0.084375 0.618056 0.085156 0.611111 0.086719 0.604167 0.087500 0.601389 0.089844 0.597222 0.090625 0.597222 0.092969 0.593056 0.093750 0.587500 0.096875 0.581944 0.097656 0.577778 0.097656 0.575000 0.097656 0.577778 0.099219 0.580556 0.100781 0.580556 0.114062 0.577778 0.116406 0.577778 0.123438 0.579167 0.128125 0.576389 0.140625 0.575000 0.146875 0.575000 0.148438 0.577778 0.148438 0.586111 0.149219 0.588889 0.150781 0.591667 0.150781 0.593056 0.151562 0.594444 0.152344 0.594444 0.153906 0.597222 0.157812 0.597222 0.158594 0.598611 0.161719 0.598611 0.164844 0.597222 0.166406 0.595833 0.171875 0.586111 0.173437 0.579167 0.173437 0.572222 0.176563 0.566667 0.178125 0.565278 0.181250 0.565278 0.179688 0.565278 0.178125 0.566667 0.176563 0.568056 0.175000 0.570833 0.174219 0.575000 0.174219 0.577778 0.178906 0.577778 0.182812 0.575000 0.185938 0.575000 0.186719 0.572222 0.188281 0.570833 0.194531 0.570833 0.196875 0.573611 0.199219 0.572222 0.201563 0.570833 0.204687 0.566667 0.208594 0.569444 0.214062 0.566667 0.212500 0.565278 0.211719 0.563889 0.211719 0.562500 0.210156 0.559722 0.203906 0.559722 0.197656 0.562500 0.189062 0.562500 0.188281 0.563889 0.182812 0.563889 0.184375 0.563889 0.185156 0.562500 0.194531 0.562500 0.200000 0.561111 0.203906 0.558333 0.210156 0.558333 0.212500 0.561111 0.216406 0.561111 0.218750 0.563889 0.220312 0.565278 0.224219 0.563889 0.226562 0.561111 0.228906 0.559722 0.229687 0.556944 0.230469 0.552778 0.231250 0.548611 0.231250 0.536111 0.232031 0.531944 0.234375 0.536111 0.235937 0.537500 0.246875 0.536111 0.250781 0.537500 0.252344 0.537500 0.253125 0.536111 0.255469 0.536111 0.257031 0.537500 0.259375 0.541667 0.261719 0.543056 0.267969 0.543056 0.269531 0.541667 0.271094 0.540278 0.273438 0.536111 0.273438 0.534722 0.275000 0.531944 0.277344 0.531944 0.278906 0.530556 0.281250 0.526389 0.282813 0.525000 0.285156 0.523611 0.286719 0.523611 0.288281 0.525000 0.286719 0.526389 0.289062 0.527778 0.289844 0.526389 0.292187 0.526389 0.298438 0.527778 0.301563 0.522222 0.302344 0.519444 0.303125 0.512500 0.303906 0.511111 0.303906 0.508333 0.310156 0.509722 0.311719 0.511111 0.310156 0.512500 0.305469 0.512500 0.304688 0.513889 0.303125 0.515278 0.305469 0.516667 0.311719 0.515278 0.313281 0.512500 0.317969 0.512500 0.320312 0.511111 0.324219 0.504167 0.325781 0.504167 0.326562 0.501389 0.328906 0.501389 0.329688 0.500000 0.333594 0.500000 0.334375 0.501389 0.338281 0.501389 0.341406 0.495833 0.341406 0.487500 0.342187 0.484722 0.344531 0.487500 0.346875 0.487500 0.352344 0.493056 0.353906 0.493056 0.360156 0.486111 0.364063 0.484722 0.368750 0.484722 0.371094 0.480556 0.372656 0.479167 0.374219 0.480556 0.380469 0.479167 0.384375 0.476389 0.385937 0.475000 0.386719 0.473611 0.387500 0.470833 0.396094 0.473611 0.400000 0.470833 0.403906 0.470833 0.405469 0.469444 0.407031 0.454167 0.406250 0.448611 0.410156 0.448611 0.411719 0.452778 0.414844 0.452778 0.428906 0.451389 0.439063 0.450000 0.440625 0.448611 0.444531 0.441667 0.451562 0.443056 0.453906 0.438889 0.460156 0.438889 0.463281 0.437500 0.464844 0.434722 0.465625 0.434722 0.466406 0.430556 0.471875 0.430556 0.474219 0.433333 0.475000 0.431944 0.477344 0.434722 0.479687 0.434722 0.485938 0.433333 0.487500 0.430556 0.492188 0.430556 0.494531 0.425000 0.510156 0.425000
19 0.466406 0.420833 0.466406 0.423611 0.469531 0.423611 0.470313 0.426389 0.471875 0.425000 0.472656 0.422222 0.471875 0.419444 0.466406 0.420833
20 0.203906 0.561111 0.197656 0.563889 0.189062 0.563889 0.182031 0.565278 0.179688 0.566667 0.178125 0.568056 0.176563 0.569444 0.175781 0.573611 0.175000 0.575000 0.175000 0.577778 0.178906 0.576389 0.182812 0.573611 0.185938 0.573611 0.188281 0.569444 0.194531 0.569444 0.196875 0.572222 0.199219 0.570833 0.201563 0.569444 0.204687 0.565278 0.208594 0.568056 0.213281 0.566667 0.210938 0.563889 0.210938 0.562500 0.203906 0.561111
20 0.310937 0.512500 0.310156 0.513889 0.305469 0.513889 0.303906 0.515278 0.305469 0.515278 0.306250 0.513889 0.312500 0.512500 0.310937 0.512500
21 0.137500 0.784722 0.132812 0.786111 0.132031 0.787500 0.130469 0.788889 0.136719 0.787500 0.139063 0.784722 0.144531 0.784722 0.137500 0.784722
21 0.959375 0.730556 0.958594 0.733333 0.957812 0.736111 0.958594 0.738889 0.960156 0.741667 0.963281 0.745833 0.963281 0.747222 0.964844 0.750000 0.965625 0.750000 0.967187 0.752778 0.967969 0.754167 0.968750 0.758333 0.972656 0.759722 0.972656 0.761111 0.974219 0.763889 0.974219 0.765278 0.996875 0.766667 0.996094 0.758333 0.994531 0.758333 0.992188 0.754167 0.992188 0.751389 0.994531 0.747222 0.999219 0.747222 0.997656 0.747222 0.996094 0.744444 0.996094 0.741667 0.967187 0.741667 0.963281 0.738889 0.959375 0.730556
21 0.822656 0.700000 0.824219 0.701389 0.825781 0.702778 0.826562 0.704167 0.826562 0.705556 0.827344 0.706944 0.828906 0.708333 0.832031 0.708333 0.834375 0.711111 0.838281 0.712500 0.842187 0.712500 0.843750 0.709722 0.845313 0.708333 0.846875 0.709722 0.850000 0.713889 0.851562 0.715278 0.857812 0.718056 0.859375 0.719444 0.861719 0.722222 0.866406 0.730556 0.870313 0.730556 0.871094 0.731944 0.872656 0.731944 0.871875 0.734722 0.870313 0.736111 0.867188 0.737500 0.869531 0.741667 0.870313 0.741667 0.871875 0.744444 0.873437 0.743056 0.875000 0.745833 0.873437 0.747222 0.873437 0.751389 0.876563 0.756944 0.882031 0.755556 0.885156 0.752778 0.883594 0.750000 0.883594 0.748611 0.881250 0.745833 0.885156 0.743056 0.889844 0.743056 0.891406 0.745833 0.889062 0.752778 0.892188 0.755556 0.894531 0.755556 0.894531 0.761111 0.893750 0.761111 0.894531 0.765278 0.883594 0.766667 0.883594 0.766667 0.886719 0.765278 0.889844 0.759722 0.889062 0.754167 0.885938 0.750000 0.884375 0.751389 0.886719 0.755556 0.885156 0.759722 0.884375 0.759722 0.883594 0.761111 0.883594 0.762500 0.883594 0.766667 0.883594 0.766667 0.882812 0.765278 0.850000 0.765278 0.817187 0.763889 0.814063 0.759722 0.810156 0.756944 0.807813 0.756944 0.806250 0.755556 0.804688 0.754167 0.806250 0.752778 0.811719 0.754167 0.816406 0.755556 0.817187 0.756944 0.820312 0.756944 0.821875 0.755556 0.821094 0.748611 0.816406 0.740278 0.814844 0.736111 0.813281 0.730556 0.817969 0.722222 0.818750 0.718056 0.817187 0.715278 0.817187 0.712500 0.818750 0.712500 0.820312 0.712500 0.819531 0.705556 0.814844 0.706944 0.812500 0.704167 0.813281 0.701389 0.822656 0.700000
21 0.810937 0.679167 0.811719 0.683333 0.810156 0.687500 0.808594 0.684722 0.807031 0.683333 0.808594 0.680556 0.806250 0.684722 0.805469 0.684722 0.804688 0.686111 0.803125 0.693056 0.809375 0.691667 0.812500 0.691667 0.816406 0.693056 0.817969 0.695833 0.821875 0.695833 0.825000 0.693056 0.836719 0.693056 0.839844 0.690278 0.842969 0.690278 0.841406 0.690278 0.840625 0.688889 0.836719 0.690278 0.835938 0.687500 0.832812 0.687500 0.832031 0.686111 0.828125 0.686111 0.820312 0.687500 0.818750 0.686111 0.817187 0.684722 0.816406 0.679167 0.810937 0.679167
21 0.850781 0.670833 0.849219 0.675000 0.846094 0.675000 0.836719 0.673611 0.835938 0.675000 0.834375 0.676389 0.835938 0.677778 0.839844 0.679167 0.843750 0.679167 0.845313 0.683333 0.853906 0.681944 0.855469 0.679167 0.856250 0.679167 0.857812 0.676389 0.856250 0.675000 0.857812 0.673611 0.859375 0.672222 0.857812 0.672222 0.857031 0.670833 0.853125 0.669444 0.850781 0.670833
21 0.945312 0.654167 0.943750 0.654167 0.944531 0.662500 0.941406 0.668056 0.939063 0.669444 0.937500 0.668056 0.935937 0.663889 0.931250 0.662500 0.927344 0.666667 0.922656 0.665278 0.921875 0.666667 0.919531 0.668056 0.921094 0.668056 0.921875 0.670833 0.923438 0.672222 0.947656 0.672222 0.949219 0.673611 0.951562 0.676389 0.953125 0.679167 0.953906 0.681944 0.953125 0.676389 0.952344 0.673611 0.950000 0.669444 0.946875 0.669444 0.942969 0.665278 0.948438 0.662500 0.947656 0.656944 0.946875 0.655556 0.946875 0.652778 0.945312 0.654167
21 0.953906 0.537500 0.950000 0.544444 0.948438 0.548611 0.947656 0.551389 0.946875 0.555556 0.946094 0.562500 0.945312 0.576389 0.944531 0.580556 0.943750 0.581944 0.943750 0.584722 0.944531 0.581944 0.945312 0.579167 0.945312 0.573611 0.946094 0.569444 0.947656 0.565278 0.947656 0.559722 0.949219 0.552778 0.951562 0.544444 0.953125 0.541667 0.953125 0.540278 0.953906 0.537500
21 0.927344 0.505556 0.927344 0.509722 0.932031 0.509722 0.930469 0.508333 0.928906 0.505556 0.927344 0.505556
21 0.917969 0.488889 0.909375 0.490278 0.907813 0.491667 0.906250 0.495833 0.908594 0.495833 0.911719 0.498611 0.919531 0.498611 0.921875 0.497222 0.922656 0.495833 0.924219 0.495833 0.919531 0.488889 0.917969 0.488889
21 0.895312 0.488889 0.893750 0.493056 0.892969 0.495833 0.895312 0.497222 0.896094 0.494444 0.896875 0.497222 0.899219 0.495833 0.897656 0.493056 0.897656 0.491667 0.895312 0.488889
21 0.580469 0.468056 0.580469 0.470833 0.581250 0.473611 0.582812 0.476389 0.582812 0.477778 0.583594 0.479167 0.585156 0.481944 0.592969 0.479167 0.594531 0.481944 0.592969 0.479167 0.591406 0.477778 0.589063 0.476389 0.586719 0.475000 0.583594 0.475000 0.580469 0.468056
21 0.575781 0.468056 0.571875 0.476389 0.569531 0.476389 0.569531 0.479167 0.572656 0.479167 0.575000 0.481944 0.577344 0.483333 0.581250 0.483333 0.579688 0.483333 0.578125 0.480556 0.575781 0.480556 0.574219 0.477778 0.576562 0.473611 0.575781 0.468056
21 0.227344 0.466667 0.228125 0.476389 0.228125 0.472222 0.229687 0.468056 0.227344 0.466667
21 0.534375 0.465278 0.532031 0.466667 0.528906 0.470833 0.525781 0.470833 0.522656 0.473611 0.522656 0.475000 0.519531 0.476389 0.517969 0.476389 0.521094 0.477778 0.523438 0.480556 0.528125 0.483333 0.529687 0.483333 0.531250 0.481944 0.535937 0.475000 0.537500 0.475000 0.540625 0.477778 0.546094 0.476389 0.548438 0.472222 0.553906 0.468056 0.549219 0.468056 0.547656 0.468056 0.539062 0.466667 0.538281 0.472222 0.533594 0.472222 0.532031 0.469444 0.535156 0.468056 0.535937 0.466667 0.537500 0.465278 0.534375 0.465278
21 0.888281 0.444444 0.885938 0.447222 0.887500 0.448611 0.892188 0.447222 0.896094 0.451389 0.898438 0.447222 0.896875 0.444444 0.893750 0.444444 0.892969 0.445833 0.888281 0.444444
21 0.617188 0.437500 0.614062 0.443056 0.615625 0.441667 0.616406 0.440278 0.617188 0.437500
21 0.413281 0.434722 0.412500 0.437500 0.412500 0.440278 0.411719 0.447222 0.406250 0.447222 0.410938 0.448611 0.410938 0.450000 0.414844 0.451389 0.415625 0.450000 0.417187 0.450000 0.412500 0.448611 0.413281 0.444444 0.415625 0.444444 0.415625 0.434722 0.413281 0.434722
21 0.690625 0.436111 0.686719 0.436111 0.691406 0.436111 0.692969 0.434722 0.694531 0.433333 0.690625 0.436111
21 0.401562 0.430556 0.402344 0.433333 0.402344 0.434722 0.403906 0.437500 0.404687 0.440278 0.403906 0.436111 0.403125 0.433333 0.401562 0.430556
21 0.867969 0.429167 0.866406 0.430556 0.864844 0.433333 0.864844 0.437500 0.865625 0.438889 0.865625 0.441667 0.864062 0.444444 0.864062 0.447222 0.867188 0.448611 0.869531 0.452778 0.872656 0.452778 0.875781 0.451389 0.878906 0.448611 0.882812 0.447222 0.882031 0.444444 0.881250 0.443056 0.880469 0.443056 0.878906 0.440278 0.876563 0.438889 0.875781 0.437500 0.875000 0.434722 0.875000 0.431944 0.873437 0.429167 0.867969 0.429167
21 0.415625 0.426389 0.412500 0.427778 0.414062 0.429167 0.415625 0.426389
21 0.622656 0.420833 0.621094 0.425000 0.620313 0.427778 0.621875 0.425000 0.621875 0.423611 0.622656 0.420833
21 0.399219 0.412500 0.399219 0.415278 0.402344 0.420833 0.404687 0.420833 0.407031 0.425000 0.408594 0.426389 0.410938 0.426389 0.407813 0.425000 0.403125 0.416667 0.401562 0.416667 0.399219 0.412500
21 0.821094 0.411111 0.821094 0.413889 0.823438 0.412500 0.821094 0.411111
21 0.674219 0.350000 0.671094 0.352778 0.667188 0.352778 0.666406 0.354167 0.664844 0.355556 0.671094 0.354167 0.671875 0.352778 0.674219 0.352778 0.674219 0.350000
21 0.514844 0.343056 0.514062 0.345833 0.512500 0.348611 0.511719 0.355556 0.510156 0.355556 0.508594 0.359722 0.507031 0.359722 0.506250 0.365278 0.507031 0.366667 0.504687 0.368056 0.506250 0.369444 0.507031 0.368056 0.508594 0.369444 0.510156 0.372222 0.510938 0.377778 0.510938 0.383333 0.510156 0.386111 0.507812 0.388889 0.507031 0.394444 0.505469 0.394444 0.507031 0.400000 0.505469 0.402778 0.505469 0.408333 0.507031 0.409722 0.507031 0.416667 0.506250 0.419444 0.504687 0.422222 0.503125 0.422222 0.501563 0.423611 0.500000 0.419444 0.500000 0.423611 0.500000 0.429167 0.501563 0.429167 0.504687 0.431944 0.505469 0.431944 0.508594 0.438889 0.509375 0.443056 0.510156 0.445833 0.509375 0.451389 0.510938 0.452778 0.511719 0.458333 0.512500 0.463889 0.512500 0.469444 0.513281 0.472222 0.514844 0.473611 0.516406 0.475000 0.514844 0.472222 0.514062 0.472222 0.512500 0.469444 0.511719 0.462500 0.511719 0.455556 0.510938 0.450000 0.510156 0.448611 0.510156 0.445833 0.511719 0.390278 0.510938 0.380556 0.510938 0.376389 0.511719 0.368056 0.510938 0.366667 0.510938 0.359722 0.512500 0.350000 0.514062 0.345833 0.514844 0.343056
21 0.442188 0.340278 0.439063 0.340278 0.438281 0.341667 0.435937 0.343056 0.437500 0.341667 0.442188 0.341667 0.445312 0.338889 0.445312 0.336111 0.442188 0.340278
21 0.556250 0.327778 0.553125 0.330556 0.555469 0.330556 0.556250 0.327778
21 0.539062 0.325000 0.537500 0.334722 0.540625 0.334722 0.540625 0.331944 0.539062 0.325000
21 0.431250 0.323611 0.432812 0.329167 0.432812 0.331944 0.432812 0.341667 0.434375 0.340278 0.433594 0.334722 0.434375 0.327778 0.431250 0.323611
21 0.603125 0.316667 0.601562 0.319444 0.607812 0.318056 0.603125 0.316667
21 0.424219 0.313889 0.426563 0.313889 0.426563 0.311111 0.424219 0.313889
21 0.392188 0.312500 0.392188 0.316667 0.393750 0.319444 0.396094 0.318056 0.396875 0.319444 0.398438 0.320833 0.395313 0.323611 0.395313 0.326389 0.396094 0.333333 0.398438 0.341667 0.399219 0.347222 0.399219 0.352778 0.398438 0.354167 0.398438 0.359722 0.398438 0.354167 0.399219 0.352778 0.398438 0.338889 0.398438 0.331944 0.399219 0.327778 0.400781 0.325000 0.398438 0.322222 0.400781 0.318056 0.402344 0.319444 0.402344 0.316667 0.403906 0.316667 0.405469 0.311111 0.402344 0.316667 0.400781 0.318056 0.398438 0.318056 0.395313 0.315278 0.395313 0.312500 0.396094 0.309722 0.392188 0.312500
21 0.379688 0.301389 0.377344 0.306944 0.375781 0.305556 0.375000 0.308333 0.375000 0.311111 0.374219 0.313889 0.375781 0.316667 0.376563 0.322222 0.374219 0.326389 0.374219 0.322222 0.372656 0.322222 0.370312 0.326389 0.371875 0.330556 0.371094 0.333333 0.371875 0.336111 0.370312 0.340278 0.371094 0.343056 0.367188 0.345833 0.366406 0.347222 0.366406 0.348611 0.362500 0.354167 0.361719 0.356944 0.363281 0.358333 0.364844 0.359722 0.360156 0.366667 0.359375 0.368056 0.358594 0.370833 0.357812 0.373611 0.357031 0.383333 0.355469 0.380556 0.355469 0.377778 0.353906 0.376389 0.352344 0.376389 0.354687 0.381944 0.354687 0.384722 0.357812 0.386111 0.358594 0.388889 0.358594 0.393056 0.356250 0.395833 0.359375 0.394444 0.359375 0.387500 0.360938 0.383333 0.362500 0.380556 0.364844 0.379167 0.368750 0.372222 0.369531 0.369444 0.370312 0.362500 0.369531 0.356944 0.371875 0.352778 0.373437 0.355556 0.373437 0.358333 0.375781 0.361111 0.376563 0.365278 0.375781 0.368056 0.376563 0.373611 0.373437 0.380556 0.372656 0.384722 0.371094 0.384722 0.371875 0.387500 0.367188 0.394444 0.366406 0.397222 0.366406 0.400000 0.365625 0.402778 0.364063 0.406944 0.361719 0.409722 0.360156 0.408333 0.357812 0.405556 0.354687 0.405556 0.357812 0.405556 0.359375 0.406944 0.362500 0.412500 0.365625 0.419444 0.366406 0.423611 0.367969 0.420833 0.374219 0.420833 0.376563 0.422222 0.378906 0.422222 0.381250 0.420833 0.387500 0.419444 0.392969 0.419444 0.392969 0.408333 0.392969 0.402778 0.391406 0.398611 0.391406 0.395833 0.393750 0.393056 0.392188 0.391667 0.392188 0.386111 0.394531 0.383333 0.392969 0.383333 0.391406 0.381944 0.392188 0.384722 0.389844 0.384722 0.387500 0.384722 0.389062 0.381944 0.388281 0.376389 0.387500 0.376389 0.385937 0.373611 0.391406 0.369444 0.392188 0.359722 0.392969 0.365278 0.393750 0.358333 0.395313 0.361111 0.396094 0.366667 0.393750 0.372222 0.393750 0.376389 0.397656 0.383333 0.396875 0.369444 0.397656 0.368056 0.397656 0.362500 0.396094 0.366667 0.395313 0.358333 0.396094 0.348611 0.392969 0.347222 0.392969 0.344444 0.392188 0.347222 0.391406 0.341667 0.393750 0.337500 0.392188 0.336111 0.388281 0.333333 0.382812 0.333333 0.378906 0.331944 0.375781 0.327778 0.377344 0.325000 0.377344 0.320833 0.379688 0.316667 0.382812 0.316667 0.389844 0.315278 0.387500 0.313889 0.385937 0.311111 0.385937 0.306944 0.385156 0.305556 0.385937 0.301389 0.379688 0.301389
21 0.297656 0.297222 0.296875 0.301389 0.294531 0.305556 0.293750 0.308333 0.293750 0.311111 0.294531 0.318056 0.293750 0.319444 0.294531 0.326389 0.292187 0.329167 0.293750 0.331944 0.294531 0.337500 0.294531 0.356944 0.296094 0.359722 0.294531 0.362500 0.295312 0.365278 0.296875 0.366667 0.297656 0.373611 0.299219 0.377778 0.299219 0.380556 0.298438 0.381944 0.298438 0.384722 0.300000 0.384722 0.303125 0.387500 0.303125 0.390278 0.303906 0.395833 0.302344 0.395833 0.300781 0.397222 0.299219 0.401389 0.298438 0.395833 0.297656 0.391667 0.296875 0.388889 0.295312 0.387500 0.296094 0.390278 0.297656 0.394444 0.297656 0.398611 0.298438 0.400000 0.299219 0.402778 0.300000 0.400000 0.302344 0.400000 0.306250 0.402778 0.312500 0.402778 0.323437 0.401389 0.326562 0.402778 0.328125 0.404167 0.329688 0.406944 0.331250 0.411111 0.332031 0.413889 0.332031 0.404167 0.333594 0.402778 0.335156 0.402778 0.335938 0.400000 0.338281 0.400000 0.336719 0.390278 0.341406 0.388889 0.342969 0.386111 0.343750 0.386111 0.343750 0.380556 0.345313 0.379167 0.346094 0.377778 0.348438 0.377778 0.346875 0.377778 0.344531 0.375000 0.342187 0.370833 0.344531 0.366667 0.345313 0.363889 0.342969 0.359722 0.341406 0.359722 0.340625 0.354167 0.341406 0.350000 0.342187 0.352778 0.342969 0.354167 0.343750 0.354167 0.346094 0.354167 0.348438 0.352778 0.348438 0.348611 0.346875 0.347222 0.346094 0.345833 0.343750 0.345833 0.340625 0.340278 0.339844 0.336111 0.340625 0.333333 0.342187 0.331944 0.342969 0.329167 0.342969 0.322222 0.342187 0.319444 0.341406 0.316667 0.338281 0.309722 0.338281 0.305556 0.336719 0.306944 0.334375 0.302778 0.333594 0.300000 0.332813 0.305556 0.332031 0.302778 0.331250 0.301389 0.330469 0.301389 0.328906 0.300000 0.328125 0.304167 0.325781 0.304167 0.323437 0.306944 0.321094 0.306944 0.319531 0.309722 0.316406 0.308333 0.317969 0.308333 0.319531 0.311111 0.319531 0.315278 0.317188 0.318056 0.314063 0.313889 0.313281 0.312500 0.313281 0.311111 0.311719 0.306944 0.309375 0.302778 0.307812 0.302778 0.306250 0.301389 0.301563 0.301389 0.301563 0.298611 0.297656 0.297222
21 0.423438 0.294444 0.423438 0.298611 0.425000 0.297222 0.427344 0.295833 0.425000 0.295833 0.423438 0.294444
21 0.596094 0.293056 0.593750 0.298611 0.596875 0.295833 0.598437 0.295833 0.598437 0.300000 0.603125 0.300000 0.607031 0.293056 0.611719 0.294444 0.611719 0.297222 0.612500 0.298611 0.612500 0.309722 0.610156 0.312500 0.608594 0.313889 0.604688 0.312500 0.603125 0.312500 0.596094 0.325000 0.592969 0.325000 0.593750 0.323611 0.596094 0.322222 0.594531 0.320833 0.592969 0.316667 0.592187 0.309722 0.591406 0.318056 0.592187 0.320833 0.593750 0.323611 0.592969 0.325000 0.591406 0.326389 0.589844 0.329167 0.588281 0.336111 0.588281 0.370833 0.599219 0.390278 0.612500 0.391667 0.614062 0.388889 0.615625 0.390278 0.617969 0.391667 0.623437 0.391667 0.626563 0.390278 0.628906 0.388889 0.630469 0.387500 0.628125 0.393056 0.625781 0.394444 0.612500 0.391667 0.607812 0.391667 0.607812 0.393056 0.600000 0.394444 0.598437 0.395833 0.596875 0.397222 0.592969 0.405556 0.590625 0.409722 0.589844 0.409722 0.588281 0.412500 0.586719 0.418056 0.582812 0.425000 0.582031 0.427778 0.581250 0.433333 0.580469 0.443056 0.580469 0.461111 0.578906 0.458333 0.578906 0.444444 0.578906 0.413889 0.578906 0.405556 0.580469 0.394444 0.580469 0.390278 0.579688 0.388889 0.579688 0.383333 0.581250 0.373611 0.581250 0.359722 0.580469 0.347222 0.579688 0.343056 0.577344 0.338889 0.571875 0.333333 0.569531 0.333333 0.567187 0.336111 0.564063 0.336111 0.555469 0.334722 0.542969 0.336111 0.544531 0.327778 0.546875 0.326389 0.546875 0.334722 0.550000 0.333333 0.551562 0.334722 0.553125 0.333333 0.553906 0.336111 0.557813 0.334722 0.559375 0.331944 0.562500 0.325000 0.562500 0.322222 0.562500 0.325000 0.564063 0.327778 0.565625 0.320833 0.567187 0.316667 0.576562 0.318056 0.577344 0.309722 0.578125 0.308333 0.578125 0.302778 0.576562 0.300000 0.578906 0.295833 0.580469 0.298611 0.582031 0.298611 0.579688 0.302778 0.579688 0.308333 0.583594 0.306944 0.586719 0.306944 0.588281 0.305556 0.591406 0.298611 0.596094 0.293056
21 0.604688 0.284722 0.603906 0.287500 0.601562 0.287500 0.600781 0.293056 0.602344 0.291667 0.603125 0.290278 0.604688 0.290278 0.605469 0.287500 0.604688 0.284722
21 0.421094 0.281944 0.423438 0.287500 0.425781 0.287500 0.426563 0.288889 0.428125 0.287500 0.425781 0.287500 0.424219 0.284722 0.425781 0.281944 0.421094 0.281944
21 0.643750 0.276389 0.645312 0.276389 0.647656 0.277778 0.649219 0.280556 0.653906 0.281944 0.657813 0.288889 0.660156 0.286111 0.662500 0.287500 0.662500 0.288889 0.664062 0.291667 0.665625 0.293056 0.671875 0.294444 0.672656 0.301389 0.674219 0.304167 0.675000 0.308333 0.675000 0.316667 0.673438 0.329167 0.675000 0.331944 0.675000 0.334722 0.675781 0.331944 0.677344 0.329167 0.678125 0.325000 0.678906 0.320833 0.678906 0.304167 0.678125 0.300000 0.677344 0.297222 0.673438 0.290278 0.671094 0.288889 0.665625 0.288889 0.663281 0.287500 0.661719 0.284722 0.650000 0.276389 0.643750 0.276389
21 0.627344 0.277778 0.625781 0.279167 0.624219 0.281944 0.624219 0.288889 0.623437 0.291667 0.625000 0.287500 0.625781 0.283333 0.630469 0.276389 0.627344 0.277778
21 0.610938 0.252778 0.611719 0.254167 0.612500 0.258333 0.615625 0.255556 0.614062 0.256944 0.612500 0.259722 0.612500 0.261111 0.610938 0.258333 0.608594 0.261111 0.608594 0.266667 0.610156 0.269444 0.612500 0.265278 0.612500 0.261111 0.612500 0.259722 0.615625 0.262500 0.615625 0.277778 0.613281 0.281944 0.612500 0.276389 0.610938 0.275000 0.608594 0.272222 0.605469 0.270833 0.603906 0.273611 0.603906 0.275000 0.601562 0.277778 0.603125 0.275000 0.604688 0.270833 0.607031 0.263889 0.607812 0.261111 0.607812 0.256944 0.609375 0.255556 0.610156 0.250000 0.610938 0.252778
21 0.628906 0.248611 0.626563 0.252778 0.624219 0.254167 0.624219 0.259722 0.628125 0.259722 0.635156 0.258333 0.638281 0.256944 0.639844 0.255556 0.640625 0.252778 0.639062 0.251389 0.634375 0.254167 0.632812 0.251389 0.628125 0.251389 0.628906 0.248611
21 0.739062 0.225000 0.737500 0.238889 0.739062 0.243056 0.739062 0.225000
21 0.732031 0.106944 0.732031 0.109722 0.734375 0.106944 0.732031 0.106944
21 0.738281 0.104167 0.738281 0.106944 0.737500 0.108333 0.737500 0.112500 0.738281 0.113889 0.738281 0.119444 0.739062 0.120833 0.739062 0.123611 0.739062 0.113889 0.738281 0.112500 0.738281 0.104167
21 0.737500 0.098611 0.736719 0.104167 0.737500 0.101389 0.737500 0.098611
21 0.999219 0.000000 0.999219 0.486111 0.997656 0.486111 0.996875 0.487500 0.993750 0.487500 0.990625 0.491667 0.988281 0.491667 0.986719 0.484722 0.985938 0.487500 0.985156 0.488889 0.985156 0.493056 0.986719 0.494444 0.985156 0.495833 0.982031 0.498611 0.978906 0.498611 0.976562 0.500000 0.974219 0.502778 0.971094 0.504167 0.966406 0.504167 0.964844 0.505556 0.961719 0.511111 0.960938 0.513889 0.960156 0.516667 0.960156 0.520833 0.958594 0.516667 0.957031 0.525000 0.955469 0.526389 0.953906 0.526389 0.952344 0.523611 0.952344 0.508333 0.950781 0.502778 0.952344 0.501389 0.950781 0.493056 0.951562 0.487500 0.949219 0.484722 0.946875 0.481944 0.946875 0.480556 0.949219 0.476389 0.946875 0.472222 0.945312 0.473611 0.946875 0.480556 0.946875 0.481944 0.942187 0.481944 0.941406 0.473611 0.939844 0.472222 0.938281 0.472222 0.936719 0.475000 0.938281 0.477778 0.938281 0.481944 0.939844 0.484722 0.938281 0.488889 0.937500 0.488889 0.936719 0.495833 0.935156 0.498611 0.932813 0.498611 0.930469 0.497222 0.926562 0.491667 0.925781 0.487500 0.926562 0.484722 0.930469 0.484722 0.932813 0.477778 0.932813 0.472222 0.935156 0.470833 0.935156 0.463889 0.933594 0.452778 0.932813 0.448611 0.932031 0.445833 0.931250 0.444444 0.930469 0.444444 0.928906 0.441667 0.928906 0.440278 0.927344 0.437500 0.923438 0.431944 0.921875 0.431944 0.920312 0.430556 0.918750 0.427778 0.918750 0.426389 0.917969 0.425000 0.916406 0.423611 0.912500 0.419444 0.911719 0.418056 0.910156 0.416667 0.908594 0.415278 0.904687 0.413889 0.903125 0.411111 0.896094 0.406944 0.892969 0.406944 0.890625 0.404167 0.876563 0.404167 0.875781 0.412500 0.873437 0.415278 0.867969 0.415278 0.867188 0.412500 0.864062 0.411111 0.863281 0.416667 0.864844 0.418056 0.864844 0.420833 0.862500 0.418056 0.860156 0.416667 0.863281 0.415278 0.862500 0.412500 0.863281 0.409722 0.865625 0.405556 0.860156 0.405556 0.860156 0.406944 0.858594 0.411111 0.857031 0.413889 0.854688 0.415278 0.850000 0.416667 0.848437 0.416667 0.846094 0.415278 0.842187 0.419444 0.841406 0.420833 0.839844 0.422222 0.830469 0.423611 0.828125 0.420833 0.825781 0.419444 0.824219 0.419444 0.825000 0.416667 0.826562 0.415278 0.828906 0.413889 0.831250 0.413889 0.837500 0.415278 0.841406 0.412500 0.835938 0.411111 0.834375 0.409722 0.832812 0.405556 0.825781 0.404167 0.821875 0.397222 0.820312 0.395833 0.818750 0.394444 0.816406 0.394444 0.814063 0.398611 0.814063 0.401389 0.812500 0.397222 0.809375 0.397222 0.810156 0.402778 0.811719 0.402778 0.812500 0.406944 0.811719 0.412500 0.808594 0.412500 0.810156 0.415278 0.811719 0.412500 0.812500 0.406944 0.815625 0.408333 0.816406 0.404167 0.818750 0.404167 0.818750 0.406944 0.816406 0.406944 0.816406 0.415278 0.815625 0.419444 0.814063 0.416667 0.813281 0.419444 0.815625 0.419444 0.816406 0.415278 0.819531 0.416667 0.819531 0.422222 0.817187 0.426389 0.820312 0.433333 0.821875 0.436111 0.822656 0.436111 0.823438 0.441667 0.825000 0.444444 0.828906 0.443056 0.829688 0.440278 0.828906 0.436111 0.826562 0.433333 0.829688 0.433333 0.829688 0.436111 0.830469 0.437500 0.830469 0.441667 0.832031 0.444444 0.833594 0.444444 0.833594 0.447222 0.829688 0.444444 0.823438 0.447222 0.820312 0.443056 0.817969 0.438889 0.815625 0.441667 0.814063 0.441667 0.813281 0.440278 0.810937 0.440278 0.808594 0.436111 0.806250 0.433333 0.802344 0.433333 0.802344 0.430556 0.800781 0.427778 0.798438 0.427778 0.796875 0.425000 0.794531 0.423611 0.788281 0.422222 0.782813 0.422222 0.775781 0.425000 0.774219 0.425000 0.767188 0.423611 0.763281 0.420833 0.753125 0.422222 0.745313 0.422222 0.744531 0.420833 0.737500 0.420833 0.746875 0.420833 0.750781 0.419444 0.752344 0.416667 0.753125 0.411111 0.753125 0.404167 0.752344 0.397222 0.749219 0.383333 0.749219 0.377778 0.748437 0.372222 0.746094 0.363889 0.742969 0.358333 0.741406 0.356944 0.739844 0.355556 0.735938 0.354167 0.730469 0.352778 0.717187 0.351389 0.682031 0.351389 0.682031 0.347222 0.682813 0.337500 0.685156 0.325000 0.685937 0.316667 0.685156 0.308333 0.685937 0.305556 0.683594 0.300000 0.682813 0.295833 0.684375 0.293056 0.682813 0.291667 0.681250 0.287500 0.680469 0.286111 0.678125 0.284722 0.675781 0.280556 0.671094 0.276389 0.669531 0.276389 0.663281 0.270833 0.659375 0.263889 0.659375 0.262500 0.658594 0.259722 0.668750 0.262500 0.681250 0.263889 0.693750 0.262500 0.700000 0.263889 0.709375 0.261111 0.707812 0.259722 0.707031 0.258333 0.702344 0.256944 0.665625 0.256944 0.662500 0.255556 0.660937 0.252778 0.658594 0.254167 0.657813 0.250000 0.656250 0.247222 0.653906 0.247222 0.652344 0.250000 0.649219 0.245833 0.643750 0.245833 0.641406 0.248611 0.641406 0.245833 0.650781 0.244444 0.650781 0.247222 0.653125 0.244444 0.657813 0.244444 0.661719 0.243056 0.664062 0.240278 0.666406 0.240278 0.665625 0.243056 0.664844 0.243056 0.663281 0.245833 0.660156 0.247222 0.660156 0.252778 0.663281 0.250000 0.665625 0.247222 0.667969 0.244444 0.664844 0.248611 0.664062 0.250000 0.664062 0.251389 0.664062 0.255556 0.664844 0.254167 0.675000 0.256944 0.698438 0.255556 0.700000 0.256944 0.701562 0.256944 0.719531 0.254167 0.722656 0.254167 0.723437 0.255556 0.728125 0.254167 0.725000 0.252778 0.728125 0.252778 0.729688 0.250000 0.735938 0.250000 0.738281 0.247222 0.738281 0.251389 0.737500 0.254167 0.733594 0.255556 0.739844 0.256944 0.741406 0.213889 0.741406 0.211111 0.740625 0.150000 0.739844 0.144444 0.740625 0.136111 0.739062 0.133333 0.736719 0.145833 0.736719 0.150000 0.737500 0.154167 0.739062 0.156944 0.739062 0.181944 0.738281 0.183333 0.738281 0.187500 0.738281 0.177778 0.739062 0.176389 0.738281 0.166667 0.739062 0.162500 0.738281 0.155556 0.736719 0.152778 0.735156 0.154167 0.732812 0.158333 0.730469 0.158333 0.731250 0.155556 0.732812 0.152778 0.732812 0.151389 0.733594 0.150000 0.734375 0.150000 0.735938 0.147222 0.732812 0.147222 0.732031 0.147222 0.730469 0.148611 0.731250 0.145833 0.733594 0.140278 0.737500 0.134722 0.739062 0.129167 0.739844 0.131944 0.741406 0.129167 0.741406 0.125000 0.739844 0.106944 0.739844 0.097222 0.739844 0.093056 0.739844 0.073611 0.739844 0.056944 0.739844 0.054167 0.744531 0.047222 0.743750 0.045833 0.743750 0.045833 0.746094 0.047222 0.747656 0.044444 0.745313 0.044444 0.743750 0.045833 0.743750 0.045833 0.745313 0.044444 0.746094 0.041667 0.750000 0.041667 0.749219 0.037500 0.751563 0.034722 0.750000 0.033333 0.750781 0.030556 0.752344 0.029167 0.752344 0.023611 0.753906 0.027778 0.754687 0.023611 0.755469 0.026389 0.756250 0.022222 0.755469 0.019444 0.756250 0.022222 0.757812 0.018056 0.757031 0.015278 0.758594 0.013889 0.759375 0.009722 0.759375 0.005556 0.758594 0.002778 0.759375 0.005556 0.760938 0.002778 0.760156 0.000000 0.999219 0.000000
21 0.023438 0.000000 0.024219 0.009722 0.025781 0.011111 0.022656 0.012500 0.023438 0.015278 0.024219 0.013889 0.025000 0.015278 0.025781 0.011111 0.024219 0.009722 0.025000 0.000000 0.193750 0.000000 0.193750 0.002778 0.190625 0.002778 0.189062 0.000000 0.188281 0.002778 0.190625 0.002778 0.193750 0.002778 0.198437 0.011111 0.200000 0.011111 0.201563 0.012500 0.202344 0.015278 0.204687 0.018056 0.207031 0.019444 0.206250 0.020833 0.204687 0.022222 0.206250 0.025000 0.207813 0.023611 0.206250 0.020833 0.207031 0.019444 0.209375 0.022222 0.210156 0.025000 0.207813 0.026389 0.210938 0.030556 0.212500 0.029167 0.210156 0.025000 0.209375 0.022222 0.215625 0.031944 0.222656 0.040278 0.228125 0.044444 0.230469 0.047222 0.235937 0.056944 0.240625 0.061111 0.243750 0.066667 0.247656 0.068056 0.251563 0.072222 0.267969 0.072222 0.261719 0.072222 0.260937 0.073611 0.250781 0.072222 0.248438 0.072222 0.248438 0.076389 0.249219 0.076389 0.266406 0.077778 0.267969 0.079167 0.269531 0.083333 0.271094 0.084722 0.271094 0.077778 0.275000 0.084722 0.278906 0.086111 0.282813 0.087500 0.285938 0.086111 0.287500 0.083333 0.288281 0.080556 0.288281 0.077778 0.292187 0.072222 0.290625 0.075000 0.289844 0.079167 0.290625 0.083333 0.290625 0.087500 0.292187 0.086111 0.293750 0.083333 0.293750 0.079167 0.294531 0.076389 0.297656 0.076389 0.300781 0.075000 0.301563 0.073611 0.303125 0.073611 0.309375 0.073611 0.312500 0.076389 0.314844 0.075000 0.315625 0.076389 0.317188 0.076389 0.318750 0.076389 0.321094 0.073611 0.322656 0.077778 0.324219 0.079167 0.326562 0.077778 0.323437 0.072222 0.321875 0.070833 0.300000 0.070833 0.312500 0.069444 0.321875 0.070833 0.323437 0.072222 0.326562 0.077778 0.325781 0.081944 0.327344 0.086111 0.327344 0.094444 0.328125 0.098611 0.332031 0.105556 0.331250 0.098611 0.331250 0.095833 0.330469 0.093056 0.331250 0.095833 0.332813 0.100000 0.335938 0.105556 0.335938 0.108333 0.334375 0.106944 0.335938 0.113889 0.339062 0.112500 0.339844 0.113889 0.341406 0.113889 0.341406 0.119444 0.343750 0.116667 0.344531 0.122222 0.342969 0.120833 0.342187 0.126389 0.335156 0.138889 0.332031 0.138889 0.326562 0.148611 0.325781 0.145833 0.322656 0.145833 0.321094 0.143056 0.319531 0.141667 0.319531 0.140278 0.321875 0.138889 0.320312 0.137500 0.319531 0.136111 0.317188 0.136111 0.314844 0.136111 0.316406 0.138889 0.318750 0.138889 0.319531 0.140278 0.319531 0.141667 0.314844 0.141667 0.313281 0.140278 0.311719 0.134722 0.311719 0.127778 0.312500 0.126389 0.315625 0.125000 0.316406 0.122222 0.316406 0.119444 0.314063 0.115278 0.310937 0.120833 0.312500 0.125000 0.312500 0.126389 0.311719 0.127778 0.310156 0.125000 0.308594 0.123611 0.303125 0.122222 0.298438 0.123611 0.298438 0.122222 0.307031 0.120833 0.306250 0.118056 0.304688 0.115278 0.304688 0.113889 0.303906 0.112500 0.302344 0.111111 0.296875 0.112500 0.294531 0.113889 0.289844 0.118056 0.285938 0.123611 0.281250 0.126389 0.282031 0.127778 0.281250 0.133333 0.278125 0.136111 0.279687 0.138889 0.281250 0.140278 0.283594 0.141667 0.285938 0.141667 0.287500 0.140278 0.292187 0.131944 0.292969 0.129167 0.292187 0.126389 0.293750 0.123611 0.298438 0.122222 0.298438 0.123611 0.296875 0.125000 0.295312 0.127778 0.294531 0.130556 0.294531 0.134722 0.291406 0.134722 0.289844 0.137500 0.289062 0.141667 0.288281 0.144444 0.286719 0.144444 0.285938 0.147222 0.283594 0.145833 0.275781 0.136111 0.274219 0.134722 0.271875 0.133333 0.270313 0.133333 0.262500 0.134722 0.264844 0.134722 0.265625 0.129167 0.264844 0.127778 0.264062 0.122222 0.259375 0.123611 0.256250 0.125000 0.255469 0.129167 0.256250 0.131944 0.257812 0.134722 0.260156 0.136111 0.257031 0.136111 0.256250 0.134722 0.253906 0.134722 0.255469 0.130556 0.255469 0.127778 0.252344 0.126389 0.250781 0.127778 0.250000 0.131944 0.249219 0.137500 0.250000 0.140278 0.249219 0.143056 0.247656 0.147222 0.243750 0.154167 0.242969 0.156944 0.242969 0.170833 0.242188 0.183333 0.241406 0.188889 0.240625 0.191667 0.239844 0.193056 0.237500 0.194444 0.235937 0.197222 0.229687 0.197222 0.226562 0.195833 0.225781 0.198611 0.225000 0.201389 0.222656 0.198611 0.219531 0.197222 0.215625 0.202778 0.212500 0.202778 0.210938 0.200000 0.208594 0.200000 0.206250 0.195833 0.204687 0.195833 0.202344 0.195833 0.200000 0.191667 0.198437 0.191667 0.196875 0.190278 0.196094 0.188889 0.195312 0.186111 0.194531 0.177778 0.196094 0.172222 0.196094 0.168056 0.195312 0.165278 0.193750 0.161111 0.191406 0.156944 0.189062 0.156944 0.188281 0.154167 0.189844 0.152778 0.186719 0.147222 0.181250 0.145833 0.180469 0.141667 0.178125 0.140278 0.172656 0.136111 0.170313 0.133333 0.167969 0.129167 0.167187 0.126389 0.166406 0.127778 0.162500 0.125000 0.157812 0.125000 0.154688 0.126389 0.152344 0.127778 0.150781 0.129167 0.149219 0.131944 0.147656 0.134722 0.144531 0.134722 0.134375 0.133333 0.132812 0.138889 0.132031 0.147222 0.083594 0.133333 0.083594 0.126389 0.082812 0.122222 0.081250 0.118056 0.080469 0.115278 0.082812 0.111111 0.075000 0.120833 0.075781 0.126389 0.075000 0.130556 0.077344 0.134722 0.078125 0.145833 0.079687 0.143056 0.082812 0.136111 0.083594 0.133333 0.132031 0.147222 0.132031 0.151389 0.132812 0.163889 0.135156 0.170833 0.135156 0.175000 0.136719 0.176389 0.137500 0.180556 0.137500 0.184722 0.139844 0.194444 0.142187 0.197222 0.142187 0.200000 0.139844 0.204167 0.139844 0.206944 0.142187 0.209722 0.142187 0.212500 0.138281 0.212500 0.136719 0.218056 0.132812 0.220833 0.128125 0.220833 0.125781 0.222222 0.124219 0.225000 0.121875 0.225000 0.120313 0.227778 0.119531 0.233333 0.119531 0.245833 0.120313 0.251389 0.117188 0.252778 0.117188 0.258333 0.117188 0.261111 0.115625 0.276389 0.115625 0.283333 0.116406 0.288889 0.118750 0.293056 0.122656 0.293056 0.124219 0.300000 0.126562 0.304167 0.130469 0.304167 0.132812 0.308333 0.137500 0.311111 0.139844 0.318056 0.142187 0.319444 0.143750 0.320833 0.143750 0.338889 0.143750 0.343056 0.146094 0.347222 0.146875 0.351389 0.146875 0.359722 0.145313 0.363889 0.146875 0.365278 0.148438 0.368056 0.148438 0.369444 0.150000 0.372222 0.153906 0.372222 0.157812 0.376389 0.160938 0.375000 0.162500 0.375000 0.167187 0.376389 0.167969 0.379167 0.165625 0.381944 0.164062 0.386111 0.166406 0.390278 0.166406 0.398611 0.167969 0.401389 0.169531 0.402778 0.171875 0.398611 0.171875 0.393056 0.173437 0.387500 0.169531 0.387500 0.165625 0.381944 0.167969 0.379167 0.169531 0.380556 0.171875 0.379167 0.173437 0.375000 0.176563 0.377778 0.178125 0.376389 0.179688 0.376389 0.182812 0.372222 0.185938 0.370833 0.186719 0.365278 0.189844 0.359722 0.192188 0.359722 0.193750 0.358333 0.195312 0.355556 0.195312 0.350000 0.200000 0.347222 0.201563 0.344444 0.204687 0.344444 0.206250 0.341667 0.210938 0.331944 0.215625 0.331944 0.219531 0.330556 0.220312 0.326389 0.218750 0.325000 0.218750 0.320833 0.219531 0.318056 0.221875 0.316667 0.221094 0.312500 0.221875 0.308333 0.225000 0.302778 0.225781 0.300000 0.226562 0.295833 0.227344 0.290278 0.227344 0.280556 0.228906 0.277778 0.234375 0.276389 0.243750 0.276389 0.248438 0.277778 0.250000 0.279167 0.250781 0.283333 0.252344 0.287500 0.253906 0.291667 0.255469 0.294444 0.258594 0.294444 0.260156 0.293056 0.261719 0.290278 0.264062 0.290278 0.264844 0.287500 0.266406 0.290278 0.267969 0.290278 0.268750 0.291667 0.269531 0.293056 0.273438 0.295833 0.275781 0.295833 0.277344 0.297222 0.278906 0.300000 0.278906 0.304167 0.280469 0.308333 0.280469 0.331944 0.282031 0.337500 0.284375 0.341667 0.285156 0.344444 0.285938 0.348611 0.286719 0.361111 0.286719 0.368056 0.285156 0.369444 0.285156 0.376389 0.286719 0.380556 0.286719 0.384722 0.283594 0.387500 0.282813 0.390278 0.280469 0.386111 0.278906 0.384722 0.275781 0.383333 0.270313 0.381944 0.267969 0.381944 0.264062 0.386111 0.261719 0.387500 0.259375 0.386111 0.257031 0.387500 0.254688 0.390278 0.254688 0.393056 0.257031 0.397222 0.255469 0.405556 0.255469 0.412500 0.253125 0.415278 0.250781 0.423611 0.253906 0.423611 0.250781 0.425000 0.250000 0.426389 0.241406 0.427778 0.232813 0.427778 0.222656 0.429167 0.218750 0.430556 0.215625 0.431944 0.215625 0.434722 0.214062 0.433333 0.210938 0.430556 0.208594 0.429167 0.203125 0.427778 0.186719 0.426389 0.178906 0.427778 0.174219 0.426389 0.171875 0.426389 0.169531 0.419444 0.171094 0.418056 0.169531 0.411111 0.169531 0.419444 0.171875 0.426389 0.171094 0.427778 0.167969 0.427778 0.165625 0.430556 0.154688 0.431944 0.144531 0.431944 0.135937 0.434722 0.133594 0.434722 0.128125 0.433333 0.123438 0.436111 0.117188 0.436111 0.112500 0.437500 0.110156 0.438889 0.105469 0.443056 0.100781 0.444444 0.098437 0.445833 0.094531 0.450000 0.090625 0.458333 0.086719 0.462500 0.080469 0.473611 0.076563 0.481944 0.075781 0.484722 0.075000 0.488889 0.075781 0.494444 0.070312 0.493056 0.067187 0.491667 0.062500 0.487500 0.057813 0.480556 0.053906 0.477778 0.050000 0.472222 0.046094 0.469444 0.043750 0.466667 0.045312 0.466667 0.046094 0.458333 0.045312 0.456944 0.044531 0.447222 0.042969 0.445833 0.044531 0.443056 0.044531 0.438889 0.040625 0.433333 0.042188 0.430556 0.042188 0.423611 0.040625 0.418056 0.039062 0.416667 0.036719 0.415278 0.035156 0.416667 0.033594 0.419444 0.033594 0.419444 0.035156 0.413889 0.038281 0.409722 0.039062 0.401389 0.039062 0.384722 0.037500 0.375000 0.038281 0.370833 0.039844 0.370833 0.039844 0.386111 0.042188 0.351389 0.040625 0.331944 0.040625 0.311111 0.039844 0.300000 0.037500 0.279167 0.037500 0.256944 0.035937 0.251389 0.035156 0.222222 0.035156 0.212500 0.036719 0.204167 0.036719 0.200000 0.035156 0.161111 0.034375 0.150000 0.034375 0.136111 0.032813 0.129167 0.032813 0.123611 0.034375 0.106944 0.033594 0.083333 0.032813 0.066667 0.032031 0.061111 0.030469 0.058333 0.030469 0.045833 0.031250 0.023611 0.029687 0.020833 0.028906 0.009722 0.028125 0.012500 0.027344 0.013889 0.022656 0.020833 0.021875 0.026389 0.022656 0.041667 0.024219 0.044444 0.023438 0.051389 0.024219 0.052778 0.024219 0.056944 0.023438 0.058333 0.024219 0.062500 0.025000 0.062500 0.025781 0.065278 0.026562 0.069444 0.027344 0.075000 0.028125 0.081944 0.028906 0.077778 0.028906 0.084722 0.028125 0.086111 0.028125 0.091667 0.029687 0.093056 0.029687 0.106944 0.028125 0.109722 0.026562 0.112500 0.025781 0.115278 0.025000 0.118056 0.024219 0.123611 0.023438 0.136111 0.023438 0.138889 0.024219 0.197222 0.024219 0.208333 0.025000 0.218056 0.025781 0.227778 0.027344 0.236111 0.027344 0.276389 0.025781 0.284722 0.025781 0.287500 0.027344 0.291667 0.028125 0.305556 0.028125 0.309722 0.027344 0.311111 0.027344 0.316667 0.028906 0.322222 0.028125 0.327778 0.029687 0.355556 0.028906 0.362500 0.028906 0.365278 0.030469 0.380556 0.031250 0.411111 0.032031 0.415278 0.032813 0.416667 0.033594 0.419444 0.033594 0.419444 0.032813 0.423611 0.034375 0.426389 0.032813 0.426389 0.032031 0.443056 0.039062 0.445833 0.042969 0.445833 0.044531 0.447222 0.037500 0.450000 0.035156 0.450000 0.031250 0.447222 0.027344 0.447222 0.025000 0.444444 0.022656 0.444444 0.021875 0.450000 0.023438 0.451389 0.021875 0.450000 0.018750 0.448611 0.007812 0.447222 0.004687 0.447222 0.000000 0.448611 0.000000 0.047222 0.001563 0.048611 0.002344 0.050000 0.004687 0.055556 0.007031 0.058333 0.009375 0.059722 0.013281 0.061111 0.015625 0.061111 0.017188 0.061111 0.022656 0.051389 0.022656 0.044444 0.021875 0.043056 0.022656 0.034722 0.022656 0.030556 0.021094 0.013889 0.021094 0.011111 0.021875 0.005556 0.021094 0.004167 0.021094 0.000000 0.023438 0.000000
21 0.037500 0.327778 0.036719 0.345833 0.036719 0.354167 0.037500 0.355556 0.038281 0.361111 0.038281 0.333333 0.037500 0.331944 0.037500 0.327778
21 0.025781 0.055556 0.025000 0.059722 0.026562 0.058333 0.028125 0.062500 0.028125 0.059722 0.025781 0.055556
22 0.506250 0.758333 0.525781 0.758333 0.515625 0.756944 0.506250 0.758333
24 0.022656 0.445833 0.022656 0.450000 0.024219 0.451389 0.026562 0.451389 0.032813 0.455556 0.042969 0.465278 0.045312 0.465278 0.045312 0.458333 0.044531 0.456944 0.044531 0.448611 0.037500 0.451389 0.035156 0.451389 0.031250 0.448611 0.027344 0.448611 0.025000 0.445833 0.022656 0.445833
24 0.860938 0.405556 0.859375 0.409722 0.857812 0.415278 0.862500 0.415278 0.861719 0.412500 0.862500 0.409722 0.864844 0.405556 0.860938 0.405556
24 0.543750 0.313889 0.542188 0.316667 0.539844 0.316667 0.539844 0.319444 0.542188 0.318056 0.542969 0.320833 0.543750 0.318056 0.543750 0.313889
24 0.539844 0.302778 0.539844 0.309722 0.542188 0.311111 0.541406 0.308333 0.539844 0.306944 0.539844 0.302778
24 0.542188 0.300000 0.541406 0.302778 0.543750 0.301389 0.542188 0.300000
24 0.546094 0.290278 0.543750 0.293056 0.545312 0.294444 0.545312 0.302778 0.546094 0.304167 0.546094 0.311111 0.544531 0.311111 0.545312 0.326389 0.546875 0.323611 0.546875 0.316667 0.547656 0.319444 0.547656 0.311111 0.546094 0.308333 0.546094 0.305556 0.547656 0.294444 0.546094 0.291667 0.546875 0.286111 0.546094 0.290278
24 0.563281 0.263889 0.565625 0.270833 0.565625 0.280556 0.564063 0.290278 0.563281 0.269444 0.562500 0.309722 0.560937 0.308333 0.557813 0.304167 0.555469 0.300000 0.553906 0.300000 0.556250 0.304167 0.560156 0.306944 0.563281 0.312500 0.563281 0.322222 0.564063 0.308333 0.565625 0.319444 0.565625 0.315278 0.565625 0.312500 0.566406 0.311111 0.566406 0.308333 0.564844 0.304167 0.564844 0.300000 0.564844 0.286111 0.566406 0.280556 0.566406 0.275000 0.564844 0.266667 0.565625 0.263889 0.563281 0.263889
24 0.618750 0.120833 0.618750 0.125000 0.617969 0.126389 0.617969 0.155556 0.616406 0.161111 0.616406 0.175000 0.614062 0.180556 0.615625 0.181944 0.614062 0.184722 0.615625 0.183333 0.617188 0.186111 0.617188 0.215278 0.615625 0.220833 0.616406 0.233333 0.615625 0.236111 0.614062 0.233333 0.615625 0.236111 0.615625 0.241667 0.614062 0.244444 0.613281 0.244444 0.610938 0.250000 0.612500 0.255556 0.615625 0.254167 0.615625 0.258333 0.613281 0.261111 0.616406 0.262500 0.616406 0.277778 0.614844 0.290278 0.615625 0.301389 0.619531 0.301389 0.621094 0.298611 0.622656 0.294444 0.623437 0.288889 0.624219 0.262500 0.626563 0.262500 0.623437 0.261111 0.623437 0.254167 0.625000 0.251389 0.626563 0.251389 0.628125 0.248611 0.628906 0.243056 0.631250 0.240278 0.625000 0.240278 0.622656 0.236111 0.622656 0.233333 0.622656 0.227778 0.623437 0.222222 0.622656 0.220833 0.622656 0.215278 0.623437 0.213889 0.623437 0.209722 0.622656 0.208333 0.622656 0.204167 0.624219 0.191667 0.624219 0.188889 0.623437 0.126389 0.622656 0.125000 0.622656 0.120833 0.618750 0.120833
24 0.028906 0.020833 0.030469 0.023611 0.029687 0.045833 0.029687 0.058333 0.031250 0.061111 0.032031 0.066667 0.032813 0.083333 0.033594 0.105556 0.032031 0.123611 0.032031 0.129167 0.033594 0.136111 0.033594 0.150000 0.035156 0.156944 0.035937 0.200000 0.035937 0.204167 0.034375 0.211111 0.034375 0.222222 0.035156 0.251389 0.036719 0.256944 0.036719 0.279167 0.039062 0.300000 0.039844 0.311111 0.039844 0.331944 0.039062 0.333333 0.037500 0.326389 0.036719 0.344444 0.037500 0.345833 0.037500 0.350000 0.036719 0.344444 0.035937 0.354167 0.036719 0.361111 0.039062 0.333333 0.039844 0.331944 0.041406 0.351389 0.041406 0.386111 0.040625 0.370833 0.038281 0.369444 0.036719 0.375000 0.038281 0.384722 0.038281 0.401389 0.037500 0.409722 0.035937 0.412500 0.035156 0.412500 0.034375 0.413889 0.034375 0.415278 0.034375 0.419444 0.036719 0.416667 0.039062 0.418056 0.040625 0.419444 0.040625 0.422222 0.041406 0.423611 0.041406 0.430556 0.039844 0.433333 0.043750 0.438889 0.043750 0.443056 0.039062 0.444444 0.038281 0.443056 0.032813 0.443056 0.032813 0.427778 0.035937 0.426389 0.033594 0.423611 0.034375 0.419444 0.032813 0.415278 0.032813 0.411111 0.031250 0.409722 0.031250 0.380556 0.029687 0.365278 0.029687 0.362500 0.030469 0.355556 0.028906 0.327778 0.029687 0.322222 0.028125 0.316667 0.028125 0.311111 0.028906 0.309722 0.028906 0.305556 0.028125 0.291667 0.026562 0.287500 0.026562 0.284722 0.028125 0.276389 0.028125 0.236111 0.026562 0.227778 0.025781 0.218056 0.025000 0.208333 0.024219 0.138889 0.024219 0.136111 0.025000 0.123611 0.025781 0.118056 0.026562 0.115278 0.027344 0.112500 0.028906 0.108333 0.030469 0.106944 0.030469 0.093056 0.028906 0.091667 0.028906 0.086111 0.029687 0.084722 0.028906 0.076389 0.028125 0.080556 0.028125 0.075000 0.027344 0.069444 0.025000 0.065278 0.026562 0.065278 0.024219 0.061111 0.024219 0.059722 0.026562 0.059722 0.028125 0.063889 0.028906 0.059722 0.026562 0.055556 0.024219 0.059722 0.024219 0.061111 0.024219 0.058333 0.025000 0.044444 0.023438 0.026389 0.023438 0.020833 0.026562 0.015278 0.027344 0.015278 0.028906 0.011111 0.028906 0.020833
24 0.023438 0.013889 0.025000 0.013889 0.025000 0.011111 0.023438 0.013889
29 0.536719 0.290278 0.532813 0.297222 0.532031 0.301389 0.532031 0.318056 0.532813 0.319444 0.532813 0.322222 0.535156 0.322222 0.537500 0.320833 0.539062 0.318056 0.539844 0.315278 0.539062 0.300000 0.537500 0.297222 0.536719 0.293056 0.536719 0.290278
29 0.418750 0.281944 0.416406 0.286111 0.416406 0.308333 0.417969 0.309722 0.420312 0.309722 0.421875 0.308333 0.422656 0.305556 0.422656 0.300000 0.421875 0.298611 0.422656 0.290278 0.422656 0.286111 0.420312 0.281944 0.418750 0.281944
25 0.602344 0.751389 0.603125 0.754167 0.603906 0.755556 0.607031 0.759722 0.617188 0.759722 0.615625 0.758333 0.617969 0.755556 0.614844 0.755556 0.612500 0.750000 0.610938 0.752778 0.607812 0.752778 0.606250 0.750000 0.602344 0.751389
25 0.629687 0.748611 0.630469 0.756944 0.628906 0.759722 0.634375 0.759722 0.633594 0.748611 0.629687 0.748611
25 0.229687 0.490278 0.231250 0.500000 0.231250 0.495833 0.230469 0.494444 0.230469 0.490278 0.229687 0.487500 0.229687 0.490278
25 0.609375 0.459722 0.607031 0.463889 0.607031 0.466667 0.609375 0.468056 0.609375 0.459722
25 0.169531 0.412500 0.169531 0.418056 0.171094 0.416667 0.169531 0.412500
25 0.164844 0.383333 0.164844 0.386111 0.167187 0.390278 0.167969 0.400000 0.169531 0.401389 0.171094 0.398611 0.171094 0.393056 0.172656 0.387500 0.169531 0.388889 0.164844 0.383333
25 0.423438 0.305556 0.425000 0.306944 0.428125 0.305556 0.428906 0.308333 0.429688 0.309722 0.430469 0.313889 0.430469 0.323611 0.431250 0.309722 0.431250 0.306944 0.429688 0.306944 0.428906 0.304167 0.426563 0.302778 0.425000 0.302778 0.424219 0.300000 0.423438 0.305556
25 0.418750 0.262500 0.417187 0.266667 0.419531 0.268056 0.421875 0.272222 0.421094 0.280556 0.418750 0.280556 0.415625 0.286111 0.415625 0.304167 0.413281 0.308333 0.415625 0.309722 0.417187 0.312500 0.421094 0.312500 0.424219 0.315278 0.425781 0.313889 0.428906 0.323611 0.428906 0.327778 0.430469 0.330556 0.431250 0.326389 0.432031 0.329167 0.432031 0.331944 0.430469 0.333333 0.430469 0.337500 0.431250 0.340278 0.432812 0.343056 0.435156 0.341667 0.435937 0.344444 0.442188 0.343056 0.444531 0.341667 0.446094 0.338889 0.446875 0.333333 0.447656 0.333333 0.448437 0.331944 0.448437 0.330556 0.450000 0.327778 0.450000 0.325000 0.452344 0.320833 0.454688 0.320833 0.456250 0.318056 0.457813 0.318056 0.460156 0.319444 0.461719 0.322222 0.464062 0.323611 0.467969 0.323611 0.471875 0.326389 0.475781 0.326389 0.477344 0.329167 0.477344 0.330556 0.479687 0.333333 0.481250 0.334722 0.483594 0.338889 0.482812 0.343056 0.484375 0.344444 0.489063 0.344444 0.492188 0.350000 0.492188 0.354167 0.493750 0.359722 0.494531 0.359722 0.495312 0.361111 0.496094 0.363889 0.496875 0.366667 0.495312 0.368056 0.496875 0.370833 0.500000 0.368056 0.503906 0.368056 0.506250 0.370833 0.508594 0.370833 0.510156 0.377778 0.510156 0.383333 0.509375 0.386111 0.508594 0.387500 0.507812 0.387500 0.507031 0.393056 0.505469 0.393056 0.506250 0.400000 0.504687 0.402778 0.504687 0.408333 0.506250 0.409722 0.506250 0.415278 0.505469 0.418056 0.505469 0.419444 0.503125 0.420833 0.500781 0.420833 0.500781 0.419444 0.499219 0.416667 0.498437 0.412500 0.497656 0.411111 0.493750 0.406944 0.492188 0.409722 0.489063 0.409722 0.485938 0.411111 0.485156 0.415278 0.484375 0.415278 0.482031 0.412500 0.476562 0.413889 0.475000 0.416667 0.474219 0.416667 0.473438 0.429167 0.474219 0.431944 0.471875 0.429167 0.467187 0.429167 0.467187 0.425000 0.469531 0.425000 0.470313 0.427778 0.472656 0.425000 0.473438 0.422222 0.472656 0.419444 0.466406 0.419444 0.464844 0.416667 0.464062 0.412500 0.451562 0.412500 0.452344 0.416667 0.449219 0.409722 0.448437 0.409722 0.446875 0.406944 0.443750 0.409722 0.436719 0.409722 0.432812 0.412500 0.435156 0.415278 0.425781 0.415278 0.421875 0.416667 0.418750 0.419444 0.418750 0.420833 0.417187 0.423611 0.416406 0.426389 0.415625 0.427778 0.411719 0.427778 0.411719 0.426389 0.409375 0.425000 0.407813 0.423611 0.403125 0.415278 0.401562 0.415278 0.400781 0.413889 0.399219 0.411111 0.398438 0.415278 0.402344 0.422222 0.404687 0.422222 0.407031 0.426389 0.408594 0.427778 0.411719 0.426389 0.411719 0.427778 0.413281 0.430556 0.415625 0.427778 0.416406 0.426389 0.415625 0.430556 0.415625 0.433333 0.411719 0.434722 0.410938 0.433333 0.411719 0.437500 0.410156 0.438889 0.410156 0.443056 0.411719 0.444444 0.408594 0.445833 0.406250 0.445833 0.405469 0.443056 0.404687 0.436111 0.403906 0.433333 0.401562 0.429167 0.400781 0.429167 0.398438 0.423611 0.392969 0.420833 0.392969 0.418056 0.393750 0.408333 0.393750 0.402778 0.392188 0.398611 0.392188 0.395833 0.394531 0.393056 0.393750 0.388889 0.395313 0.383333 0.396875 0.383333 0.398438 0.368056 0.397656 0.361111 0.396094 0.363889 0.393750 0.369444 0.392969 0.372222 0.392969 0.376389 0.396875 0.383333 0.395313 0.383333 0.392969 0.381944 0.391406 0.384722 0.389844 0.383333 0.388281 0.384722 0.389844 0.381944 0.389844 0.377778 0.388281 0.375000 0.386719 0.373611 0.389062 0.375000 0.392188 0.369444 0.392188 0.361111 0.392969 0.366667 0.393750 0.359722 0.395313 0.366667 0.396875 0.356944 0.396875 0.348611 0.393750 0.347222 0.392969 0.343056 0.392188 0.345833 0.392188 0.341667 0.394531 0.337500 0.392969 0.336111 0.392188 0.334722 0.388281 0.331944 0.382812 0.331944 0.378906 0.330556 0.378125 0.329167 0.376563 0.329167 0.378125 0.325000 0.378125 0.320833 0.379688 0.318056 0.382812 0.318056 0.389062 0.319444 0.390625 0.316667 0.389844 0.313889 0.388281 0.312500 0.388281 0.308333 0.389844 0.306944 0.395313 0.305556 0.393750 0.304167 0.392188 0.300000 0.390625 0.304167 0.390625 0.301389 0.391406 0.300000 0.391406 0.297222 0.393750 0.295833 0.395313 0.297222 0.393750 0.298611 0.395313 0.305556 0.396875 0.300000 0.397656 0.298611 0.399219 0.297222 0.399219 0.297222 0.398438 0.298611 0.398438 0.300000 0.396875 0.302778 0.396875 0.305556 0.396094 0.308333 0.392188 0.311111 0.391406 0.316667 0.393750 0.320833 0.396094 0.319444 0.397656 0.320833 0.396094 0.322222 0.395313 0.322222 0.394531 0.326389 0.395313 0.333333 0.397656 0.341667 0.398438 0.347222 0.399219 0.354167 0.399219 0.338889 0.399219 0.331944 0.400000 0.327778 0.401562 0.323611 0.403906 0.322222 0.405469 0.319444 0.407813 0.313889 0.405469 0.313889 0.407031 0.309722 0.409375 0.308333 0.410156 0.305556 0.408594 0.304167 0.407031 0.301389 0.407031 0.298611 0.407813 0.295833 0.407031 0.298611 0.408594 0.301389 0.408594 0.302778 0.411719 0.308333 0.413281 0.305556 0.414062 0.300000 0.414844 0.297222 0.415625 0.294444 0.413281 0.291667 0.411719 0.290278 0.408594 0.293056 0.403906 0.293056 0.402344 0.295833 0.400781 0.295833 0.399219 0.297222 0.399219 0.297222 0.403125 0.294444 0.405469 0.291667 0.407031 0.288889 0.407813 0.286111 0.406250 0.284722 0.408594 0.284722 0.414844 0.284722 0.417969 0.280556 0.416406 0.277778 0.411719 0.277778 0.413281 0.270833 0.414062 0.268056 0.416406 0.261111 0.417969 0.258333 0.418750 0.254167 0.418750 0.262500
25 0.650000 0.254167 0.650781 0.259722 0.654687 0.258333 0.656250 0.258333 0.657813 0.259722 0.658594 0.263889 0.663281 0.272222 0.669531 0.277778 0.671094 0.277778 0.675781 0.281944 0.678125 0.286111 0.680469 0.287500 0.683594 0.293056 0.682813 0.300000 0.679688 0.304167 0.678906 0.300000 0.678125 0.297222 0.673438 0.288889 0.671094 0.287500 0.665625 0.287500 0.663281 0.286111 0.661719 0.283333 0.655469 0.279167 0.650000 0.275000 0.642969 0.276389 0.647656 0.279167 0.649219 0.281944 0.653906 0.283333 0.657813 0.290278 0.660156 0.287500 0.661719 0.287500 0.664062 0.293056 0.665625 0.294444 0.671094 0.294444 0.671094 0.297222 0.671875 0.301389 0.673438 0.304167 0.674219 0.308333 0.674219 0.316667 0.672656 0.327778 0.674219 0.331944 0.675000 0.336111 0.676562 0.333333 0.678125 0.329167 0.678906 0.325000 0.679688 0.320833 0.679688 0.304167 0.682813 0.300000 0.685156 0.305556 0.684375 0.308333 0.685156 0.316667 0.684375 0.325000 0.682031 0.337500 0.682031 0.345833 0.681250 0.347222 0.681250 0.351389 0.675000 0.352778 0.674219 0.348611 0.671094 0.351389 0.667188 0.351389 0.665625 0.352778 0.664062 0.355556 0.660156 0.356944 0.657031 0.356944 0.653906 0.358333 0.646875 0.362500 0.642188 0.366667 0.639062 0.369444 0.636719 0.373611 0.634375 0.379167 0.631250 0.394444 0.629687 0.397222 0.629687 0.400000 0.628125 0.395833 0.626563 0.394444 0.628125 0.394444 0.631250 0.388889 0.628906 0.387500 0.623437 0.390278 0.617969 0.390278 0.615625 0.388889 0.610938 0.393056 0.608594 0.393056 0.612500 0.390278 0.599219 0.388889 0.589063 0.370833 0.589063 0.336111 0.590625 0.331944 0.591406 0.327778 0.592969 0.326389 0.596094 0.326389 0.603125 0.315278 0.601562 0.318056 0.607812 0.319444 0.610156 0.315278 0.612500 0.313889 0.615625 0.308333 0.615625 0.304167 0.619531 0.302778 0.621875 0.298611 0.623437 0.294444 0.625000 0.290278 0.626563 0.283333 0.629687 0.277778 0.627344 0.276389 0.624219 0.280556 0.624219 0.277778 0.625781 0.276389 0.628125 0.275000 0.628906 0.272222 0.629687 0.268056 0.629687 0.263889 0.631250 0.262500 0.632812 0.262500 0.636719 0.263889 0.637500 0.266667 0.637500 0.269444 0.639062 0.272222 0.640625 0.265278 0.641406 0.263889 0.641406 0.259722 0.639062 0.258333 0.642969 0.258333 0.644531 0.255556 0.650000 0.254167 0.650781 0.251389 0.650000 0.254167
25 0.426563 0.226389 0.425781 0.229167 0.424219 0.236111 0.421875 0.240278 0.421094 0.243056 0.421094 0.245833 0.419531 0.251389 0.423438 0.245833 0.423438 0.238889 0.426563 0.233333 0.426563 0.226389
25 0.413281 0.151389 0.417187 0.158333 0.417969 0.158333 0.420312 0.161111 0.419531 0.158333 0.415625 0.155556 0.413281 0.151389
25 0.315625 0.136111 0.318750 0.137500 0.319531 0.138889 0.321094 0.138889 0.319531 0.137500 0.317188 0.137500 0.315625 0.136111
25 0.346094 0.119444 0.347656 0.123611 0.350000 0.126389 0.352344 0.127778 0.358594 0.125000 0.360156 0.125000 0.361719 0.127778 0.364844 0.126389 0.366406 0.127778 0.366406 0.131944 0.371094 0.140278 0.371094 0.141667 0.373437 0.145833 0.375000 0.147222 0.376563 0.148611 0.380469 0.150000 0.382812 0.150000 0.384375 0.150000 0.386719 0.152778 0.389062 0.152778 0.389844 0.150000 0.391406 0.152778 0.396094 0.154167 0.408594 0.152778 0.411719 0.154167 0.413281 0.156944 0.413281 0.158333 0.414844 0.161111 0.417187 0.162500 0.418750 0.163889 0.419531 0.168056 0.421094 0.170833 0.420312 0.177778 0.418750 0.183333 0.419531 0.187500 0.422656 0.179167 0.423438 0.176389 0.423438 0.169444 0.423438 0.176389 0.421875 0.180556 0.421875 0.188889 0.422656 0.195833 0.423438 0.198611 0.425781 0.204167 0.427344 0.209722 0.427344 0.220833 0.427344 0.212500 0.425781 0.205556 0.421875 0.195833 0.421094 0.193056 0.420312 0.187500 0.419531 0.195833 0.422656 0.208333 0.423438 0.211111 0.425781 0.215278 0.425000 0.218056 0.425000 0.220833 0.423438 0.220833 0.421875 0.225000 0.421094 0.231944 0.420312 0.234722 0.418750 0.237500 0.417969 0.240278 0.417969 0.245833 0.416406 0.250000 0.416406 0.254167 0.413281 0.258333 0.412500 0.262500 0.411719 0.265278 0.409375 0.266667 0.408594 0.269444 0.408594 0.273611 0.407031 0.275000 0.404687 0.275000 0.403125 0.277778 0.405469 0.277778 0.406250 0.280556 0.403906 0.281944 0.404687 0.284722 0.403125 0.284722 0.400781 0.286111 0.399219 0.290278 0.398438 0.287500 0.396094 0.291667 0.394531 0.293056 0.392188 0.291667 0.390625 0.293056 0.389062 0.295833 0.389062 0.298611 0.385156 0.298611 0.378906 0.301389 0.378906 0.302778 0.376563 0.304167 0.375000 0.305556 0.374219 0.308333 0.374219 0.311111 0.375000 0.316667 0.375781 0.322222 0.374219 0.325000 0.375000 0.322222 0.371875 0.322222 0.370312 0.325000 0.371094 0.330556 0.370312 0.333333 0.371094 0.336111 0.372656 0.340278 0.370312 0.343056 0.368750 0.343056 0.367188 0.344444 0.364844 0.348611 0.361719 0.354167 0.360938 0.356944 0.362500 0.358333 0.364063 0.359722 0.360156 0.365278 0.358594 0.368056 0.357031 0.373611 0.357031 0.381944 0.355469 0.376389 0.353906 0.375000 0.352344 0.375000 0.353906 0.381944 0.353906 0.384722 0.357031 0.386111 0.357812 0.388889 0.357812 0.393056 0.355469 0.395833 0.358594 0.397222 0.360156 0.394444 0.360156 0.387500 0.361719 0.384722 0.361719 0.383333 0.362500 0.381944 0.364844 0.380556 0.369531 0.372222 0.370312 0.369444 0.371094 0.362500 0.370312 0.356944 0.371875 0.354167 0.372656 0.358333 0.375781 0.362500 0.375000 0.366667 0.375781 0.373611 0.372656 0.380556 0.372656 0.383333 0.371094 0.383333 0.371094 0.387500 0.366406 0.394444 0.365625 0.397222 0.365625 0.400000 0.364844 0.402778 0.363281 0.405556 0.363281 0.406944 0.357812 0.404167 0.346875 0.404167 0.346094 0.402778 0.335938 0.402778 0.338281 0.401389 0.337500 0.390278 0.341406 0.390278 0.343750 0.387500 0.345313 0.384722 0.344531 0.380556 0.349219 0.377778 0.346875 0.376389 0.344531 0.373611 0.342969 0.370833 0.345313 0.366667 0.346094 0.363889 0.342969 0.358333 0.341406 0.358333 0.341406 0.354167 0.341406 0.351389 0.342969 0.355556 0.344531 0.356944 0.346094 0.355556 0.347656 0.355556 0.349219 0.352778 0.349219 0.348611 0.347656 0.345833 0.346094 0.344444 0.343750 0.344444 0.341406 0.340278 0.340625 0.336111 0.341406 0.333333 0.342969 0.331944 0.343750 0.329167 0.343750 0.322222 0.342969 0.319444 0.342187 0.316667 0.339062 0.309722 0.339062 0.305556 0.337500 0.304167 0.335156 0.302778 0.335156 0.300000 0.332813 0.304167 0.331250 0.300000 0.329688 0.298611 0.328125 0.300000 0.327344 0.304167 0.325000 0.304167 0.323437 0.305556 0.321094 0.305556 0.319531 0.308333 0.315625 0.308333 0.317969 0.309722 0.318750 0.315278 0.314063 0.312500 0.312500 0.306944 0.309375 0.301389 0.307812 0.301389 0.302344 0.301389 0.302344 0.298611 0.297656 0.295833 0.296094 0.301389 0.293750 0.305556 0.292969 0.308333 0.292969 0.311111 0.293750 0.318056 0.292969 0.319444 0.293750 0.325000 0.291406 0.329167 0.292969 0.331944 0.293750 0.337500 0.293750 0.356944 0.295312 0.359722 0.293750 0.362500 0.294531 0.365278 0.296094 0.366667 0.298438 0.377778 0.298438 0.380556 0.297656 0.381944 0.297656 0.384722 0.300781 0.387500 0.302344 0.387500 0.302344 0.390278 0.303906 0.394444 0.300781 0.395833 0.300000 0.397222 0.299219 0.400000 0.302344 0.401389 0.303125 0.402778 0.305469 0.402778 0.300000 0.402778 0.299219 0.400000 0.299219 0.395833 0.298438 0.391667 0.297656 0.388889 0.296094 0.386111 0.294531 0.387500 0.296875 0.394444 0.296875 0.398611 0.298438 0.402778 0.292969 0.404167 0.289062 0.405556 0.285156 0.406944 0.282031 0.408333 0.278125 0.411111 0.275781 0.415278 0.275000 0.419444 0.276562 0.425000 0.275000 0.425000 0.253906 0.422222 0.251563 0.423611 0.253125 0.416667 0.255469 0.413889 0.256250 0.405556 0.257812 0.398611 0.256250 0.395833 0.255469 0.393056 0.255469 0.390278 0.257812 0.390278 0.259375 0.387500 0.261719 0.388889 0.264062 0.387500 0.267969 0.383333 0.270313 0.383333 0.275781 0.384722 0.278906 0.386111 0.280469 0.387500 0.282813 0.391667 0.283594 0.388889 0.285938 0.386111 0.286719 0.386111 0.287500 0.380556 0.285938 0.376389 0.285938 0.369444 0.287500 0.368056 0.287500 0.361111 0.286719 0.348611 0.285938 0.344444 0.285156 0.341667 0.283594 0.338889 0.282031 0.336111 0.282031 0.333333 0.281250 0.331944 0.281250 0.308333 0.279687 0.304167 0.279687 0.300000 0.277344 0.295833 0.275781 0.294444 0.272656 0.293056 0.270313 0.291667 0.267188 0.293056 0.264844 0.293056 0.267188 0.293056 0.268750 0.290278 0.266406 0.288889 0.265625 0.286111 0.264062 0.287500 0.261719 0.288889 0.260156 0.291667 0.258594 0.293056 0.254688 0.291667 0.254688 0.290278 0.251563 0.283333 0.251563 0.280556 0.250000 0.277778 0.248438 0.276389 0.243750 0.275000 0.234375 0.275000 0.228906 0.276389 0.226562 0.280556 0.226562 0.290278 0.225781 0.295833 0.225000 0.300000 0.224219 0.302778 0.221094 0.308333 0.220312 0.312500 0.221875 0.313889 0.220312 0.315278 0.218750 0.318056 0.217969 0.320833 0.217969 0.325000 0.219531 0.326389 0.219531 0.329167 0.216406 0.329167 0.215625 0.330556 0.210938 0.330556 0.205469 0.341667 0.201563 0.343056 0.200000 0.345833 0.196094 0.347222 0.194531 0.350000 0.193750 0.356944 0.192188 0.358333 0.189844 0.358333 0.185938 0.365278 0.185938 0.369444 0.182031 0.369444 0.179688 0.375000 0.178125 0.375000 0.174219 0.373611 0.172656 0.375000 0.171875 0.377778 0.169531 0.379167 0.167969 0.377778 0.167187 0.375000 0.162500 0.373611 0.160938 0.373611 0.157812 0.375000 0.153906 0.370833 0.149219 0.369444 0.146094 0.363889 0.147656 0.359722 0.147656 0.351389 0.146875 0.347222 0.144531 0.343056 0.144531 0.338889 0.145313 0.322222 0.146875 0.326389 0.146094 0.329167 0.148438 0.329167 0.146875 0.326389 0.145313 0.322222 0.143750 0.319444 0.139844 0.316667 0.137500 0.312500 0.138281 0.311111 0.132812 0.306944 0.130469 0.302778 0.126562 0.302778 0.125000 0.300000 0.124219 0.297222 0.124219 0.294444 0.122656 0.291667 0.118750 0.291667 0.117188 0.288889 0.116406 0.283333 0.116406 0.276389 0.117969 0.261111 0.114844 0.259722 0.118750 0.251389 0.120313 0.252778 0.121094 0.248611 0.120313 0.234722 0.121094 0.227778 0.124219 0.226389 0.125781 0.223611 0.128125 0.222222 0.132812 0.222222 0.135156 0.220833 0.137500 0.218056 0.136719 0.216667 0.138281 0.213889 0.142187 0.213889 0.142187 0.208333 0.141406 0.208333 0.140625 0.204167 0.142969 0.200000 0.142187 0.195833 0.140625 0.194444 0.139844 0.190278 0.138281 0.184722 0.138281 0.180556 0.136719 0.177778 0.137500 0.176389 0.135937 0.175000 0.135937 0.170833 0.133594 0.163889 0.132812 0.151389 0.132812 0.147222 0.133594 0.138889 0.134375 0.137500 0.134375 0.134722 0.144531 0.136111 0.147656 0.136111 0.148438 0.133333 0.150781 0.130556 0.152344 0.129167 0.154688 0.127778 0.157812 0.126389 0.162500 0.126389 0.167187 0.127778 0.168750 0.130556 0.169531 0.133333 0.170313 0.134722 0.171094 0.134722 0.172656 0.137500 0.176563 0.140278 0.179688 0.141667 0.180469 0.145833 0.182031 0.148611 0.186719 0.148611 0.189062 0.152778 0.187500 0.154167 0.189062 0.158333 0.191406 0.158333 0.192969 0.161111 0.194531 0.165278 0.195312 0.168056 0.195312 0.172222 0.193750 0.177778 0.194531 0.186111 0.195312 0.188889 0.196875 0.191667 0.198437 0.193056 0.200000 0.193056 0.201563 0.194444 0.202344 0.197222 0.203906 0.195833 0.206250 0.197222 0.207813 0.198611 0.208594 0.201389 0.210938 0.201389 0.212500 0.204167 0.215625 0.204167 0.219531 0.198611 0.222656 0.200000 0.225000 0.202778 0.225781 0.200000 0.226562 0.197222 0.229687 0.198611 0.235156 0.198611 0.237500 0.195833 0.239844 0.194444 0.241406 0.191667 0.242188 0.188889 0.242969 0.183333 0.243750 0.170833 0.242969 0.158333 0.244531 0.158333 0.244531 0.154167 0.248438 0.147222 0.249219 0.144444 0.248438 0.141667 0.251563 0.134722 0.250781 0.129167 0.252344 0.127778 0.254688 0.127778 0.254688 0.130556 0.253125 0.134722 0.257031 0.137500 0.260937 0.136111 0.257812 0.133333 0.257031 0.131944 0.256250 0.129167 0.256250 0.126389 0.258594 0.126389 0.259375 0.125000 0.264062 0.123611 0.264062 0.127778 0.264844 0.129167 0.264844 0.133333 0.261719 0.134722 0.270313 0.134722 0.271875 0.134722 0.274219 0.136111 0.275781 0.137500 0.283594 0.147222 0.285938 0.148611 0.289062 0.144444 0.289844 0.141667 0.289844 0.140278 0.290625 0.137500 0.294531 0.136111 0.295312 0.130556 0.296094 0.127778 0.296875 0.126389 0.298438 0.125000 0.302344 0.123611 0.308594 0.125000 0.310156 0.126389 0.310937 0.134722 0.311719 0.137500 0.312500 0.140278 0.313281 0.141667 0.314844 0.143056 0.319531 0.143056 0.321094 0.144444 0.322656 0.147222 0.326562 0.150000 0.332031 0.140278 0.335156 0.140278 0.342969 0.126389 0.342969 0.123611 0.344531 0.123611 0.346094 0.119444
25 0.314063 0.116667 0.311719 0.122222 0.313281 0.126389 0.314844 0.125000 0.315625 0.122222 0.315625 0.119444 0.314063 0.116667
25 0.302344 0.112500 0.296875 0.113889 0.294531 0.115278 0.289844 0.119444 0.285938 0.125000 0.282031 0.126389 0.282031 0.129167 0.282031 0.133333 0.280469 0.136111 0.278906 0.136111 0.280469 0.137500 0.281250 0.138889 0.283594 0.140278 0.285938 0.140278 0.287500 0.138889 0.291406 0.131944 0.292187 0.129167 0.291406 0.126389 0.296094 0.123611 0.298438 0.120833 0.306250 0.120833 0.305469 0.118056 0.303906 0.113889 0.302344 0.112500
25 0.075781 0.120833 0.076563 0.126389 0.075781 0.130556 0.078125 0.134722 0.078125 0.144444 0.082031 0.136111 0.082812 0.133333 0.082812 0.126389 0.082031 0.122222 0.079687 0.115278 0.082031 0.111111 0.075781 0.120833
25 0.336719 0.108333 0.341406 0.108333 0.339844 0.108333 0.339062 0.109722 0.336719 0.108333
25 0.000000 0.000000 0.000781 0.047222 0.001563 0.047222 0.003125 0.050000 0.003125 0.051389 0.004687 0.054167 0.007031 0.056944 0.009375 0.058333 0.013281 0.059722 0.015625 0.059722 0.017188 0.059722 0.021875 0.051389 0.021875 0.044444 0.021094 0.043056 0.021875 0.034722 0.021875 0.030556 0.020313 0.013889 0.020313 0.011111 0.021094 0.009722 0.021094 0.005556 0.020313 0.004167 0.020313 0.000000 0.000000 0.000000
27 0.404687 0.316667 0.404687 0.318056 0.403125 0.320833 0.401562 0.322222 0.403125 0.320833 0.403906 0.320833 0.404687 0.319444 0.407031 0.313889 0.404687 0.316667
27 0.592187 0.311111 0.592187 0.318056 0.592969 0.320833 0.595313 0.322222 0.592187 0.316667 0.592187 0.311111
27 0.564063 0.309722 0.563281 0.325000 0.564844 0.326389 0.564844 0.319444 0.564063 0.318056 0.564063 0.309722
27 0.415625 0.305556 0.413281 0.309722 0.414844 0.306944 0.417187 0.311111 0.421875 0.312500 0.424219 0.312500 0.427344 0.311111 0.427344 0.316667 0.429688 0.323611 0.430469 0.329167 0.430469 0.325000 0.429688 0.323611 0.429688 0.313889 0.428125 0.306944 0.422656 0.306944 0.420312 0.311111 0.417969 0.311111 0.416406 0.309722 0.415625 0.305556
27 0.609375 0.261111 0.610156 0.268056 0.611719 0.265278 0.610938 0.259722 0.609375 0.261111
27 0.204687 0.020833 0.206250 0.023611 0.207031 0.023611 0.209375 0.026389 0.211719 0.029167 0.210156 0.026389 0.208594 0.026389 0.206250 0.022222 0.204687 0.020833
27 0.759375 0.000000 0.758594 0.005556 0.758594 0.009722 0.757812 0.011111 0.757812 0.013889 0.756250 0.015278 0.757031 0.018056 0.755469 0.022222 0.755469 0.025000 0.754687 0.022222 0.754687 0.027778 0.753906 0.025000 0.752344 0.022222 0.751563 0.029167 0.752344 0.030556 0.753125 0.033333 0.753906 0.030556 0.753125 0.034722 0.752344 0.031944 0.752344 0.030556 0.748437 0.037500 0.750000 0.038889 0.746094 0.040278 0.746875 0.044444 0.744531 0.045833 0.739844 0.052778 0.739062 0.056944 0.739062 0.072222 0.739062 0.093056 0.739062 0.097222 0.739062 0.105556 0.735156 0.106944 0.732031 0.105556 0.732031 0.111111 0.733594 0.108333 0.735156 0.106944 0.739062 0.105556 0.740625 0.125000 0.739062 0.125000 0.739844 0.113889 0.738281 0.102778 0.737500 0.102778 0.738281 0.101389 0.737500 0.097222 0.735938 0.100000 0.736719 0.105556 0.737500 0.102778 0.738281 0.102778 0.736719 0.108333 0.736719 0.112500 0.737500 0.113889 0.737500 0.119444 0.739062 0.125000 0.740625 0.125000 0.740625 0.129167 0.739062 0.131944 0.739062 0.127778 0.737500 0.130556 0.738281 0.134722 0.738281 0.134722 0.732812 0.140278 0.730469 0.145833 0.729688 0.148611 0.732812 0.148611 0.734375 0.145833 0.735156 0.145833 0.736719 0.143056 0.735156 0.145833 0.735156 0.147222 0.734375 0.148611 0.733594 0.148611 0.732031 0.151389 0.730469 0.155556 0.729688 0.158333 0.732812 0.159722 0.735156 0.155556 0.736719 0.154167 0.737500 0.155556 0.739062 0.152778 0.737500 0.150000 0.737500 0.145833 0.738281 0.134722 0.738281 0.134722 0.739844 0.136111 0.738281 0.144444 0.739844 0.150000 0.738281 0.154167 0.737500 0.161111 0.737500 0.166667 0.738281 0.176389 0.737500 0.177778 0.738281 0.188889 0.739844 0.181944 0.739844 0.156944 0.738281 0.154167 0.739844 0.150000 0.740625 0.211111 0.740625 0.213889 0.739844 0.255556 0.734375 0.255556 0.738281 0.254167 0.739062 0.251389 0.738281 0.245833 0.739062 0.244444 0.739062 0.223611 0.737500 0.226389 0.736719 0.237500 0.739062 0.244444 0.738281 0.245833 0.735938 0.248611 0.729688 0.248611 0.728125 0.251389 0.724219 0.252778 0.727344 0.254167 0.723437 0.254167 0.722656 0.252778 0.719531 0.252778 0.701562 0.255556 0.700000 0.255556 0.675000 0.255556 0.665625 0.254167 0.664062 0.254167 0.664844 0.250000 0.668750 0.244444 0.663281 0.248611 0.661719 0.250000 0.660156 0.251389 0.660156 0.248611 0.663281 0.247222 0.665625 0.244444 0.667188 0.241667 0.664062 0.238889 0.661719 0.241667 0.658594 0.243056 0.653906 0.241667 0.652344 0.244444 0.651563 0.244444 0.641406 0.244444 0.641406 0.250000 0.643750 0.247222 0.650000 0.248611 0.651563 0.244444 0.652344 0.244444 0.650781 0.248611 0.652344 0.251389 0.653906 0.248611 0.656250 0.248611 0.657031 0.252778 0.658594 0.255556 0.660937 0.254167 0.662500 0.256944 0.665625 0.258333 0.702344 0.258333 0.707031 0.259722 0.708594 0.261111 0.700000 0.262500 0.693750 0.261111 0.681250 0.262500 0.668750 0.261111 0.659375 0.259722 0.656250 0.256944 0.654687 0.256944 0.651563 0.259722 0.650781 0.254167 0.650781 0.250000 0.649219 0.254167 0.644531 0.254167 0.642969 0.256944 0.638281 0.258333 0.640625 0.259722 0.640625 0.263889 0.639844 0.265278 0.639844 0.270833 0.637500 0.263889 0.636719 0.262500 0.635938 0.262500 0.634375 0.259722 0.632812 0.261111 0.631250 0.261111 0.629687 0.262500 0.628125 0.272222 0.627344 0.275000 0.625781 0.275000 0.624219 0.276389 0.624219 0.263889 0.627344 0.262500 0.624219 0.261111 0.628125 0.261111 0.628906 0.259722 0.635156 0.259722 0.638281 0.258333 0.639844 0.256944 0.639844 0.252778 0.639844 0.251389 0.634375 0.252778 0.632812 0.250000 0.630469 0.250000 0.628906 0.251389 0.629687 0.248611 0.628906 0.244444 0.630469 0.243056 0.637500 0.241667 0.631250 0.238889 0.625000 0.238889 0.623437 0.236111 0.623437 0.233333 0.624219 0.222222 0.623437 0.220833 0.623437 0.215278 0.624219 0.213889 0.624219 0.209722 0.623437 0.208333 0.623437 0.204167 0.625000 0.191667 0.625000 0.188889 0.624219 0.126389 0.623437 0.120833 0.618750 0.119444 0.617188 0.126389 0.617188 0.155556 0.615625 0.161111 0.615625 0.175000 0.613281 0.179167 0.614844 0.180556 0.613281 0.183333 0.615625 0.184722 0.616406 0.215278 0.614844 0.219444 0.616406 0.230556 0.614844 0.236111 0.615625 0.234722 0.614062 0.231944 0.613281 0.234722 0.615625 0.234722 0.614844 0.236111 0.614062 0.243056 0.608594 0.251389 0.608594 0.255556 0.607031 0.256944 0.607031 0.261111 0.606250 0.263889 0.602344 0.275000 0.600781 0.277778 0.604688 0.273611 0.607812 0.272222 0.607031 0.275000 0.610938 0.276389 0.612500 0.277778 0.613281 0.283333 0.614844 0.280556 0.614062 0.283333 0.613281 0.287500 0.614062 0.309722 0.612500 0.312500 0.610156 0.313889 0.608594 0.316667 0.603125 0.313889 0.604688 0.313889 0.605469 0.315278 0.608594 0.315278 0.610156 0.313889 0.611719 0.311111 0.612500 0.311111 0.613281 0.298611 0.612500 0.294444 0.607031 0.291667 0.604688 0.291667 0.603906 0.286111 0.601562 0.286111 0.600781 0.291667 0.603125 0.291667 0.604688 0.291667 0.607031 0.291667 0.603125 0.298611 0.599219 0.300000 0.599219 0.295833 0.596094 0.295833 0.596094 0.297222 0.595313 0.298611 0.594531 0.298611 0.592969 0.301389 0.596094 0.295833 0.596875 0.293056 0.591406 0.297222 0.590625 0.298611 0.588281 0.304167 0.586719 0.305556 0.586719 0.302778 0.586719 0.297222 0.585156 0.300000 0.586719 0.302778 0.586719 0.305556 0.583594 0.305556 0.580469 0.308333 0.580469 0.302778 0.582031 0.301389 0.580469 0.297222 0.578906 0.294444 0.578125 0.297222 0.577344 0.298611 0.575781 0.300000 0.577344 0.302778 0.577344 0.308333 0.576562 0.309722 0.577344 0.318056 0.567969 0.316667 0.566406 0.315278 0.566406 0.312500 0.567187 0.311111 0.567187 0.308333 0.565625 0.304167 0.565625 0.300000 0.565625 0.287500 0.567187 0.280556 0.567187 0.275000 0.565625 0.266667 0.566406 0.263889 0.563281 0.262500 0.564844 0.270833 0.564844 0.280556 0.564063 0.281944 0.564063 0.288889 0.563281 0.268056 0.561719 0.306944 0.560937 0.306944 0.558594 0.302778 0.555469 0.298611 0.553125 0.300000 0.556250 0.305556 0.557813 0.306944 0.559375 0.308333 0.560937 0.306944 0.561719 0.306944 0.560156 0.308333 0.562500 0.312500 0.562500 0.320833 0.561719 0.325000 0.558594 0.331944 0.554688 0.334722 0.557813 0.336111 0.555469 0.336111 0.553906 0.334722 0.553125 0.331944 0.552344 0.330556 0.555469 0.331944 0.553906 0.327778 0.552344 0.330556 0.553125 0.331944 0.547656 0.334722 0.547656 0.323611 0.546875 0.322222 0.546875 0.318056 0.547656 0.320833 0.548438 0.311111 0.546875 0.308333 0.546875 0.305556 0.548438 0.294444 0.546875 0.291667 0.547656 0.286111 0.545312 0.290278 0.542969 0.293056 0.545312 0.304167 0.544531 0.301389 0.542969 0.298611 0.541406 0.301389 0.544531 0.301389 0.545312 0.304167 0.545312 0.311111 0.544531 0.326389 0.543750 0.327778 0.543750 0.334722 0.540625 0.333333 0.540625 0.322222 0.539844 0.320833 0.540625 0.318056 0.541406 0.320833 0.543750 0.320833 0.544531 0.318056 0.543750 0.312500 0.542188 0.315278 0.540625 0.315278 0.540625 0.309722 0.541406 0.312500 0.542969 0.311111 0.542188 0.308333 0.540625 0.306944 0.539844 0.301389 0.540625 0.298611 0.538281 0.297222 0.538281 0.294444 0.536719 0.288889 0.532031 0.297222 0.531250 0.301389 0.531250 0.318056 0.532031 0.322222 0.535156 0.323611 0.537500 0.322222 0.539062 0.319444 0.539844 0.320833 0.540625 0.322222 0.539062 0.323611 0.538281 0.333333 0.536719 0.334722 0.532813 0.334722 0.517188 0.334722 0.514844 0.340278 0.513281 0.344444 0.511719 0.348611 0.511719 0.354167 0.510156 0.354167 0.509375 0.356944 0.507031 0.358333 0.506250 0.363889 0.506250 0.366667 0.500000 0.366667 0.498437 0.366667 0.497656 0.369444 0.496094 0.368056 0.497656 0.366667 0.496094 0.361111 0.493750 0.358333 0.493750 0.355556 0.492969 0.354167 0.492969 0.350000 0.489063 0.343056 0.485938 0.344444 0.483594 0.343056 0.484375 0.338889 0.480469 0.334722 0.478906 0.331944 0.478125 0.330556 0.475781 0.325000 0.471875 0.325000 0.467969 0.322222 0.464062 0.322222 0.461719 0.320833 0.460156 0.318056 0.457813 0.316667 0.456250 0.316667 0.454688 0.319444 0.452344 0.319444 0.450781 0.322222 0.450781 0.325000 0.450000 0.323611 0.449219 0.327778 0.447656 0.331944 0.444531 0.334722 0.442188 0.338889 0.438281 0.340278 0.435156 0.340278 0.434375 0.336111 0.435156 0.327778 0.431250 0.322222 0.432031 0.309722 0.432031 0.306944 0.428906 0.302778 0.428125 0.304167 0.426563 0.301389 0.425000 0.301389 0.425000 0.298611 0.427344 0.298611 0.424219 0.293056 0.422656 0.298611 0.422656 0.291667 0.423438 0.288889 0.426563 0.290278 0.428125 0.290278 0.425000 0.284722 0.426563 0.281944 0.425000 0.279167 0.421875 0.280556 0.422656 0.272222 0.419531 0.266667 0.417969 0.266667 0.419531 0.262500 0.418750 0.252778 0.418750 0.250000 0.424219 0.245833 0.424219 0.238889 0.427344 0.233333 0.426563 0.225000 0.423438 0.236111 0.421094 0.240278 0.420312 0.243056 0.420312 0.245833 0.418750 0.250000 0.418750 0.252778 0.413281 0.268056 0.412500 0.270833 0.410938 0.277778 0.417187 0.280556 0.414844 0.283333 0.410156 0.281944 0.405469 0.284722 0.406250 0.287500 0.406250 0.288889 0.405469 0.290278 0.404687 0.290278 0.403125 0.293056 0.403906 0.294444 0.401562 0.294444 0.400000 0.295833 0.402344 0.297222 0.403906 0.294444 0.403125 0.293056 0.408594 0.294444 0.411719 0.291667 0.413281 0.293056 0.414844 0.294444 0.412500 0.304167 0.411719 0.306944 0.410156 0.304167 0.410156 0.304167 0.409375 0.301389 0.407031 0.297222 0.407031 0.302778 0.407813 0.304167 0.410156 0.304167 0.410156 0.304167 0.408594 0.308333 0.405469 0.309722 0.402344 0.315278 0.400781 0.316667 0.398438 0.316667 0.397656 0.315278 0.396094 0.315278 0.396094 0.312500 0.396875 0.311111 0.396875 0.306944 0.397656 0.302778 0.399219 0.300000 0.396094 0.300000 0.395313 0.304167 0.389844 0.305556 0.388281 0.306944 0.387500 0.312500 0.386719 0.306944 0.385937 0.305556 0.385937 0.302778 0.388281 0.301389 0.389844 0.298611 0.390625 0.294444 0.392188 0.293056 0.394531 0.294444 0.394531 0.294444 0.392969 0.295833 0.391406 0.295833 0.390625 0.300000 0.389062 0.302778 0.390625 0.305556 0.392188 0.301389 0.392969 0.304167 0.395313 0.300000 0.396094 0.297222 0.394531 0.294444 0.394531 0.294444 0.396094 0.293056 0.398438 0.288889 0.399219 0.291667 0.400781 0.287500 0.404687 0.286111 0.407031 0.280556 0.405469 0.276389 0.403906 0.277778 0.407031 0.276389 0.408594 0.275000 0.409375 0.269444 0.410156 0.268056 0.412500 0.265278 0.413281 0.262500 0.414062 0.258333 0.415625 0.255556 0.416406 0.255556 0.417187 0.250000 0.418750 0.245833 0.418750 0.240278 0.419531 0.237500 0.421094 0.234722 0.421875 0.231944 0.422656 0.225000 0.424219 0.220833 0.425781 0.220833 0.425781 0.218056 0.425000 0.213889 0.424219 0.211111 0.423438 0.208333 0.420312 0.195833 0.420312 0.188889 0.420312 0.193056 0.421094 0.195833 0.425000 0.205556 0.426563 0.212500 0.427344 0.222222 0.428125 0.209722 0.426563 0.204167 0.424219 0.198611 0.423438 0.195833 0.422656 0.188889 0.421875 0.179167 0.420312 0.181944 0.419531 0.186111 0.419531 0.183333 0.420312 0.181944 0.421094 0.177778 0.421875 0.170833 0.420312 0.168056 0.420312 0.165278 0.418750 0.162500 0.419531 0.162500 0.421094 0.161111 0.420312 0.158333 0.419531 0.156944 0.417969 0.155556 0.416406 0.154167 0.414844 0.155556 0.417187 0.159722 0.419531 0.162500 0.418750 0.162500 0.416406 0.161111 0.414844 0.159722 0.414062 0.158333 0.411719 0.152778 0.408594 0.151389 0.396094 0.152778 0.391406 0.150000 0.389062 0.151389 0.386719 0.151389 0.384375 0.148611 0.382812 0.148611 0.380469 0.148611 0.376563 0.147222 0.375000 0.145833 0.373437 0.144444 0.371875 0.141667 0.368750 0.133333 0.366406 0.130556 0.367188 0.127778 0.365625 0.126389 0.364844 0.125000 0.360156 0.123611 0.358594 0.123611 0.352344 0.126389 0.350000 0.125000 0.348438 0.122222 0.347656 0.122222 0.346875 0.120833 0.346875 0.119444 0.346094 0.118056 0.343750 0.115278 0.342969 0.119444 0.342187 0.113889 0.339062 0.111111 0.336719 0.112500 0.336719 0.111111 0.341406 0.111111 0.339844 0.106944 0.339062 0.108333 0.336719 0.106944 0.333594 0.100000 0.332031 0.094444 0.330469 0.091667 0.330469 0.095833 0.330469 0.098611 0.331250 0.101389 0.332031 0.104167 0.335156 0.109722 0.336719 0.111111 0.336719 0.112500 0.334375 0.109722 0.328906 0.098611 0.328125 0.094444 0.328125 0.086111 0.326562 0.081944 0.326562 0.079167 0.322656 0.076389 0.321875 0.075000 0.321875 0.073611 0.322656 0.070833 0.312500 0.068056 0.299219 0.070833 0.322656 0.070833 0.321875 0.073611 0.318750 0.075000 0.317188 0.075000 0.315625 0.075000 0.314844 0.073611 0.312500 0.075000 0.310156 0.072222 0.303125 0.072222 0.301563 0.072222 0.300781 0.073611 0.297656 0.075000 0.293750 0.076389 0.292969 0.079167 0.292187 0.084722 0.290625 0.086111 0.290625 0.079167 0.291406 0.075000 0.292969 0.072222 0.287500 0.077778 0.287500 0.080556 0.286719 0.083333 0.282813 0.086111 0.278906 0.084722 0.275000 0.083333 0.272656 0.077778 0.270313 0.077778 0.271094 0.083333 0.269531 0.081944 0.268750 0.080556 0.268750 0.079167 0.267969 0.077778 0.266406 0.076389 0.250000 0.076389 0.248438 0.075000 0.250781 0.073611 0.260937 0.075000 0.268750 0.072222 0.251563 0.070833 0.247656 0.066667 0.243750 0.065278 0.240625 0.059722 0.235937 0.055556 0.230469 0.045833 0.228125 0.043056 0.222656 0.038889 0.215625 0.030556 0.209375 0.020833 0.207031 0.018056 0.204687 0.016667 0.202344 0.013889 0.201563 0.011111 0.200000 0.009722 0.198437 0.009722 0.194531 0.002778 0.194531 0.000000 0.759375 0.000000
2 0.994531 0.493056 0.989844 0.494444 0.987500 0.497222 0.982031 0.500000 0.978906 0.500000 0.976562 0.501389 0.974219 0.504167 0.971094 0.505556 0.966406 0.505556 0.964844 0.506944 0.962500 0.511111 0.961719 0.513889 0.960938 0.516667 0.960156 0.525000 0.957812 0.533333 0.953906 0.540278 0.952344 0.544444 0.950000 0.552778 0.948438 0.559722 0.948438 0.565278 0.946094 0.573611 0.946094 0.579167 0.943750 0.586111 0.942969 0.620833 0.944531 0.627778 0.944531 0.634722 0.945312 0.638889 0.946875 0.643056 0.947656 0.647222 0.947656 0.655556 0.948438 0.661111 0.950000 0.668056 0.950781 0.670833 0.951562 0.672222 0.952344 0.672222 0.953125 0.673611 0.953906 0.676389 0.954688 0.681944 0.954688 0.688889 0.956250 0.695833 0.957031 0.704167 0.957031 0.711111 0.957812 0.719444 0.958594 0.725000 0.959375 0.729167 0.960938 0.733333 0.963281 0.737500 0.967187 0.740278 0.999219 0.740278 0.999219 0.493056 0.994531 0.493056
2 0.489063 0.411111 0.488281 0.412500 0.485938 0.412500 0.484375 0.416667 0.481250 0.415278 0.476562 0.415278 0.474219 0.418056 0.474219 0.429167 0.475781 0.431944 0.477344 0.433333 0.479687 0.433333 0.485938 0.431944 0.486719 0.427778 0.488281 0.430556 0.494531 0.430556 0.497656 0.429167 0.499219 0.427778 0.500000 0.425000 0.499219 0.418056 0.498437 0.415278 0.496875 0.412500 0.494531 0.411111 0.489063 0.411111
2 0.444531 0.409722 0.436719 0.411111 0.435937 0.412500 0.433594 0.412500 0.435937 0.415278 0.425781 0.416667 0.421875 0.418056 0.421094 0.419444 0.419531 0.419444 0.417969 0.423611 0.417187 0.426389 0.416406 0.430556 0.416406 0.436111 0.415625 0.437500 0.415625 0.441667 0.416406 0.447222 0.417969 0.450000 0.428906 0.450000 0.439063 0.448611 0.440625 0.447222 0.444531 0.440278 0.451562 0.441667 0.453125 0.440278 0.454688 0.436111 0.460156 0.437500 0.463281 0.436111 0.465625 0.433333 0.465625 0.430556 0.466406 0.429167 0.466406 0.425000 0.465625 0.419444 0.464062 0.416667 0.463281 0.412500 0.453125 0.413889 0.452344 0.418056 0.450781 0.415278 0.450781 0.413889 0.449219 0.411111 0.447656 0.409722 0.444531 0.409722
2 0.323437 0.402778 0.326562 0.404167 0.328125 0.405556 0.328906 0.406944 0.331250 0.413889 0.332031 0.405556 0.333594 0.404167 0.346094 0.404167 0.353906 0.405556 0.357812 0.406944 0.359375 0.408333 0.361719 0.412500 0.361719 0.413889 0.364844 0.419444 0.364844 0.422222 0.366406 0.425000 0.367969 0.422222 0.374219 0.422222 0.376563 0.423611 0.378906 0.423611 0.381250 0.422222 0.386719 0.422222 0.387500 0.420833 0.392188 0.420833 0.395313 0.422222 0.396875 0.423611 0.400781 0.430556 0.404687 0.441667 0.405469 0.444444 0.406250 0.452778 0.405469 0.468056 0.403906 0.469444 0.400000 0.469444 0.396094 0.472222 0.387500 0.469444 0.384375 0.475000 0.380469 0.477778 0.372656 0.477778 0.371094 0.479167 0.368750 0.483333 0.364063 0.483333 0.360156 0.484722 0.357031 0.488889 0.353906 0.491667 0.352344 0.491667 0.346875 0.486111 0.344531 0.486111 0.342187 0.483333 0.341406 0.486111 0.340625 0.487500 0.340625 0.495833 0.338281 0.500000 0.334375 0.500000 0.333594 0.498611 0.329688 0.498611 0.326562 0.500000 0.324219 0.502778 0.320312 0.509722 0.317969 0.511111 0.312500 0.511111 0.310156 0.508333 0.303906 0.506944 0.301563 0.519444 0.300781 0.522222 0.298438 0.526389 0.292969 0.526389 0.289062 0.525000 0.286719 0.522222 0.285156 0.522222 0.282813 0.523611 0.281250 0.525000 0.278906 0.529167 0.277344 0.530556 0.275000 0.530556 0.272656 0.534722 0.272656 0.536111 0.271094 0.538889 0.267969 0.541667 0.261719 0.541667 0.259375 0.540278 0.257031 0.536111 0.255469 0.534722 0.253125 0.534722 0.252344 0.536111 0.250781 0.536111 0.246875 0.534722 0.235937 0.536111 0.234375 0.534722 0.232031 0.530556 0.231250 0.501389 0.232031 0.495833 0.231250 0.490278 0.228906 0.481944 0.228125 0.477778 0.228906 0.472222 0.230469 0.468056 0.228906 0.466667 0.226562 0.466667 0.228125 0.477778 0.228906 0.481944 0.228125 0.488889 0.229687 0.497222 0.230469 0.498611 0.231250 0.501389 0.232031 0.530556 0.230469 0.536111 0.230469 0.548611 0.229687 0.552778 0.228906 0.556944 0.228125 0.559722 0.224219 0.562500 0.221094 0.563889 0.216406 0.559722 0.212500 0.559722 0.210156 0.556944 0.203906 0.556944 0.200000 0.559722 0.194531 0.561111 0.185156 0.561111 0.182031 0.563889 0.178125 0.563889 0.176563 0.565278 0.172656 0.572222 0.172656 0.579167 0.171094 0.586111 0.166406 0.594444 0.164844 0.595833 0.161719 0.597222 0.158594 0.597222 0.157812 0.595833 0.153906 0.595833 0.151562 0.593056 0.150000 0.588889 0.149219 0.586111 0.149219 0.577778 0.146875 0.573611 0.140625 0.573611 0.128125 0.575000 0.123438 0.577778 0.116406 0.576389 0.114062 0.576389 0.100781 0.579167 0.099219 0.579167 0.097656 0.573611 0.096094 0.581944 0.095312 0.586111 0.092969 0.587500 0.092188 0.590278 0.092188 0.593056 0.090625 0.595833 0.086719 0.601389 0.085938 0.604167 0.084375 0.611111 0.083594 0.618056 0.082812 0.620833 0.081250 0.623611 0.080469 0.626389 0.080469 0.629167 0.079687 0.631944 0.075000 0.640278 0.072656 0.641667 0.067969 0.643056 0.060156 0.644444 0.057813 0.644444 0.054688 0.643056 0.053125 0.634722 0.051562 0.631944 0.048438 0.629167 0.046875 0.629167 0.040625 0.630556 0.036719 0.633333 0.032031 0.633333 0.021094 0.640278 0.009375 0.640278 0.006250 0.643056 0.000000 0.643056 0.000000 0.450000 0.004687 0.448611 0.007812 0.448611 0.018750 0.450000 0.025000 0.452778 0.028125 0.454167 0.034375 0.458333 0.035937 0.459722 0.044531 0.468056 0.050000 0.473611 0.053906 0.479167 0.057813 0.481944 0.062500 0.488889 0.067187 0.493056 0.070312 0.494444 0.075000 0.495833 0.075781 0.491667 0.075781 0.488889 0.076563 0.484722 0.077344 0.481944 0.081250 0.473611 0.083594 0.469444 0.085156 0.466667 0.086719 0.463889 0.087500 0.463889 0.090625 0.459722 0.092188 0.456944 0.092188 0.455556 0.094531 0.451389 0.098437 0.447222 0.100781 0.445833 0.105469 0.444444 0.110156 0.440278 0.112500 0.438889 0.117188 0.437500 0.123438 0.437500 0.128125 0.434722 0.133594 0.436111 0.135937 0.436111 0.144531 0.433333 0.154688 0.433333 0.165625 0.431944 0.167969 0.429167 0.171094 0.429167 0.171875 0.427778 0.174219 0.427778 0.178906 0.429167 0.186719 0.427778 0.203125 0.429167 0.208594 0.430556 0.210938 0.431944 0.213281 0.434722 0.214844 0.436111 0.216406 0.434722 0.217969 0.433333 0.218750 0.431944 0.222656 0.430556 0.232813 0.429167 0.241406 0.429167 0.250000 0.427778 0.254688 0.425000 0.275000 0.426389 0.276562 0.426389 0.275781 0.419444 0.276562 0.415278 0.278125 0.412500 0.282031 0.409722 0.285156 0.408333 0.289062 0.406944 0.292969 0.405556 0.298438 0.404167 0.313281 0.402778 0.323437 0.402778
2 0.717187 0.352778 0.730469 0.354167 0.735938 0.355556 0.739844 0.356944 0.741406 0.358333 0.742969 0.359722 0.745313 0.363889 0.747656 0.372222 0.748437 0.377778 0.748437 0.383333 0.751563 0.397222 0.752344 0.404167 0.752344 0.411111 0.751563 0.416667 0.746875 0.419444 0.736719 0.419444 0.730469 0.416667 0.728125 0.416667 0.725781 0.418056 0.723437 0.420833 0.719531 0.422222 0.714844 0.422222 0.710156 0.425000 0.705469 0.425000 0.700000 0.427778 0.695312 0.431944 0.690625 0.434722 0.682031 0.434722 0.679688 0.431944 0.677344 0.430556 0.673438 0.434722 0.670312 0.438889 0.669531 0.440278 0.667188 0.445833 0.665625 0.445833 0.664062 0.458333 0.664062 0.462500 0.666406 0.473611 0.667188 0.484722 0.667188 0.491667 0.666406 0.497222 0.665625 0.501389 0.664062 0.504167 0.659375 0.511111 0.654687 0.518056 0.653125 0.519444 0.648438 0.519444 0.644531 0.516667 0.642188 0.509722 0.638281 0.502778 0.635938 0.502778 0.621875 0.504167 0.619531 0.502778 0.617969 0.500000 0.617969 0.498611 0.616406 0.495833 0.614844 0.494444 0.610156 0.494444 0.609375 0.458333 0.614062 0.441667 0.617188 0.440278 0.616406 0.437500 0.621094 0.427778 0.622656 0.425000 0.623437 0.422222 0.622656 0.419444 0.621094 0.422222 0.620313 0.425000 0.621094 0.427778 0.616406 0.437500 0.614062 0.441667 0.609375 0.458333 0.606250 0.463889 0.605469 0.468056 0.605469 0.472222 0.607031 0.475000 0.607031 0.481944 0.604688 0.481944 0.596875 0.481944 0.595313 0.481944 0.592969 0.477778 0.591406 0.476389 0.589063 0.475000 0.586719 0.473611 0.583594 0.473611 0.582031 0.470833 0.581250 0.468056 0.581250 0.443056 0.582031 0.433333 0.582812 0.427778 0.583594 0.425000 0.587500 0.418056 0.589063 0.412500 0.589844 0.411111 0.593750 0.405556 0.593750 0.404167 0.596875 0.398611 0.598437 0.397222 0.600000 0.395833 0.607812 0.394444 0.615625 0.394444 0.626563 0.395833 0.628125 0.397222 0.628906 0.398611 0.629687 0.401389 0.630469 0.397222 0.632031 0.394444 0.633594 0.386111 0.635156 0.379167 0.637500 0.375000 0.637500 0.373611 0.639062 0.370833 0.646875 0.363889 0.653906 0.359722 0.657031 0.358333 0.660937 0.356944 0.665625 0.355556 0.671094 0.355556 0.675781 0.352778 0.717187 0.352778
