21 0.686719 0.501389 0.688281 0.502778 0.691406 0.502778 0.686719 0.501389
21 0.646875 0.484722 0.653906 0.484722 0.655469 0.487500 0.656250 0.487500 0.657031 0.494444 0.663281 0.494444 0.667969 0.491667 0.674219 0.491667 0.671875 0.491667 0.669531 0.490278 0.664844 0.486111 0.656250 0.486111 0.655469 0.484722 0.646875 0.484722
21 0.626563 0.481944 0.625000 0.481944 0.623437 0.484722 0.621094 0.484722 0.618750 0.487500 0.615625 0.487500 0.619531 0.487500 0.620313 0.488889 0.625781 0.488889 0.632812 0.486111 0.638281 0.487500 0.641406 0.484722 0.635938 0.484722 0.633594 0.481944 0.628125 0.480556 0.626563 0.481944
21 0.717187 0.452778 0.717187 0.455556 0.718750 0.454167 0.718750 0.459722 0.720313 0.461111 0.722656 0.456944 0.719531 0.452778 0.717187 0.452778
21 0.713281 0.445833 0.714844 0.447222 0.715625 0.450000 0.715625 0.456944 0.715625 0.459722 0.717969 0.462500 0.717187 0.465278 0.718750 0.466667 0.719531 0.468056 0.722656 0.468056 0.725000 0.470833 0.726562 0.466667 0.725781 0.461111 0.725000 0.461111 0.724219 0.458333 0.728125 0.459722 0.729688 0.459722 0.733594 0.458333 0.735156 0.461111 0.733594 0.469444 0.732031 0.470833 0.728906 0.470833 0.728125 0.466667 0.728906 0.468056 0.730469 0.465278 0.730469 0.462500 0.728906 0.468056 0.728125 0.466667 0.727344 0.472222 0.725781 0.473611 0.725000 0.470833 0.721875 0.469444 0.713281 0.468056 0.710938 0.468056 0.705469 0.469444 0.703125 0.470833 0.702344 0.472222 0.700781 0.472222 0.702344 0.469444 0.702344 0.466667 0.698438 0.459722 0.696094 0.458333 0.698438 0.458333 0.700781 0.461111 0.702344 0.462500 0.703906 0.461111 0.704688 0.458333 0.707812 0.456944 0.709375 0.454167 0.709375 0.451389 0.711719 0.445833 0.713281 0.445833
21 0.761719 0.441667 0.759375 0.443056 0.757812 0.445833 0.758594 0.451389 0.760156 0.452778 0.763281 0.450000 0.766406 0.450000 0.768750 0.447222 0.767969 0.445833 0.767969 0.443056 0.767969 0.445833 0.767188 0.448611 0.764062 0.448611 0.761719 0.444444 0.764062 0.441667 0.761719 0.441667
21 0.642969 0.433333 0.641406 0.434722 0.640625 0.436111 0.640625 0.437500 0.623437 0.437500 0.614844 0.438889 0.607812 0.437500 0.607812 0.440278 0.606250 0.443056 0.607812 0.447222 0.607031 0.451389 0.604688 0.451389 0.608594 0.458333 0.612500 0.458333 0.615625 0.459722 0.617969 0.461111 0.620313 0.463889 0.622656 0.468056 0.625781 0.475000 0.624219 0.477778 0.628125 0.477778 0.629687 0.475000 0.631250 0.475000 0.635938 0.477778 0.639062 0.477778 0.641406 0.475000 0.643750 0.475000 0.649219 0.477778 0.652344 0.476389 0.653906 0.476389 0.657031 0.481944 0.665625 0.480556 0.666406 0.476389 0.669531 0.470833 0.670312 0.470833 0.672656 0.465278 0.673438 0.463889 0.674219 0.463889 0.675781 0.461111 0.689063 0.462500 0.690625 0.461111 0.692969 0.458333 0.696094 0.451389 0.694531 0.448611 0.696094 0.447222 0.694531 0.445833 0.692969 0.443056 0.689063 0.443056 0.686719 0.438889 0.683594 0.437500 0.680469 0.436111 0.670312 0.436111 0.664062 0.438889 0.657031 0.438889 0.654687 0.440278 0.650000 0.448611 0.648438 0.443056 0.646875 0.436111 0.644531 0.433333 0.642969 0.433333
21 0.226562 0.425000 0.226562 0.430556 0.228125 0.436111 0.229687 0.436111 0.227344 0.430556 0.226562 0.425000
21 0.209375 0.422222 0.212500 0.426389 0.214844 0.426389 0.213281 0.425000 0.210938 0.423611 0.209375 0.422222
21 0.303125 0.405556 0.303906 0.411111 0.305469 0.416667 0.305469 0.420833 0.305469 0.415278 0.304688 0.409722 0.303906 0.408333 0.303125 0.405556
21 0.799219 0.355556 0.796094 0.359722 0.797656 0.356944 0.803906 0.359722 0.805469 0.359722 0.805469 0.356944 0.803125 0.356944 0.802344 0.355556 0.799219 0.355556
21 0.009375 0.340278 0.008594 0.343056 0.013281 0.344444 0.013281 0.341667 0.011719 0.340278 0.009375 0.340278
21 0.966406 0.255556 0.967969 0.258333 0.970313 0.254167 0.973437 0.255556 0.975000 0.254167 0.975000 0.256944 0.976562 0.255556 0.978125 0.258333 0.981250 0.265278 0.983594 0.266667 0.985156 0.270833 0.985156 0.286111 0.987500 0.286111 0.988281 0.286111 0.986719 0.281944 0.988281 0.280556 0.987500 0.277778 0.989062 0.279167 0.989062 0.281944 0.990625 0.281944 0.992969 0.279167 0.995313 0.279167 0.996875 0.280556 0.992969 0.288889 0.999219 0.290278 0.999219 0.472222 0.993750 0.470833 0.986719 0.470833 0.977344 0.472222 0.974219 0.475000 0.960156 0.473611 0.950000 0.476389 0.938281 0.476389 0.936719 0.475000 0.933594 0.470833 0.931250 0.465278 0.930469 0.462500 0.929688 0.452778 0.928125 0.451389 0.913281 0.451389 0.905469 0.452778 0.900000 0.454167 0.896094 0.455556 0.891406 0.456944 0.888281 0.463889 0.883594 0.463889 0.880469 0.466667 0.877344 0.470833 0.875781 0.470833 0.874219 0.473611 0.871875 0.475000 0.860156 0.475000 0.857031 0.477778 0.854688 0.477778 0.853906 0.476389 0.852344 0.476389 0.846875 0.477778 0.843750 0.479167 0.842187 0.481944 0.841406 0.490278 0.841406 0.501389 0.841406 0.493056 0.840625 0.486111 0.837500 0.472222 0.837500 0.466667 0.836719 0.461111 0.835938 0.456944 0.835156 0.454167 0.832812 0.450000 0.830469 0.447222 0.828125 0.445833 0.825000 0.444444 0.821875 0.443056 0.811719 0.443056 0.807031 0.440278 0.801562 0.438889 0.789844 0.438889 0.792969 0.437500 0.791406 0.434722 0.789844 0.433333 0.787500 0.434722 0.786719 0.437500 0.788281 0.438889 0.778906 0.438889 0.776563 0.440278 0.774219 0.441667 0.773438 0.443056 0.771875 0.444444 0.773438 0.443056 0.778125 0.438889 0.773438 0.438889 0.775000 0.434722 0.788281 0.433333 0.787500 0.429167 0.783594 0.430556 0.779687 0.430556 0.778125 0.430556 0.774219 0.430556 0.769531 0.429167 0.768750 0.427778 0.767188 0.427778 0.767188 0.423611 0.766406 0.422222 0.766406 0.411111 0.767188 0.408333 0.768750 0.404167 0.771094 0.401389 0.770312 0.394444 0.772656 0.395833 0.773438 0.391667 0.775781 0.390278 0.777344 0.384722 0.777344 0.381944 0.777344 0.387500 0.782813 0.384722 0.781250 0.383333 0.780469 0.381944 0.780469 0.380556 0.777344 0.381944 0.777344 0.384722 0.777344 0.379167 0.778906 0.376389 0.778906 0.372222 0.783594 0.372222 0.782813 0.376389 0.785156 0.379167 0.784375 0.381944 0.787500 0.383333 0.789844 0.381944 0.792188 0.380556 0.793750 0.379167 0.793750 0.373611 0.794531 0.370833 0.795312 0.377778 0.796875 0.375000 0.797656 0.372222 0.796875 0.366667 0.798438 0.365278 0.798438 0.362500 0.802344 0.362500 0.802344 0.365278 0.803906 0.370833 0.804688 0.362500 0.805469 0.369444 0.806250 0.368056 0.809375 0.368056 0.810156 0.370833 0.811719 0.369444 0.812500 0.369444 0.813281 0.366667 0.817187 0.366667 0.820312 0.362500 0.821094 0.362500 0.824219 0.361111 0.824219 0.356944 0.825781 0.356944 0.825781 0.354167 0.827344 0.352778 0.828906 0.352778 0.842187 0.354167 0.843750 0.351389 0.844531 0.350000 0.846094 0.347222 0.847656 0.347222 0.848437 0.343056 0.850000 0.338889 0.851562 0.343056 0.852344 0.340278 0.853125 0.336111 0.850000 0.336111 0.852344 0.334722 0.857812 0.334722 0.853906 0.333333 0.860938 0.334722 0.864844 0.331944 0.867188 0.334722 0.870313 0.333333 0.871875 0.336111 0.873437 0.336111 0.882812 0.336111 0.884375 0.334722 0.885938 0.333333 0.887500 0.331944 0.888281 0.322222 0.889844 0.322222 0.891406 0.313889 0.891406 0.308333 0.892188 0.304167 0.892969 0.301389 0.894531 0.300000 0.893750 0.298611 0.895312 0.294444 0.896094 0.293056 0.897656 0.291667 0.898438 0.294444 0.900000 0.291667 0.899219 0.288889 0.897656 0.291667 0.896094 0.293056 0.900781 0.286111 0.902344 0.284722 0.907031 0.284722 0.908594 0.288889 0.907031 0.286111 0.906250 0.293056 0.911719 0.297222 0.912500 0.301389 0.913281 0.302778 0.917969 0.308333 0.918750 0.311111 0.920312 0.311111 0.921875 0.308333 0.925000 0.306944 0.931250 0.304167 0.935937 0.304167 0.943750 0.298611 0.945312 0.297222 0.947656 0.293056 0.949219 0.293056 0.950000 0.291667 0.951562 0.290278 0.950000 0.287500 0.951562 0.290278 0.953125 0.279167 0.952344 0.276389 0.958594 0.269444 0.959375 0.269444 0.960156 0.270833 0.958594 0.273611 0.957812 0.273611 0.955469 0.277778 0.958594 0.279167 0.960156 0.276389 0.960938 0.273611 0.960156 0.270833 0.959375 0.269444 0.960156 0.268056 0.960156 0.266667 0.961719 0.263889 0.961719 0.259722 0.965625 0.255556 0.965625 0.252778 0.966406 0.255556
21 0.323437 0.190278 0.326562 0.190278 0.327344 0.191667 0.344531 0.191667 0.328125 0.191667 0.327344 0.190278 0.323437 0.190278
21 0.055469 0.000000 0.056250 0.004167 0.057813 0.005556 0.058594 0.005556 0.060156 0.006944 0.060937 0.008333 0.060937 0.009722 0.061719 0.011111 0.063281 0.012500 0.066406 0.013889 0.070312 0.019444 0.074219 0.022222 0.076563 0.025000 0.081250 0.031944 0.088281 0.038889 0.090625 0.038889 0.094531 0.045833 0.096875 0.048611 0.103125 0.055556 0.104688 0.056944 0.106250 0.055556 0.108594 0.059722 0.112500 0.062500 0.114062 0.065278 0.118750 0.069444 0.125781 0.070833 0.127344 0.070833 0.152344 0.069444 0.164844 0.072222 0.169531 0.070833 0.186719 0.072222 0.194531 0.073611 0.199219 0.075000 0.200781 0.076389 0.204687 0.083333 0.211719 0.090278 0.215625 0.095833 0.216406 0.095833 0.217188 0.097222 0.220312 0.104167 0.225781 0.111111 0.229687 0.113889 0.233594 0.118056 0.236719 0.123611 0.239844 0.125000 0.244531 0.133333 0.246094 0.133333 0.247656 0.134722 0.248438 0.138889 0.250000 0.141667 0.250781 0.141667 0.253125 0.145833 0.255469 0.147222 0.258594 0.152778 0.261719 0.154167 0.267188 0.163889 0.269531 0.166667 0.272656 0.169444 0.275000 0.172222 0.277344 0.172222 0.278906 0.173611 0.279687 0.175000 0.279687 0.176389 0.280469 0.177778 0.283594 0.181944 0.287500 0.187500 0.296875 0.188889 0.311719 0.188889 0.312500 0.190278 0.314844 0.190278 0.312500 0.190278 0.310937 0.193056 0.312500 0.197222 0.336719 0.197222 0.348438 0.200000 0.350781 0.198611 0.351562 0.195833 0.353906 0.195833 0.354687 0.194444 0.357812 0.194444 0.357812 0.197222 0.360156 0.197222 0.364844 0.195833 0.371094 0.197222 0.371875 0.198611 0.374219 0.198611 0.374219 0.206944 0.375781 0.206944 0.376563 0.209722 0.379688 0.219444 0.378906 0.220833 0.382031 0.226389 0.382031 0.229167 0.382812 0.231944 0.385156 0.233333 0.386719 0.244444 0.389844 0.252778 0.390625 0.250000 0.391406 0.255556 0.389844 0.254167 0.389062 0.251389 0.388281 0.255556 0.389062 0.276389 0.387500 0.280556 0.387500 0.284722 0.386719 0.286111 0.386719 0.288889 0.389062 0.291667 0.389062 0.294444 0.387500 0.304167 0.386719 0.316667 0.386719 0.327778 0.385156 0.326389 0.384375 0.336111 0.385156 0.337500 0.385156 0.344444 0.384375 0.356944 0.382031 0.361111 0.381250 0.375000 0.382031 0.390278 0.382812 0.387500 0.382031 0.400000 0.382031 0.402778 0.385937 0.404167 0.392969 0.401389 0.394531 0.404167 0.396094 0.404167 0.396875 0.402778 0.399219 0.401389 0.396875 0.400000 0.394531 0.400000 0.394531 0.397222 0.395313 0.393056 0.395313 0.395833 0.399219 0.398611 0.400781 0.395833 0.399219 0.393056 0.399219 0.391667 0.397656 0.388889 0.395313 0.388889 0.395313 0.386111 0.396094 0.383333 0.396094 0.380556 0.397656 0.383333 0.399219 0.384722 0.400000 0.380556 0.398438 0.377778 0.397656 0.372222 0.399219 0.366667 0.399219 0.363889 0.397656 0.358333 0.397656 0.352778 0.398438 0.343056 0.398438 0.329167 0.397656 0.322222 0.397656 0.318056 0.399219 0.311111 0.398438 0.284722 0.400000 0.280556 0.400781 0.273611 0.401562 0.266667 0.402344 0.258333 0.400781 0.255556 0.403906 0.254167 0.405469 0.256944 0.411719 0.256944 0.413281 0.258333 0.418750 0.265278 0.420312 0.268056 0.420312 0.269444 0.421875 0.272222 0.423438 0.270833 0.426563 0.279167 0.431250 0.286111 0.437500 0.291667 0.440625 0.293056 0.444531 0.293056 0.447656 0.294444 0.449219 0.297222 0.450781 0.297222 0.452344 0.300000 0.456250 0.301389 0.457031 0.304167 0.460156 0.306944 0.461719 0.305556 0.460156 0.302778 0.461719 0.305556 0.460938 0.306944 0.464062 0.308333 0.467969 0.311111 0.469531 0.315278 0.470313 0.315278 0.472656 0.319444 0.472656 0.315278 0.475000 0.320833 0.476562 0.322222 0.482031 0.323611 0.486719 0.322222 0.489063 0.323611 0.490625 0.325000 0.492188 0.327778 0.493750 0.327778 0.495312 0.329167 0.496875 0.331944 0.498437 0.333333 0.500000 0.334722 0.502344 0.336111 0.505469 0.337500 0.506250 0.336111 0.508594 0.341667 0.510938 0.343056 0.514062 0.345833 0.518750 0.347222 0.521094 0.348611 0.524219 0.354167 0.528906 0.356944 0.529687 0.361111 0.531250 0.363889 0.531250 0.365278 0.533594 0.366667 0.535156 0.369444 0.536719 0.370833 0.539062 0.372222 0.541406 0.373611 0.544531 0.373611 0.550781 0.377778 0.552344 0.379167 0.554688 0.383333 0.560156 0.388889 0.561719 0.390278 0.564844 0.390278 0.566406 0.393056 0.570312 0.401389 0.574219 0.405556 0.577344 0.405556 0.578125 0.408333 0.579688 0.406944 0.578125 0.411111 0.578125 0.413889 0.579688 0.418056 0.580469 0.425000 0.580469 0.440278 0.578125 0.445833 0.575781 0.445833 0.575000 0.445833 0.574219 0.450000 0.576562 0.450000 0.578125 0.450000 0.579688 0.447222 0.581250 0.447222 0.582031 0.444444 0.584375 0.448611 0.582812 0.448611 0.582031 0.450000 0.579688 0.451389 0.581250 0.454167 0.584375 0.454167 0.574219 0.454167 0.571094 0.450000 0.568750 0.448611 0.566406 0.448611 0.563281 0.447222 0.559375 0.441667 0.556250 0.440278 0.553906 0.443056 0.546094 0.444444 0.541406 0.443056 0.539062 0.443056 0.535937 0.445833 0.532813 0.445833 0.531250 0.443056 0.531250 0.441667 0.530469 0.440278 0.528906 0.438889 0.525000 0.438889 0.522656 0.440278 0.518750 0.445833 0.517969 0.445833 0.515625 0.448611 0.520312 0.461111 0.521875 0.458333 0.522656 0.456944 0.526563 0.455556 0.526563 0.451389 0.532031 0.450000 0.530469 0.452778 0.530469 0.454167 0.527344 0.455556 0.525781 0.456944 0.524219 0.459722 0.519531 0.462500 0.517969 0.456944 0.514062 0.450000 0.510156 0.444444 0.507031 0.443056 0.501563 0.443056 0.493750 0.438889 0.484375 0.438889 0.483594 0.445833 0.483594 0.441667 0.481250 0.436111 0.476562 0.427778 0.475000 0.423611 0.475000 0.422222 0.474219 0.420833 0.473438 0.420833 0.471875 0.418056 0.469531 0.416667 0.465625 0.409722 0.464062 0.408333 0.462500 0.406944 0.457813 0.405556 0.450000 0.405556 0.449219 0.406944 0.441406 0.406944 0.428906 0.405556 0.438281 0.404167 0.437500 0.401389 0.432031 0.398611 0.432031 0.395833 0.432812 0.394444 0.432812 0.391667 0.429688 0.397222 0.428125 0.394444 0.427344 0.401389 0.426563 0.404167 0.419531 0.405556 0.404687 0.405556 0.399219 0.405556 0.398438 0.402778 0.382812 0.404167 0.379688 0.405556 0.376563 0.406944 0.375000 0.408333 0.372656 0.412500 0.368750 0.415278 0.366406 0.418056 0.360938 0.427778 0.357031 0.431944 0.356250 0.433333 0.362500 0.422222 0.360938 0.418056 0.358594 0.416667 0.353125 0.416667 0.349219 0.420833 0.347656 0.422222 0.346094 0.425000 0.346094 0.427778 0.346094 0.430556 0.349219 0.433333 0.353125 0.434722 0.354687 0.434722 0.356250 0.433333 0.357031 0.431944 0.353906 0.437500 0.350781 0.445833 0.345313 0.455556 0.337500 0.468056 0.334375 0.465278 0.332031 0.465278 0.331250 0.463889 0.329688 0.463889 0.332813 0.463889 0.333594 0.462500 0.337500 0.463889 0.337500 0.458333 0.335938 0.456944 0.329688 0.456944 0.328906 0.452778 0.325781 0.451389 0.325000 0.452778 0.323437 0.452778 0.314063 0.451389 0.309375 0.450000 0.306250 0.447222 0.307812 0.444444 0.308594 0.444444 0.310156 0.437500 0.309375 0.431944 0.310156 0.423611 0.309375 0.420833 0.310156 0.416667 0.310937 0.412500 0.308594 0.404167 0.307031 0.400000 0.304688 0.395833 0.303125 0.398611 0.301563 0.397222 0.300781 0.400000 0.299219 0.401389 0.299219 0.395833 0.292969 0.397222 0.289062 0.394444 0.289844 0.394444 0.292187 0.394444 0.290625 0.391667 0.289844 0.394444 0.289062 0.394444 0.285938 0.393056 0.283594 0.395833 0.283594 0.393056 0.281250 0.395833 0.281250 0.398611 0.275000 0.394444 0.273438 0.391667 0.271094 0.390278 0.268750 0.388889 0.266406 0.388889 0.264062 0.390278 0.263281 0.393056 0.259375 0.391667 0.256250 0.388889 0.250781 0.388889 0.249219 0.390278 0.247656 0.393056 0.242969 0.395833 0.242969 0.397222 0.242188 0.398611 0.239844 0.401389 0.238281 0.402778 0.235156 0.404167 0.234375 0.406944 0.234375 0.411111 0.233594 0.413889 0.232031 0.416667 0.232031 0.419444 0.229687 0.415278 0.228125 0.409722 0.226562 0.412500 0.223438 0.412500 0.221094 0.416667 0.219531 0.418056 0.217188 0.419444 0.216406 0.416667 0.212500 0.416667 0.209375 0.413889 0.205469 0.415278 0.202344 0.413889 0.200781 0.411111 0.203125 0.406944 0.200000 0.401389 0.196094 0.400000 0.192969 0.395833 0.192188 0.398611 0.189844 0.395833 0.192188 0.393056 0.189844 0.388889 0.187500 0.387500 0.186719 0.383333 0.183594 0.380556 0.181250 0.375000 0.179688 0.370833 0.178906 0.368056 0.179688 0.358333 0.178906 0.354167 0.175781 0.350000 0.178906 0.350000 0.179688 0.345833 0.178125 0.343056 0.174219 0.343056 0.172656 0.345833 0.168750 0.345833 0.166406 0.347222 0.164844 0.348611 0.163281 0.350000 0.165625 0.347222 0.167187 0.345833 0.169531 0.344444 0.172656 0.344444 0.174219 0.343056 0.175781 0.340278 0.177344 0.338889 0.178906 0.340278 0.182031 0.347222 0.182812 0.343056 0.184375 0.343056 0.185938 0.344444 0.187500 0.347222 0.186719 0.351389 0.187500 0.352778 0.186719 0.358333 0.189062 0.358333 0.190625 0.359722 0.190625 0.362500 0.191406 0.365278 0.189844 0.363889 0.187500 0.361111 0.186719 0.365278 0.189844 0.370833 0.191406 0.372222 0.192969 0.369444 0.196094 0.373611 0.197656 0.375000 0.203906 0.373611 0.203125 0.370833 0.203906 0.368056 0.205469 0.369444 0.207813 0.366667 0.210156 0.366667 0.213281 0.370833 0.217188 0.370833 0.217188 0.369444 0.213281 0.370833 0.210156 0.366667 0.214062 0.363889 0.217188 0.356944 0.217188 0.348611 0.218750 0.345833 0.220312 0.344444 0.221875 0.344444 0.221875 0.344444 0.224219 0.345833 0.225781 0.343056 0.225000 0.338889 0.221875 0.344444 0.221875 0.344444 0.223438 0.341667 0.224219 0.338889 0.225000 0.334722 0.225000 0.322222 0.223438 0.319444 0.222656 0.315278 0.222656 0.308333 0.221875 0.305556 0.219531 0.301389 0.218750 0.298611 0.218750 0.294444 0.218750 0.293056 0.214062 0.291667 0.213281 0.293056 0.210156 0.293056 0.211719 0.291667 0.213281 0.290278 0.213281 0.288889 0.215625 0.288889 0.217969 0.287500 0.215625 0.284722 0.213281 0.288889 0.213281 0.290278 0.209375 0.287500 0.207031 0.288889 0.206250 0.287500 0.203125 0.288889 0.201563 0.284722 0.203906 0.283333 0.201563 0.281944 0.202344 0.277778 0.200781 0.275000 0.198437 0.273611 0.196875 0.273611 0.196875 0.270833 0.196094 0.269444 0.196094 0.259722 0.193750 0.250000 0.189844 0.243056 0.191406 0.245833 0.192969 0.247222 0.193750 0.243056 0.190625 0.237500 0.189062 0.231944 0.188281 0.234722 0.187500 0.226389 0.188281 0.222222 0.187500 0.218056 0.185938 0.218056 0.185156 0.213889 0.185156 0.209722 0.183594 0.206944 0.182031 0.209722 0.171875 0.191667 0.175000 0.195833 0.178125 0.201389 0.176563 0.194444 0.175000 0.195833 0.171875 0.191667 0.171875 0.187500 0.171094 0.184722 0.168750 0.180556 0.167187 0.181944 0.167969 0.184722 0.169531 0.187500 0.167187 0.184722 0.166406 0.181944 0.164844 0.180556 0.162500 0.180556 0.160156 0.179167 0.157812 0.176389 0.155469 0.175000 0.153906 0.170833 0.152344 0.169444 0.150781 0.170833 0.152344 0.173611 0.149219 0.168056 0.146875 0.165278 0.145313 0.165278 0.144531 0.166667 0.142969 0.163889 0.138281 0.165278 0.138281 0.168056 0.136719 0.168056 0.136719 0.165278 0.135156 0.166667 0.132812 0.166667 0.135937 0.165278 0.129688 0.162500 0.127344 0.163889 0.122656 0.162500 0.121094 0.161111 0.119531 0.159722 0.116406 0.154167 0.114844 0.152778 0.110937 0.154167 0.108594 0.155556 0.106250 0.156944 0.103906 0.159722 0.103906 0.159722 0.105469 0.156944 0.110156 0.154167 0.106250 0.152778 0.102344 0.154167 0.099219 0.155556 0.098437 0.156944 0.096875 0.158333 0.101562 0.161111 0.103906 0.159722 0.103906 0.159722 0.101562 0.161111 0.095312 0.163889 0.092969 0.163889 0.092188 0.162500 0.090625 0.162500 0.086719 0.163889 0.083594 0.166667 0.080469 0.166667 0.077344 0.168056 0.075781 0.170833 0.076563 0.172222 0.075000 0.175000 0.075000 0.176389 0.073438 0.179167 0.071875 0.179167 0.071094 0.186111 0.070312 0.190278 0.066406 0.202778 0.065625 0.211111 0.065625 0.220833 0.064062 0.223611 0.065625 0.220833 0.065625 0.212500 0.064062 0.209722 0.064062 0.204167 0.066406 0.198611 0.063281 0.198611 0.062500 0.202778 0.061719 0.208333 0.060937 0.216667 0.062500 0.225000 0.061719 0.241667 0.063281 0.241667 0.063281 0.244444 0.062500 0.245833 0.062500 0.268056 0.063281 0.272222 0.064844 0.275000 0.068750 0.280556 0.068750 0.287500 0.069531 0.291667 0.071094 0.294444 0.072656 0.295833 0.078125 0.295833 0.084375 0.302778 0.087500 0.305556 0.089844 0.305556 0.091406 0.306944 0.091406 0.311111 0.088281 0.311111 0.086719 0.309722 0.085938 0.305556 0.085156 0.304167 0.083594 0.302778 0.078906 0.301389 0.073438 0.301389 0.069531 0.298611 0.061719 0.297222 0.058594 0.298611 0.059375 0.295833 0.057813 0.291667 0.057031 0.294444 0.059375 0.295833 0.058594 0.298611 0.049219 0.295833 0.046094 0.294444 0.040625 0.290278 0.037500 0.290278 0.034375 0.288889 0.029687 0.284722 0.022656 0.284722 0.017188 0.283333 0.013281 0.280556 0.005469 0.279167 0.002344 0.280556 0.001563 0.281944 0.000000 0.281944 0.000000 0.000000 0.055469 0.000000
19 0.023438 0.713889 0.025000 0.713889 0.025781 0.712500 0.030469 0.712500 0.045312 0.713889 0.046094 0.715278 0.051562 0.715278 0.047656 0.715278 0.046875 0.713889 0.039062 0.712500 0.023438 0.713889
19 0.174219 0.655556 0.176563 0.656944 0.177344 0.655556 0.178906 0.655556 0.176563 0.655556 0.174219 0.655556
19 0.183594 0.652778 0.185938 0.654167 0.186719 0.651389 0.183594 0.652778
19 0.894531 0.612500 0.896094 0.615278 0.896094 0.618056 0.897656 0.619444 0.899219 0.619444 0.900781 0.622222 0.902344 0.622222 0.903906 0.625000 0.905469 0.626389 0.907813 0.627778 0.910156 0.627778 0.921875 0.634722 0.924219 0.637500 0.929688 0.638889 0.934375 0.640278 0.936719 0.640278 0.939063 0.637500 0.942187 0.637500 0.940625 0.637500 0.939844 0.636111 0.935937 0.637500 0.934375 0.637500 0.927344 0.630556 0.925000 0.629167 0.919531 0.629167 0.916406 0.627778 0.914062 0.626389 0.912500 0.625000 0.910937 0.623611 0.909375 0.620833 0.907813 0.619444 0.903906 0.618056 0.900000 0.613889 0.896094 0.613889 0.894531 0.612500
19 0.994531 0.591667 0.992969 0.594444 0.994531 0.595833 0.996094 0.595833 0.999219 0.598611 0.999219 0.591667 0.994531 0.591667
19 0.860938 0.588889 0.864062 0.593056 0.865625 0.594444 0.865625 0.591667 0.864062 0.590278 0.860938 0.588889
19 0.847656 0.573611 0.848437 0.576389 0.848437 0.577778 0.850000 0.580556 0.851562 0.581944 0.853125 0.581944 0.853906 0.583333 0.855469 0.583333 0.852344 0.581944 0.850781 0.577778 0.847656 0.573611
19 0.558594 0.495833 0.557031 0.498611 0.558594 0.498611 0.558594 0.495833
19 0.631250 0.476389 0.635938 0.479167 0.639062 0.479167 0.641406 0.476389 0.643750 0.476389 0.649219 0.479167 0.652344 0.477778 0.653906 0.477778 0.657031 0.483333 0.666406 0.483333 0.669531 0.488889 0.667188 0.487500 0.664844 0.484722 0.655469 0.483333 0.646094 0.484722 0.653906 0.486111 0.656250 0.488889 0.656250 0.494444 0.663281 0.495833 0.667969 0.493056 0.675000 0.491667 0.677344 0.491667 0.681250 0.497222 0.682813 0.498611 0.689844 0.498611 0.692187 0.494444 0.692187 0.498611 0.691406 0.501389 0.685937 0.501389 0.687500 0.502778 0.688281 0.504167 0.692969 0.505556 0.693750 0.508333 0.694531 0.506944 0.699219 0.509722 0.709375 0.509722 0.712500 0.512500 0.715625 0.513889 0.724219 0.513889 0.725000 0.509722 0.726562 0.512500 0.726562 0.515278 0.729688 0.520833 0.733594 0.522222 0.735938 0.522222 0.735938 0.518056 0.737500 0.515278 0.735938 0.512500 0.735938 0.509722 0.732812 0.508333 0.729688 0.504167 0.728125 0.502778 0.726562 0.502778 0.725781 0.505556 0.726562 0.502778 0.725781 0.500000 0.728906 0.504167 0.732812 0.506944 0.735938 0.508333 0.739062 0.508333 0.739062 0.512500 0.736719 0.519444 0.735938 0.523611 0.735938 0.538889 0.738281 0.547222 0.739844 0.550000 0.741406 0.551389 0.743750 0.552778 0.746094 0.554167 0.749219 0.554167 0.751563 0.551389 0.753906 0.552778 0.755469 0.554167 0.759375 0.562500 0.762500 0.563889 0.764844 0.562500 0.771094 0.551389 0.772656 0.550000 0.775000 0.548611 0.778906 0.552778 0.781250 0.552778 0.782813 0.554167 0.785156 0.556944 0.787500 0.561111 0.787500 0.562500 0.790625 0.568056 0.792188 0.569444 0.795312 0.569444 0.796875 0.568056 0.798438 0.566667 0.799219 0.565278 0.802344 0.558333 0.804688 0.556944 0.810156 0.556944 0.811719 0.558333 0.812500 0.559722 0.812500 0.561111 0.814063 0.563889 0.814844 0.566667 0.814844 0.569444 0.815625 0.572222 0.817969 0.576389 0.828906 0.576389 0.830469 0.573611 0.831250 0.570833 0.831250 0.565278 0.836719 0.566667 0.838281 0.566667 0.836719 0.569444 0.835938 0.575000 0.834375 0.573611 0.833594 0.572222 0.833594 0.570833 0.832031 0.568056 0.831250 0.570833 0.830469 0.572222 0.830469 0.575000 0.835156 0.579167 0.838281 0.577778 0.840625 0.579167 0.842969 0.583333 0.842969 0.584722 0.844531 0.587500 0.846094 0.588889 0.850000 0.591667 0.858594 0.595833 0.860938 0.598611 0.864062 0.600000 0.861719 0.600000 0.859375 0.597222 0.856250 0.598611 0.857812 0.601389 0.860156 0.601389 0.861719 0.602778 0.862500 0.605556 0.864062 0.605556 0.866406 0.608333 0.871875 0.609722 0.874219 0.612500 0.878125 0.611111 0.876563 0.609722 0.878906 0.609722 0.878906 0.613889 0.880469 0.616667 0.889062 0.623611 0.892188 0.626389 0.895312 0.627778 0.897656 0.627778 0.898438 0.626389 0.900781 0.626389 0.906250 0.636111 0.907813 0.637500 0.914062 0.637500 0.917188 0.638889 0.921094 0.644444 0.925000 0.645833 0.928906 0.644444 0.932031 0.645833 0.940625 0.650000 0.943750 0.652778 0.945312 0.654167 0.947656 0.652778 0.950781 0.655556 0.955469 0.655556 0.958594 0.656944 0.959375 0.658333 0.960938 0.658333 0.962500 0.655556 0.963281 0.648611 0.964844 0.647222 0.966406 0.648611 0.966406 0.651389 0.964844 0.655556 0.964063 0.662500 0.960156 0.669444 0.959375 0.681944 0.959375 0.684722 0.960156 0.697222 0.961719 0.702778 0.962500 0.720833 0.964063 0.727778 0.964063 0.734722 0.964844 0.740278 0.968750 0.754167 0.969531 0.758333 0.971094 0.761111 0.971875 0.761111 0.974219 0.766667 0.975000 0.768056 0.975781 0.768056 0.977344 0.770833 0.981250 0.775000 0.983594 0.776389 0.987500 0.777778 0.999219 0.777778 0.999219 0.886111 0.995313 0.888889 0.909375 0.944444 0.892188 0.955556 0.882812 0.961111 0.865625 0.970833 0.850781 0.979167 0.833594 0.988889 0.825781 0.993056 0.818750 0.993056 0.750000 0.977778 0.737500 0.975000 0.731250 0.973611 0.717187 0.969444 0.643750 0.945833 0.634375 0.943056 0.611719 0.936111 0.597656 0.931944 0.590625 0.930556 0.584375 0.929167 0.550781 0.922222 0.476562 0.906944 0.456250 0.902778 0.449219 0.901389 0.375781 0.890278 0.342969 0.884722 0.326562 0.881944 0.304688 0.877778 0.239844 0.863889 0.217969 0.859722 0.208594 0.858333 0.162500 0.851389 0.134375 0.847222 0.115625 0.844444 0.077344 0.843056 0.039062 0.843056 0.000781 0.841667 0.000000 0.736111 0.005469 0.734722 0.006250 0.733333 0.009375 0.729167 0.007812 0.725000 0.010156 0.725000 0.010156 0.727778 0.008594 0.730556 0.011719 0.731944 0.014063 0.730556 0.014844 0.725000 0.017188 0.722222 0.018750 0.723611 0.020313 0.725000 0.019531 0.727778 0.023438 0.727778 0.023438 0.726389 0.025781 0.725000 0.028125 0.729167 0.029687 0.727778 0.031250 0.723611 0.032813 0.722222 0.036719 0.726389 0.040625 0.722222 0.045312 0.723611 0.047656 0.720833 0.057813 0.716667 0.063281 0.715278 0.069531 0.712500 0.072656 0.711111 0.073438 0.708333 0.075781 0.709722 0.082031 0.706944 0.139844 0.680556 0.149219 0.676389 0.154688 0.673611 0.157031 0.672222 0.158594 0.670833 0.162500 0.666667 0.164844 0.662500 0.166406 0.662500 0.165625 0.666667 0.171094 0.666667 0.178125 0.663889 0.181250 0.662500 0.184375 0.661111 0.187500 0.658333 0.190625 0.656944 0.193750 0.655556 0.192969 0.654167 0.200781 0.652778 0.206250 0.650000 0.214062 0.650000 0.217969 0.648611 0.235937 0.641667 0.242969 0.638889 0.250000 0.636111 0.253125 0.633333 0.260937 0.631944 0.264844 0.630556 0.275781 0.625000 0.279687 0.623611 0.285938 0.623611 0.287500 0.620833 0.287500 0.623611 0.292969 0.622222 0.294531 0.622222 0.302344 0.623611 0.303125 0.619444 0.304688 0.618056 0.307031 0.616667 0.310937 0.615278 0.312500 0.613889 0.311719 0.608333 0.314063 0.602778 0.310937 0.602778 0.307031 0.606944 0.301563 0.609722 0.300000 0.611111 0.295312 0.619444 0.294531 0.622222 0.292969 0.622222 0.291406 0.619444 0.289062 0.619444 0.290625 0.619444 0.291406 0.618056 0.294531 0.616667 0.297656 0.615278 0.296094 0.613889 0.299219 0.608333 0.301563 0.605556 0.303125 0.604167 0.307031 0.601389 0.310937 0.600000 0.311719 0.597222 0.311719 0.591667 0.312500 0.594444 0.312500 0.595833 0.314844 0.595833 0.316406 0.595833 0.317969 0.598611 0.321875 0.601389 0.335938 0.601389 0.340625 0.597222 0.343750 0.600000 0.346094 0.598611 0.348438 0.595833 0.353125 0.587500 0.357812 0.587500 0.360938 0.584722 0.365625 0.586111 0.367188 0.583333 0.372656 0.583333 0.376563 0.577778 0.380469 0.577778 0.384375 0.580556 0.388281 0.579167 0.394531 0.579167 0.396094 0.579167 0.398438 0.581944 0.400000 0.583333 0.404687 0.581944 0.408594 0.583333 0.412500 0.584722 0.415625 0.586111 0.421094 0.595833 0.422656 0.597222 0.425781 0.598611 0.427344 0.600000 0.428125 0.604167 0.431250 0.609722 0.433594 0.611111 0.442969 0.611111 0.444531 0.608333 0.445312 0.608333 0.446094 0.606944 0.446094 0.605556 0.447656 0.602778 0.451562 0.597222 0.453125 0.593056 0.453906 0.584722 0.454688 0.581944 0.459375 0.573611 0.460938 0.572222 0.462500 0.570833 0.466406 0.572222 0.467969 0.573611 0.474219 0.581944 0.475781 0.583333 0.478125 0.584722 0.482812 0.584722 0.484375 0.583333 0.485938 0.581944 0.487500 0.579167 0.487500 0.572222 0.488281 0.568056 0.489844 0.565278 0.490625 0.562500 0.491406 0.556944 0.491406 0.550000 0.492188 0.555556 0.493750 0.558333 0.496875 0.559722 0.500781 0.563889 0.502344 0.563889 0.503125 0.562500 0.505469 0.562500 0.507812 0.561111 0.513281 0.555556 0.516406 0.554167 0.521094 0.554167 0.524219 0.552778 0.525781 0.550000 0.525781 0.544444 0.527344 0.540278 0.528125 0.530556 0.528125 0.515278 0.529687 0.508333 0.531250 0.506944 0.542188 0.502778 0.548438 0.502778 0.546875 0.504167 0.545312 0.505556 0.539062 0.505556 0.532031 0.506944 0.530469 0.508333 0.529687 0.509722 0.528906 0.512500 0.528906 0.515278 0.533594 0.516667 0.536719 0.515278 0.542969 0.511111 0.546875 0.511111 0.550000 0.508333 0.553906 0.508333 0.557031 0.506944 0.559375 0.505556 0.561719 0.504167 0.563281 0.501389 0.568750 0.502778 0.583594 0.502778 0.588281 0.501389 0.589063 0.502778 0.592187 0.502778 0.595313 0.501389 0.596875 0.498611 0.597656 0.495833 0.597656 0.488889 0.600000 0.494444 0.601562 0.495833 0.607031 0.495833 0.608594 0.494444 0.611719 0.488889 0.620313 0.490278 0.625781 0.490278 0.632812 0.487500 0.638281 0.488889 0.640625 0.487500 0.642188 0.484722 0.635938 0.483333 0.633594 0.480556 0.628125 0.479167 0.626563 0.480556 0.625000 0.480556 0.623437 0.483333 0.621875 0.483333 0.623437 0.481944 0.623437 0.480556 0.628125 0.479167 0.629687 0.476389 0.631250 0.476389
19 0.110156 0.469444 0.108594 0.472222 0.108594 0.484722 0.108594 0.473611 0.110156 0.469444
20 0.950000 0.602778 0.953906 0.602778 0.952344 0.602778 0.951562 0.601389 0.950000 0.602778
20 0.310937 0.604167 0.307031 0.608333 0.301563 0.611111 0.300000 0.612500 0.299219 0.613889 0.299219 0.615278 0.297656 0.616667 0.297656 0.613889 0.287500 0.615278 0.285938 0.613889 0.287500 0.618056 0.290625 0.618056 0.294531 0.615278 0.296875 0.615278 0.296875 0.618056 0.298438 0.616667 0.303906 0.618056 0.308594 0.615278 0.310937 0.613889 0.312500 0.612500 0.310937 0.606944 0.313281 0.601389 0.310937 0.604167
20 0.885938 0.579167 0.889062 0.580556 0.891406 0.583333 0.896094 0.583333 0.899219 0.586111 0.908594 0.586111 0.915625 0.588889 0.932031 0.588889 0.938281 0.590278 0.940625 0.591667 0.944531 0.600000 0.940625 0.601389 0.942187 0.602778 0.942969 0.604167 0.945312 0.605556 0.956250 0.604167 0.958594 0.608333 0.961719 0.604167 0.963281 0.604167 0.966406 0.606944 0.967969 0.609722 0.969531 0.611111 0.971094 0.612500 0.973437 0.613889 0.975781 0.613889 0.975781 0.619444 0.975000 0.626389 0.969531 0.637500 0.967969 0.644444 0.967187 0.647222 0.964844 0.645833 0.963281 0.647222 0.961719 0.650000 0.961719 0.655556 0.959375 0.656944 0.958594 0.655556 0.955469 0.654167 0.950781 0.654167 0.947656 0.651389 0.945312 0.652778 0.943750 0.651389 0.940625 0.648611 0.932031 0.644444 0.928906 0.643056 0.925781 0.644444 0.921094 0.643056 0.917188 0.637500 0.914062 0.636111 0.907813 0.636111 0.906250 0.634722 0.901563 0.627778 0.900781 0.625000 0.900781 0.623611 0.902344 0.623611 0.903906 0.626389 0.905469 0.627778 0.907813 0.629167 0.910156 0.629167 0.921875 0.636111 0.924219 0.638889 0.929688 0.640278 0.934375 0.641667 0.936719 0.641667 0.939063 0.638889 0.942969 0.637500 0.939844 0.634722 0.935937 0.636111 0.934375 0.636111 0.927344 0.629167 0.925000 0.627778 0.919531 0.627778 0.916406 0.626389 0.914062 0.625000 0.912500 0.623611 0.910937 0.622222 0.909375 0.619444 0.907813 0.618056 0.903906 0.616667 0.900000 0.612500 0.895312 0.611111 0.893750 0.612500 0.895312 0.615278 0.896094 0.619444 0.897656 0.620833 0.899219 0.620833 0.900781 0.623611 0.900781 0.625000 0.898438 0.625000 0.897656 0.626389 0.895312 0.626389 0.892188 0.625000 0.882812 0.616667 0.879687 0.613889 0.880469 0.611111 0.880469 0.612500 0.884375 0.612500 0.882812 0.609722 0.881250 0.609722 0.880469 0.612500 0.880469 0.611111 0.878906 0.608333 0.877344 0.606944 0.875781 0.609722 0.877344 0.611111 0.874219 0.611111 0.871875 0.608333 0.872656 0.606944 0.874219 0.608333 0.873437 0.604167 0.871094 0.604167 0.872656 0.606944 0.871875 0.608333 0.866406 0.606944 0.862500 0.604167 0.860156 0.600000 0.857031 0.598611 0.859375 0.598611 0.861719 0.601389 0.864844 0.600000 0.863281 0.598611 0.862500 0.597222 0.860938 0.597222 0.860156 0.595833 0.858594 0.594444 0.863281 0.593056 0.865625 0.595833 0.865625 0.584722 0.865625 0.579167 0.885938 0.579167
20 0.833594 0.551389 0.832812 0.554167 0.832031 0.556944 0.831250 0.563889 0.836719 0.565278 0.838281 0.568056 0.837500 0.573611 0.835938 0.576389 0.834375 0.575000 0.832812 0.572222 0.832031 0.569444 0.831250 0.572222 0.831250 0.575000 0.835156 0.577778 0.837500 0.577778 0.842187 0.576389 0.842187 0.572222 0.844531 0.565278 0.842969 0.566667 0.839063 0.565278 0.842187 0.563889 0.843750 0.562500 0.844531 0.559722 0.842969 0.558333 0.839844 0.555556 0.836719 0.554167 0.835156 0.551389 0.833594 0.551389
20 0.016406 0.554167 0.018750 0.554167 0.021875 0.554167 0.020313 0.551389 0.018750 0.551389 0.020313 0.551389 0.021094 0.552778 0.024219 0.552778 0.028125 0.555556 0.032813 0.555556 0.035156 0.558333 0.038281 0.559722 0.042969 0.561111 0.047656 0.561111 0.052344 0.562500 0.059375 0.566667 0.063281 0.566667 0.067187 0.568056 0.070312 0.570833 0.074219 0.570833 0.075000 0.573611 0.078906 0.573611 0.082812 0.576389 0.086719 0.576389 0.089844 0.577778 0.091406 0.580556 0.096094 0.580556 0.096875 0.581944 0.099219 0.581944 0.099219 0.584722 0.103125 0.586111 0.103125 0.583333 0.108594 0.584722 0.109375 0.586111 0.120313 0.586111 0.130469 0.584722 0.131250 0.583333 0.136719 0.581944 0.136719 0.584722 0.144531 0.584722 0.147656 0.587500 0.152344 0.588889 0.173437 0.588889 0.180469 0.590278 0.185156 0.591667 0.187500 0.593056 0.189062 0.594444 0.190625 0.597222 0.192188 0.601389 0.194531 0.605556 0.196094 0.606944 0.198437 0.608333 0.200000 0.612500 0.200000 0.616667 0.202344 0.618056 0.203125 0.619444 0.203125 0.620833 0.203906 0.622222 0.205469 0.623611 0.210938 0.627778 0.214062 0.631944 0.215625 0.626389 0.219531 0.625000 0.221094 0.623611 0.224219 0.619444 0.226562 0.618056 0.231250 0.618056 0.233594 0.619444 0.235937 0.620833 0.239844 0.625000 0.244531 0.631944 0.246094 0.631944 0.245312 0.636111 0.243750 0.636111 0.242969 0.637500 0.239844 0.637500 0.235937 0.640278 0.228125 0.643056 0.225000 0.644444 0.222656 0.644444 0.221875 0.643056 0.219531 0.643056 0.217969 0.647222 0.214844 0.647222 0.214062 0.648611 0.206250 0.648611 0.200781 0.651389 0.200000 0.650000 0.203125 0.647222 0.200000 0.645833 0.200000 0.650000 0.200781 0.651389 0.193750 0.651389 0.192969 0.655556 0.190625 0.655556 0.186719 0.658333 0.186719 0.654167 0.187500 0.651389 0.184375 0.650000 0.182812 0.652778 0.184375 0.655556 0.186719 0.654167 0.186719 0.658333 0.168750 0.656944 0.174219 0.656944 0.176563 0.658333 0.177344 0.656944 0.179688 0.655556 0.176563 0.654167 0.175781 0.655556 0.174219 0.656944 0.168750 0.656944 0.167187 0.659722 0.161719 0.661111 0.158594 0.663889 0.156250 0.665278 0.155469 0.669444 0.152344 0.672222 0.149219 0.675000 0.106250 0.694444 0.082031 0.705556 0.075781 0.708333 0.073438 0.706944 0.072656 0.709722 0.070312 0.709722 0.053906 0.718056 0.052344 0.715278 0.046875 0.712500 0.039062 0.711111 0.023438 0.711111 0.024219 0.711111 0.028906 0.708333 0.035156 0.708333 0.042188 0.705556 0.044531 0.704167 0.046875 0.701389 0.050000 0.700000 0.053125 0.700000 0.056250 0.698611 0.057813 0.695833 0.060156 0.694444 0.064062 0.694444 0.067187 0.691667 0.071875 0.691667 0.075781 0.686111 0.082812 0.686111 0.085156 0.684722 0.086719 0.683333 0.088281 0.680556 0.089844 0.679167 0.091406 0.677778 0.093750 0.677778 0.094531 0.673611 0.096094 0.670833 0.096094 0.668056 0.094531 0.665278 0.091406 0.663889 0.090625 0.655556 0.083594 0.654167 0.068750 0.659722 0.062500 0.661111 0.054688 0.661111 0.048438 0.665278 0.043750 0.665278 0.040625 0.666667 0.038281 0.669444 0.035156 0.670833 0.032031 0.672222 0.019531 0.673611 0.015625 0.675000 0.013281 0.676389 0.011719 0.679167 0.010937 0.679167 0.010156 0.698611 0.016406 0.709722 0.019531 0.711111 0.024219 0.711111 0.023438 0.711111 0.022656 0.713889 0.025000 0.715278 0.030469 0.713889 0.046094 0.716667 0.052344 0.715278 0.053906 0.718056 0.047656 0.719444 0.045312 0.722222 0.041406 0.720833 0.037500 0.725000 0.032813 0.720833 0.031250 0.722222 0.028906 0.727778 0.025781 0.723611 0.024219 0.723611 0.022656 0.727778 0.020313 0.727778 0.021094 0.725000 0.018750 0.722222 0.017188 0.720833 0.014844 0.723611 0.014063 0.729167 0.012500 0.729167 0.011719 0.730556 0.008594 0.729167 0.007812 0.727778 0.009375 0.730556 0.010937 0.727778 0.010937 0.725000 0.007031 0.725000 0.007812 0.727778 0.008594 0.729167 0.007031 0.733333 0.004687 0.731944 0.004687 0.734722 0.000000 0.734722 0.000000 0.726389 0.002344 0.725000 0.000000 0.723611 0.000000 0.608333 0.004687 0.609722 0.006250 0.609722 0.012500 0.608333 0.017188 0.606944 0.021094 0.604167 0.031250 0.605556 0.035156 0.601389 0.038281 0.600000 0.039844 0.597222 0.036719 0.593056 0.033594 0.593056 0.032031 0.594444 0.028125 0.591667 0.025781 0.594444 0.024219 0.595833 0.021875 0.594444 0.023438 0.590278 0.021875 0.587500 0.017969 0.587500 0.008594 0.583333 0.006250 0.580556 0.002344 0.580556 0.001563 0.579167 0.000000 0.579167 0.000000 0.558333 0.001563 0.558333 0.002344 0.556944 0.006250 0.556944 0.010156 0.554167 0.011719 0.554167 0.015625 0.555556 0.016406 0.551389 0.016406 0.554167
20 0.205469 0.544444 0.208594 0.547222 0.211719 0.547222 0.217188 0.550000 0.219531 0.552778 0.221875 0.554167 0.229687 0.552778 0.232031 0.552778 0.233594 0.555556 0.233594 0.558333 0.235156 0.561111 0.239063 0.555556 0.240625 0.554167 0.242969 0.552778 0.249219 0.552778 0.252344 0.551389 0.253906 0.548611 0.250000 0.545833 0.255469 0.547222 0.262500 0.544444 0.264062 0.544444 0.266406 0.548611 0.267969 0.548611 0.275000 0.547222 0.288281 0.548611 0.293750 0.547222 0.297656 0.544444 0.307812 0.544444 0.308594 0.547222 0.308594 0.554167 0.307812 0.569444 0.308594 0.575000 0.309375 0.579167 0.310937 0.586111 0.314844 0.594444 0.313281 0.595833 0.311719 0.590278 0.310937 0.597222 0.310156 0.600000 0.307031 0.600000 0.303125 0.602778 0.301563 0.604167 0.300000 0.606944 0.298438 0.608333 0.292187 0.608333 0.289844 0.608333 0.283594 0.601389 0.282031 0.601389 0.281250 0.604167 0.279687 0.600000 0.275781 0.600000 0.273438 0.597222 0.264062 0.597222 0.257812 0.598611 0.253906 0.601389 0.246094 0.601389 0.241406 0.602778 0.236719 0.605556 0.229687 0.605556 0.225781 0.606944 0.221094 0.611111 0.214844 0.612500 0.212500 0.612500 0.210938 0.609722 0.210156 0.606944 0.210156 0.604167 0.208594 0.601389 0.208594 0.598611 0.210938 0.597222 0.212500 0.594444 0.214062 0.594444 0.221875 0.594444 0.222656 0.591667 0.222656 0.581944 0.221875 0.570833 0.220312 0.568056 0.220312 0.565278 0.221094 0.563889 0.223438 0.562500 0.221875 0.561111 0.221094 0.559722 0.217969 0.561111 0.219531 0.562500 0.217969 0.563889 0.220312 0.565278 0.220312 0.568056 0.217969 0.568056 0.214844 0.570833 0.214844 0.573611 0.214062 0.569444 0.212500 0.572222 0.212500 0.565278 0.214844 0.565278 0.213281 0.558333 0.211719 0.556944 0.210156 0.555556 0.204687 0.552778 0.203125 0.551389 0.201563 0.550000 0.200000 0.547222 0.205469 0.544444
22 0.256250 0.491667 0.257031 0.493056 0.263281 0.493056 0.264062 0.494444 0.277344 0.497222 0.284375 0.497222 0.289844 0.500000 0.295312 0.501389 0.297656 0.500000 0.300781 0.501389 0.302344 0.502778 0.303906 0.506944 0.303125 0.509722 0.305469 0.515278 0.303125 0.516667 0.300781 0.519444 0.299219 0.515278 0.297656 0.512500 0.299219 0.509722 0.298438 0.506944 0.298438 0.504167 0.298438 0.504167 0.300781 0.504167 0.299219 0.501389 0.298438 0.504167 0.298438 0.504167 0.296875 0.508333 0.296094 0.509722 0.297656 0.512500 0.299219 0.515278 0.299219 0.519444 0.297656 0.516667 0.296094 0.519444 0.293750 0.519444 0.292187 0.516667 0.289062 0.519444 0.285938 0.516667 0.285156 0.511111 0.283594 0.513889 0.285938 0.516667 0.289062 0.519444 0.282031 0.519444 0.280469 0.519444 0.279687 0.513889 0.276562 0.513889 0.277344 0.516667 0.274219 0.518056 0.273438 0.516667 0.270313 0.516667 0.267188 0.515278 0.264062 0.512500 0.262500 0.511111 0.254688 0.511111 0.250000 0.512500 0.250781 0.502778 0.252344 0.497222 0.251563 0.491667 0.256250 0.491667
22 0.261719 0.433333 0.261719 0.437500 0.259375 0.441667 0.262500 0.441667 0.263281 0.443056 0.264844 0.444444 0.264062 0.448611 0.264062 0.452778 0.263281 0.459722 0.265625 0.463889 0.267188 0.462500 0.267969 0.455556 0.269531 0.450000 0.269531 0.445833 0.267188 0.444444 0.269531 0.440278 0.269531 0.433333 0.267969 0.433333 0.267188 0.431944 0.261719 0.433333
23 0.203125 0.415278 0.203906 0.418056 0.205469 0.419444 0.207813 0.419444 0.210156 0.420833 0.215625 0.426389 0.216406 0.422222 0.216406 0.418056 0.212500 0.418056 0.209375 0.415278 0.205469 0.416667 0.204687 0.415278 0.203125 0.415278
23 0.192969 0.397222 0.195312 0.402778 0.196875 0.402778 0.198437 0.404167 0.199219 0.406944 0.200781 0.409722 0.202344 0.406944 0.200000 0.402778 0.196094 0.401389 0.194531 0.400000 0.192969 0.397222
24 0.595313 0.444444 0.592187 0.445833 0.593750 0.447222 0.596875 0.447222 0.595313 0.444444
24 0.591406 0.368056 0.590625 0.369444 0.589844 0.384722 0.589844 0.400000 0.590625 0.394444 0.592187 0.400000 0.591406 0.405556 0.593750 0.402778 0.592969 0.400000 0.591406 0.398611 0.590625 0.394444 0.590625 0.380556 0.591406 0.366667 0.592187 0.365278 0.592187 0.358333 0.591406 0.368056
24 0.409375 0.000000 0.409375 0.002778 0.408594 0.004167 0.407813 0.011111 0.407031 0.016667 0.407031 0.020833 0.407813 0.025000 0.406250 0.036111 0.406250 0.048611 0.404687 0.054167 0.405469 0.059722 0.404687 0.070833 0.403125 0.079167 0.403906 0.083333 0.403125 0.098611 0.401562 0.104167 0.402344 0.109722 0.401562 0.120833 0.400781 0.131944 0.399219 0.140278 0.400000 0.143056 0.399219 0.154167 0.399219 0.156944 0.397656 0.163889 0.398438 0.168056 0.396875 0.175000 0.397656 0.177778 0.396875 0.191667 0.396094 0.204167 0.394531 0.227778 0.393750 0.238889 0.392969 0.248611 0.391406 0.256944 0.389844 0.256944 0.389844 0.276389 0.388281 0.280556 0.388281 0.284722 0.387500 0.286111 0.388281 0.290278 0.389844 0.291667 0.389844 0.294444 0.388281 0.304167 0.388281 0.315278 0.386719 0.329167 0.384375 0.326389 0.385156 0.336111 0.385937 0.337500 0.385937 0.344444 0.385156 0.356944 0.382812 0.361111 0.382031 0.375000 0.382031 0.388889 0.382812 0.386111 0.382812 0.400000 0.382812 0.402778 0.385937 0.402778 0.392969 0.400000 0.394531 0.402778 0.396094 0.402778 0.396875 0.401389 0.398438 0.401389 0.395313 0.400000 0.393750 0.397222 0.395313 0.391667 0.396094 0.395833 0.400000 0.395833 0.398438 0.391667 0.394531 0.388889 0.394531 0.386111 0.395313 0.383333 0.396875 0.380556 0.399219 0.383333 0.399219 0.380556 0.397656 0.377778 0.396875 0.372222 0.398438 0.366667 0.398438 0.363889 0.396875 0.358333 0.396875 0.352778 0.397656 0.343056 0.397656 0.329167 0.396875 0.322222 0.396875 0.318056 0.398438 0.311111 0.397656 0.283333 0.399219 0.280556 0.400000 0.273611 0.400781 0.266667 0.401562 0.258333 0.400000 0.256944 0.400000 0.252778 0.400781 0.251389 0.400781 0.248611 0.400000 0.247222 0.400000 0.244444 0.401562 0.243056 0.401562 0.231944 0.402344 0.227778 0.401562 0.218056 0.403125 0.211111 0.402344 0.200000 0.403906 0.200000 0.403906 0.184722 0.404687 0.172222 0.405469 0.159722 0.406250 0.150000 0.408594 0.131944 0.409375 0.118056 0.409375 0.094444 0.410156 0.087500 0.410938 0.086111 0.411719 0.073611 0.411719 0.055556 0.412500 0.044444 0.413281 0.040278 0.415625 0.033333 0.416406 0.023611 0.417187 0.012500 0.417969 0.002778 0.417969 0.000000 0.409375 0.000000
25 0.099219 0.501389 0.099219 0.506944 0.100781 0.505556 0.103125 0.502778 0.100781 0.501389 0.099219 0.501389
25 0.728906 0.466667 0.728125 0.468056 0.728125 0.470833 0.728125 0.468056 0.729688 0.465278 0.729688 0.462500 0.728906 0.466667
25 0.431250 0.395833 0.429688 0.398611 0.428125 0.395833 0.427344 0.404167 0.437500 0.404167 0.436719 0.401389 0.435156 0.401389 0.434375 0.400000 0.431250 0.398611 0.431250 0.395833 0.432031 0.394444 0.432031 0.391667 0.431250 0.395833
25 0.256250 0.390278 0.259375 0.393056 0.262500 0.394444 0.264062 0.391667 0.265625 0.391667 0.266406 0.390278 0.268750 0.390278 0.271094 0.391667 0.273438 0.393056 0.275000 0.395833 0.278906 0.398611 0.280469 0.397222 0.280469 0.400000 0.282031 0.395833 0.283594 0.394444 0.285156 0.394444 0.289062 0.395833 0.289844 0.397222 0.292187 0.395833 0.290625 0.393056 0.292187 0.395833 0.293750 0.397222 0.296094 0.398611 0.298438 0.395833 0.298438 0.401389 0.301563 0.400000 0.303125 0.400000 0.303906 0.405556 0.303125 0.411111 0.304688 0.416667 0.305469 0.422222 0.306250 0.415278 0.305469 0.409722 0.304688 0.408333 0.303906 0.405556 0.303125 0.400000 0.304688 0.397222 0.306250 0.400000 0.307812 0.404167 0.308594 0.408333 0.310156 0.412500 0.309375 0.416667 0.308594 0.420833 0.309375 0.423611 0.308594 0.431944 0.308594 0.434722 0.308594 0.443056 0.305469 0.447222 0.307031 0.450000 0.305469 0.451389 0.305469 0.452778 0.304688 0.454167 0.303125 0.456944 0.299219 0.462500 0.300000 0.473611 0.298438 0.473611 0.298438 0.477778 0.297656 0.480556 0.295312 0.486111 0.285938 0.486111 0.281250 0.486111 0.279687 0.488889 0.272656 0.488889 0.269531 0.483333 0.269531 0.481944 0.267188 0.477778 0.265625 0.465278 0.267188 0.463889 0.268750 0.461111 0.268750 0.455556 0.270313 0.450000 0.270313 0.447222 0.267969 0.444444 0.270313 0.440278 0.270313 0.433333 0.267188 0.430556 0.262500 0.430556 0.260937 0.433333 0.260937 0.437500 0.258594 0.441667 0.262500 0.443056 0.264062 0.444444 0.263281 0.448611 0.263281 0.452778 0.262500 0.459722 0.265625 0.465278 0.267188 0.477778 0.264062 0.483333 0.260937 0.483333 0.260156 0.481944 0.256250 0.483333 0.254688 0.483333 0.251563 0.481944 0.250781 0.479167 0.250781 0.473611 0.250000 0.469444 0.248438 0.469444 0.249219 0.463889 0.248438 0.461111 0.246094 0.463889 0.246875 0.465278 0.246875 0.468056 0.245312 0.463889 0.245312 0.461111 0.240625 0.452778 0.235156 0.445833 0.233594 0.444444 0.230469 0.443056 0.228906 0.440278 0.226562 0.438889 0.227344 0.436111 0.227344 0.436111 0.230469 0.436111 0.228125 0.430556 0.228125 0.427778 0.227344 0.426389 0.226562 0.423611 0.225781 0.430556 0.226562 0.433333 0.227344 0.436111 0.227344 0.436111 0.224219 0.433333 0.221094 0.430556 0.218750 0.429167 0.216406 0.426389 0.217188 0.420833 0.221094 0.418056 0.223438 0.413889 0.226562 0.413889 0.228125 0.411111 0.228906 0.415278 0.232031 0.420833 0.232813 0.416667 0.234375 0.413889 0.235156 0.411111 0.235156 0.406944 0.235937 0.404167 0.238281 0.404167 0.239844 0.402778 0.242188 0.400000 0.243750 0.395833 0.248438 0.394444 0.248438 0.393056 0.249219 0.391667 0.250781 0.390278 0.256250 0.390278
25 0.214062 0.370833 0.216406 0.370833 0.217188 0.366667 0.214062 0.370833
25 0.742969 0.356944 0.744531 0.359722 0.749219 0.358333 0.749219 0.361111 0.754687 0.369444 0.755469 0.370833 0.756250 0.375000 0.757812 0.377778 0.759375 0.377778 0.761719 0.381944 0.763281 0.383333 0.765625 0.384722 0.771094 0.384722 0.771875 0.388889 0.771094 0.391667 0.769531 0.387500 0.768750 0.393056 0.771094 0.400000 0.767969 0.404167 0.766406 0.408333 0.765625 0.411111 0.765625 0.422222 0.766406 0.427778 0.769531 0.430556 0.774219 0.431944 0.778125 0.431944 0.779687 0.431944 0.783594 0.431944 0.786719 0.429167 0.786719 0.431944 0.788281 0.434722 0.789844 0.434722 0.790625 0.436111 0.792188 0.437500 0.789062 0.438889 0.787500 0.437500 0.788281 0.434722 0.775000 0.433333 0.772656 0.437500 0.775000 0.438889 0.777344 0.438889 0.775781 0.438889 0.774219 0.440278 0.771094 0.444444 0.769531 0.445833 0.767969 0.444444 0.767188 0.447222 0.765625 0.445833 0.762500 0.444444 0.764062 0.444444 0.761719 0.440278 0.759375 0.441667 0.757031 0.445833 0.757812 0.451389 0.759375 0.452778 0.757031 0.455556 0.757031 0.459722 0.753906 0.465278 0.752344 0.469444 0.751563 0.472222 0.751563 0.468056 0.746875 0.465278 0.742188 0.465278 0.735156 0.466667 0.735938 0.461111 0.733594 0.456944 0.732031 0.458333 0.729688 0.458333 0.728125 0.458333 0.724219 0.456944 0.723437 0.456944 0.719531 0.451389 0.717969 0.451389 0.716406 0.455556 0.718750 0.455556 0.718750 0.461111 0.720313 0.462500 0.723437 0.456944 0.724219 0.456944 0.725000 0.462500 0.725781 0.462500 0.725781 0.469444 0.722656 0.466667 0.719531 0.466667 0.717969 0.465278 0.718750 0.462500 0.716406 0.459722 0.717187 0.458333 0.716406 0.450000 0.715625 0.447222 0.714063 0.444444 0.712500 0.445833 0.711719 0.444444 0.710156 0.447222 0.708594 0.451389 0.707812 0.455556 0.705469 0.456944 0.704688 0.456944 0.703125 0.461111 0.698438 0.456944 0.696094 0.456944 0.695312 0.458333 0.693750 0.458333 0.696875 0.452778 0.696875 0.447222 0.695312 0.444444 0.692969 0.441667 0.689063 0.441667 0.686719 0.437500 0.683594 0.436111 0.680469 0.434722 0.670312 0.434722 0.664062 0.437500 0.657031 0.437500 0.654687 0.438889 0.650000 0.447222 0.650000 0.444444 0.648438 0.438889 0.647656 0.436111 0.646875 0.434722 0.646094 0.434722 0.644531 0.431944 0.642969 0.431944 0.641406 0.433333 0.639844 0.436111 0.623437 0.436111 0.614844 0.437500 0.607812 0.436111 0.607031 0.440278 0.605469 0.441667 0.607812 0.444444 0.607031 0.447222 0.607031 0.450000 0.604688 0.450000 0.604688 0.452778 0.603125 0.450000 0.600000 0.450000 0.599219 0.448611 0.597656 0.448611 0.595313 0.443056 0.591406 0.445833 0.592969 0.447222 0.591406 0.447222 0.590625 0.438889 0.589844 0.448611 0.588281 0.450000 0.583594 0.451389 0.585938 0.452778 0.580469 0.451389 0.582812 0.450000 0.585156 0.448611 0.583594 0.447222 0.582812 0.445833 0.582031 0.443056 0.579688 0.445833 0.578125 0.448611 0.576562 0.448611 0.575000 0.450000 0.575000 0.447222 0.576562 0.445833 0.578125 0.447222 0.579688 0.444444 0.581250 0.440278 0.581250 0.425000 0.580469 0.418056 0.578906 0.413889 0.581250 0.413889 0.585156 0.408333 0.587500 0.412500 0.589063 0.409722 0.589844 0.405556 0.589844 0.401389 0.589844 0.406944 0.590625 0.408333 0.591406 0.411111 0.592969 0.408333 0.592187 0.405556 0.594531 0.402778 0.594531 0.398611 0.596875 0.397222 0.596094 0.394444 0.597656 0.395833 0.598437 0.390278 0.600000 0.390278 0.601562 0.393056 0.602344 0.390278 0.603906 0.391667 0.607031 0.388889 0.607812 0.387500 0.609375 0.381944 0.614844 0.379167 0.618750 0.373611 0.621094 0.372222 0.625781 0.372222 0.628906 0.370833 0.632812 0.366667 0.635156 0.362500 0.639062 0.362500 0.641406 0.359722 0.642969 0.361111 0.645312 0.362500 0.649219 0.362500 0.651563 0.361111 0.657031 0.362500 0.662500 0.359722 0.667188 0.362500 0.669531 0.362500 0.670312 0.366667 0.672656 0.368056 0.672656 0.375000 0.674219 0.377778 0.675781 0.379167 0.677344 0.379167 0.678906 0.380556 0.682031 0.386111 0.682031 0.387500 0.685156 0.393056 0.689063 0.386111 0.691406 0.386111 0.692969 0.384722 0.696094 0.379167 0.700000 0.375000 0.701562 0.375000 0.703906 0.379167 0.705469 0.386111 0.712500 0.397222 0.713281 0.398611 0.715625 0.404167 0.717187 0.405556 0.718750 0.406944 0.721094 0.404167 0.722656 0.402778 0.724219 0.402778 0.725000 0.400000 0.725781 0.397222 0.723437 0.391667 0.725781 0.388889 0.725000 0.383333 0.728906 0.376389 0.732031 0.375000 0.733594 0.373611 0.739062 0.363889 0.741406 0.359722 0.741406 0.356944 0.742969 0.356944
25 0.059375 0.298611 0.061719 0.301389 0.063281 0.302778 0.066406 0.304167 0.071094 0.304167 0.075781 0.306944 0.082031 0.306944 0.085938 0.309722 0.085156 0.305556 0.083594 0.304167 0.078906 0.302778 0.073438 0.302778 0.069531 0.300000 0.062500 0.300000 0.061719 0.298611 0.059375 0.298611
25 0.215625 0.286111 0.214062 0.288889 0.215625 0.287500 0.217188 0.287500 0.215625 0.286111
25 0.960156 0.272222 0.958594 0.275000 0.957812 0.275000 0.956250 0.277778 0.959375 0.276389 0.959375 0.275000 0.960156 0.272222
25 0.952344 0.272222 0.953125 0.275000 0.954688 0.273611 0.952344 0.272222
25 0.954688 0.261111 0.953125 0.263889 0.951562 0.265278 0.954688 0.269444 0.957031 0.270833 0.959375 0.268056 0.960938 0.262500 0.959375 0.261111 0.954688 0.261111
25 0.109375 0.154167 0.107813 0.154167 0.105469 0.155556 0.103906 0.158333 0.106250 0.158333 0.110937 0.155556 0.114844 0.154167 0.116406 0.155556 0.119531 0.161111 0.121094 0.162500 0.122656 0.163889 0.126562 0.165278 0.129688 0.163889 0.135156 0.165278 0.136719 0.166667 0.136719 0.169444 0.138281 0.169444 0.138281 0.166667 0.141406 0.166667 0.142969 0.165278 0.142969 0.168056 0.144531 0.168056 0.145313 0.166667 0.146875 0.166667 0.148438 0.169444 0.150000 0.170833 0.150781 0.169444 0.153906 0.172222 0.154688 0.173611 0.154688 0.175000 0.156250 0.177778 0.160156 0.180556 0.164844 0.181944 0.165625 0.183333 0.166406 0.184722 0.167969 0.181944 0.170313 0.184722 0.171094 0.187500 0.171875 0.193056 0.175000 0.197222 0.176563 0.195833 0.178125 0.198611 0.178906 0.201389 0.178125 0.202778 0.180469 0.206944 0.180469 0.208333 0.182031 0.211111 0.182031 0.206944 0.183594 0.208333 0.184375 0.213889 0.186719 0.218056 0.187500 0.222222 0.186719 0.226389 0.188281 0.236111 0.189062 0.233333 0.189844 0.237500 0.192969 0.243056 0.192969 0.245833 0.190625 0.245833 0.192969 0.250000 0.193750 0.254167 0.195312 0.259722 0.195312 0.269444 0.196094 0.273611 0.201563 0.277778 0.201563 0.283333 0.203125 0.283333 0.200781 0.284722 0.203906 0.288889 0.206250 0.288889 0.207031 0.290278 0.209375 0.288889 0.212500 0.290278 0.210938 0.291667 0.209375 0.293056 0.213281 0.294444 0.217969 0.293056 0.218750 0.295833 0.217969 0.298611 0.218750 0.301389 0.221094 0.305556 0.221875 0.308333 0.221875 0.315278 0.222656 0.319444 0.224219 0.322222 0.224219 0.334722 0.223438 0.338889 0.223438 0.343056 0.225000 0.340278 0.225000 0.343056 0.222656 0.344444 0.221875 0.343056 0.220312 0.343056 0.218750 0.344444 0.216406 0.348611 0.216406 0.356944 0.213281 0.363889 0.210938 0.363889 0.207813 0.365278 0.205469 0.368056 0.203906 0.366667 0.203125 0.369444 0.202344 0.369444 0.200781 0.366667 0.198437 0.366667 0.197656 0.369444 0.200781 0.372222 0.202344 0.369444 0.203125 0.369444 0.203125 0.373611 0.197656 0.373611 0.196094 0.372222 0.192969 0.368056 0.192188 0.366667 0.194531 0.368056 0.192969 0.363889 0.192188 0.366667 0.192969 0.368056 0.191406 0.370833 0.189844 0.369444 0.187500 0.365278 0.187500 0.362500 0.189844 0.365278 0.191406 0.362500 0.190625 0.358333 0.189844 0.358333 0.187500 0.358333 0.188281 0.352778 0.187500 0.348611 0.186719 0.344444 0.185156 0.343056 0.184375 0.341667 0.182812 0.341667 0.182031 0.344444 0.178906 0.338889 0.177344 0.337500 0.175781 0.338889 0.174219 0.341667 0.172656 0.343056 0.169531 0.343056 0.167187 0.344444 0.165625 0.345833 0.164062 0.348611 0.166406 0.348611 0.168750 0.347222 0.172656 0.347222 0.174219 0.344444 0.178125 0.344444 0.178906 0.348611 0.175000 0.350000 0.178906 0.355556 0.178906 0.358333 0.178125 0.368056 0.178906 0.370833 0.180469 0.375000 0.183594 0.381944 0.184375 0.380556 0.185938 0.383333 0.186719 0.387500 0.187500 0.388889 0.189844 0.390278 0.191406 0.393056 0.189844 0.394444 0.187500 0.393056 0.185156 0.390278 0.181250 0.384722 0.179688 0.381944 0.178125 0.376389 0.176563 0.373611 0.175000 0.372222 0.173437 0.372222 0.168750 0.365278 0.168750 0.359722 0.170313 0.356944 0.166406 0.354167 0.159375 0.352778 0.157812 0.352778 0.156250 0.355556 0.155469 0.375000 0.155469 0.379167 0.156250 0.384722 0.157812 0.388889 0.160938 0.395833 0.161719 0.397222 0.162500 0.397222 0.164062 0.400000 0.165625 0.400000 0.166406 0.402778 0.166406 0.419444 0.165625 0.422222 0.162500 0.423611 0.158594 0.426389 0.154688 0.433333 0.152344 0.433333 0.151562 0.431944 0.149219 0.431944 0.146875 0.434722 0.144531 0.434722 0.142969 0.431944 0.139844 0.436111 0.139844 0.437500 0.138281 0.440278 0.136719 0.438889 0.135156 0.438889 0.133594 0.437500 0.132031 0.434722 0.130469 0.433333 0.125781 0.433333 0.121875 0.431944 0.119531 0.429167 0.117188 0.430556 0.115625 0.433333 0.114844 0.440278 0.113281 0.443056 0.111719 0.445833 0.111719 0.448611 0.112500 0.455556 0.110937 0.459722 0.110937 0.469444 0.107813 0.472222 0.107813 0.493056 0.109375 0.495833 0.111719 0.497222 0.114062 0.498611 0.115625 0.500000 0.114062 0.500000 0.113281 0.501389 0.111719 0.501389 0.110937 0.498611 0.109375 0.498611 0.107813 0.501389 0.106250 0.501389 0.106250 0.495833 0.105469 0.493056 0.103906 0.488889 0.100781 0.494444 0.100781 0.497222 0.099219 0.497222 0.098437 0.490278 0.098437 0.487500 0.096094 0.483333 0.100000 0.479167 0.100781 0.477778 0.101562 0.475000 0.103125 0.469444 0.103125 0.459722 0.104688 0.454167 0.105469 0.445833 0.106250 0.427778 0.105469 0.425000 0.105469 0.422222 0.104688 0.419444 0.100781 0.412500 0.100781 0.405556 0.099219 0.400000 0.098437 0.400000 0.096875 0.397222 0.096875 0.391667 0.095312 0.390278 0.095312 0.383333 0.092969 0.372222 0.092969 0.365278 0.091406 0.359722 0.091406 0.347222 0.092188 0.327778 0.093750 0.323611 0.094531 0.319444 0.093750 0.313889 0.090625 0.312500 0.092188 0.308333 0.091406 0.305556 0.089844 0.304167 0.087500 0.304167 0.078125 0.294444 0.072656 0.294444 0.071094 0.293056 0.069531 0.287500 0.069531 0.280556 0.064844 0.273611 0.063281 0.268056 0.064062 0.244444 0.064062 0.241667 0.062500 0.241667 0.063281 0.225000 0.063281 0.223611 0.064844 0.226389 0.064844 0.220833 0.063281 0.223611 0.063281 0.225000 0.061719 0.218056 0.062500 0.208333 0.063281 0.202778 0.064062 0.198611 0.065625 0.197222 0.064062 0.201389 0.063281 0.204167 0.063281 0.209722 0.064844 0.212500 0.065625 0.222222 0.066406 0.211111 0.067187 0.202778 0.071094 0.190278 0.071875 0.186111 0.071875 0.180556 0.073438 0.180556 0.075781 0.176389 0.077344 0.172222 0.078125 0.170833 0.080469 0.168056 0.083594 0.168056 0.086719 0.165278 0.090625 0.163889 0.092188 0.163889 0.092969 0.165278 0.095312 0.165278 0.099219 0.162500 0.102344 0.161111 0.100781 0.158333 0.097656 0.158333 0.096094 0.159722 0.097656 0.158333 0.099219 0.156944 0.102344 0.155556 0.105469 0.155556 0.106250 0.154167 0.109375 0.154167
25 0.996875 0.072222 0.999219 0.069444 0.999219 0.288889 0.993750 0.288889 0.997656 0.281944 0.996875 0.279167 0.995313 0.277778 0.992969 0.277778 0.992188 0.276389 0.991406 0.273611 0.989062 0.275000 0.990625 0.277778 0.992188 0.276389 0.992969 0.277778 0.990625 0.280556 0.988281 0.279167 0.985938 0.281944 0.988281 0.283333 0.985938 0.286111 0.985938 0.270833 0.984375 0.268056 0.984375 0.266667 0.983594 0.265278 0.981250 0.263889 0.977344 0.256944 0.976562 0.254167 0.975000 0.252778 0.973437 0.254167 0.971094 0.252778 0.969531 0.254167 0.967969 0.254167 0.967187 0.252778 0.965625 0.251389 0.967187 0.250000 0.967969 0.248611 0.971094 0.247222 0.969531 0.245833 0.970313 0.241667 0.968750 0.240278 0.968750 0.236111 0.970313 0.236111 0.968750 0.226389 0.969531 0.223611 0.971094 0.219444 0.972656 0.216667 0.974219 0.215278 0.978125 0.215278 0.979688 0.213889 0.982031 0.211111 0.985156 0.205556 0.985938 0.201389 0.983594 0.194444 0.979688 0.190278 0.978125 0.186111 0.978125 0.183333 0.980469 0.186111 0.982031 0.187500 0.984375 0.186111 0.982812 0.183333 0.980469 0.179167 0.978906 0.173611 0.977344 0.180556 0.976562 0.168056 0.975781 0.165278 0.976562 0.168056 0.978125 0.173611 0.978906 0.169444 0.978125 0.168056 0.977344 0.162500 0.977344 0.156944 0.977344 0.156944 0.978125 0.150000 0.979688 0.145833 0.978906 0.141667 0.977344 0.144444 0.976562 0.147222 0.977344 0.156944 0.977344 0.156944 0.975781 0.159722 0.976562 0.156944 0.976562 0.147222 0.978906 0.141667 0.978125 0.129167 0.978906 0.129167 0.978906 0.134722 0.978125 0.136111 0.978125 0.140278 0.979688 0.143056 0.980469 0.134722 0.981250 0.133333 0.980469 0.126389 0.978906 0.129167 0.978125 0.129167 0.978906 0.126389 0.979688 0.123611 0.980469 0.122222 0.981250 0.122222 0.982812 0.113889 0.982812 0.113889 0.983594 0.116667 0.984375 0.120833 0.986719 0.112500 0.984375 0.111111 0.982812 0.113889 0.982812 0.113889 0.985156 0.109722 0.985938 0.102778 0.987500 0.102778 0.988281 0.108333 0.989062 0.104167 0.989062 0.100000 0.987500 0.102778 0.985938 0.102778 0.987500 0.098611 0.989062 0.095833 0.989844 0.095833 0.990625 0.086111 0.992188 0.079167 0.993750 0.075000 0.995313 0.075000 0.996094 0.069444 0.996875 0.072222
26 0.168750 0.659722 0.167969 0.661111 0.162500 0.661111 0.161719 0.663889 0.155469 0.668056 0.156250 0.670833 0.158594 0.669444 0.162500 0.665278 0.164844 0.661111 0.167187 0.662500 0.166406 0.666667 0.167969 0.665278 0.171094 0.665278 0.178125 0.662500 0.181250 0.661111 0.182031 0.659722 0.184375 0.659722 0.168750 0.659722
26 0.083594 0.655556 0.068750 0.661111 0.062500 0.662500 0.054688 0.662500 0.048438 0.666667 0.043750 0.666667 0.040625 0.668056 0.038281 0.670833 0.035156 0.672222 0.032031 0.673611 0.019531 0.675000 0.015625 0.676389 0.013281 0.677778 0.010937 0.680556 0.010937 0.698611 0.016406 0.708333 0.019531 0.709722 0.024219 0.709722 0.028906 0.706944 0.035156 0.706944 0.042188 0.704167 0.044531 0.702778 0.046875 0.700000 0.050000 0.698611 0.053125 0.698611 0.056250 0.697222 0.057813 0.694444 0.060156 0.693056 0.064062 0.693056 0.067187 0.690278 0.071875 0.690278 0.075781 0.684722 0.082812 0.684722 0.085156 0.683333 0.086719 0.681944 0.088281 0.679167 0.089844 0.677778 0.091406 0.676389 0.093750 0.676389 0.093750 0.673611 0.095312 0.670833 0.094531 0.666667 0.092969 0.665278 0.091406 0.665278 0.089844 0.662500 0.089844 0.655556 0.083594 0.655556
26 0.296094 0.619444 0.295312 0.622222 0.302344 0.622222 0.302344 0.619444 0.298438 0.618056 0.296094 0.619444
26 0.000000 0.580556 0.000000 0.606944 0.004687 0.608333 0.006250 0.608333 0.012500 0.606944 0.017188 0.605556 0.021094 0.602778 0.031250 0.604167 0.032813 0.600000 0.038281 0.598611 0.040625 0.594444 0.038281 0.597222 0.036719 0.594444 0.033594 0.594444 0.032031 0.595833 0.027344 0.593056 0.025781 0.595833 0.024219 0.597222 0.021094 0.593056 0.022656 0.590278 0.017969 0.588889 0.008594 0.584722 0.006250 0.581944 0.001563 0.580556 0.000000 0.580556
26 0.218750 0.561111 0.220312 0.562500 0.218750 0.563889 0.220312 0.563889 0.221094 0.562500 0.222656 0.562500 0.221094 0.561111 0.218750 0.561111
26 0.285156 0.512500 0.284375 0.515278 0.285938 0.515278 0.285156 0.512500
26 0.840625 0.529167 0.840625 0.531944 0.842187 0.536111 0.843750 0.538889 0.845313 0.540278 0.846875 0.538889 0.849219 0.537500 0.857031 0.537500 0.860156 0.543056 0.862500 0.544444 0.864844 0.545833 0.871094 0.545833 0.873437 0.544444 0.874219 0.543056 0.875000 0.541667 0.879687 0.540278 0.886719 0.540278 0.889844 0.538889 0.891406 0.536111 0.896094 0.534722 0.897656 0.531944 0.899219 0.530556 0.913281 0.531944 0.917969 0.531944 0.953906 0.529167 0.959375 0.529167 0.964844 0.530556 0.966406 0.531944 0.969531 0.537500 0.971875 0.537500 0.974219 0.536111 0.978125 0.531944 0.982031 0.531944 0.983594 0.529167 0.985156 0.527778 0.989844 0.527778 0.993750 0.526389 0.995313 0.525000 0.997656 0.520833 0.999219 0.522222 0.997656 0.525000 0.999219 0.590278 0.994531 0.590278 0.992969 0.591667 0.992969 0.595833 0.994531 0.597222 0.996094 0.597222 0.997656 0.598611 0.999219 0.600000 0.999219 0.615278 0.996094 0.615278 0.980469 0.620833 0.977344 0.622222 0.975781 0.625000 0.975781 0.622222 0.976562 0.613889 0.973437 0.612500 0.971094 0.611111 0.969531 0.609722 0.967969 0.608333 0.966406 0.605556 0.964844 0.604167 0.963281 0.602778 0.961719 0.602778 0.959375 0.606944 0.956250 0.602778 0.954688 0.602778 0.952344 0.601389 0.951562 0.600000 0.950000 0.600000 0.949219 0.602778 0.954688 0.602778 0.956250 0.602778 0.945312 0.604167 0.941406 0.601389 0.944531 0.601389 0.940625 0.590278 0.938281 0.588889 0.932031 0.587500 0.915625 0.587500 0.908594 0.584722 0.899219 0.584722 0.896094 0.581944 0.891406 0.581944 0.889062 0.579167 0.885938 0.577778 0.865625 0.577778 0.864844 0.584722 0.865625 0.586111 0.865625 0.590278 0.864062 0.588889 0.861719 0.590278 0.862500 0.593056 0.857812 0.594444 0.856250 0.593056 0.850000 0.590278 0.846094 0.587500 0.844531 0.586111 0.843750 0.584722 0.841406 0.579167 0.842969 0.576389 0.846875 0.575000 0.847656 0.577778 0.850000 0.581944 0.851562 0.583333 0.853906 0.581944 0.852344 0.580556 0.851562 0.577778 0.850781 0.576389 0.847656 0.572222 0.846875 0.575000 0.842969 0.576389 0.842969 0.572222 0.845313 0.565278 0.844531 0.558333 0.842969 0.556944 0.836719 0.552778 0.834375 0.550000 0.835938 0.544444 0.837500 0.541667 0.839063 0.537500 0.839844 0.530556 0.839844 0.523611 0.841406 0.516667 0.841406 0.511111 0.840625 0.529167
26 0.296875 0.506944 0.297656 0.511111 0.298438 0.508333 0.297656 0.504167 0.296875 0.506944
26 0.725781 0.486111 0.725781 0.498611 0.726562 0.501389 0.728906 0.502778 0.726562 0.504167 0.725781 0.506944 0.725781 0.509722 0.727344 0.512500 0.727344 0.515278 0.729688 0.519444 0.733594 0.520833 0.735156 0.522222 0.735156 0.519444 0.735156 0.518056 0.736719 0.515278 0.735156 0.512500 0.735156 0.509722 0.732812 0.509722 0.728125 0.504167 0.730469 0.502778 0.732812 0.505556 0.735938 0.506944 0.739062 0.506944 0.739844 0.509722 0.740625 0.505556 0.742188 0.498611 0.743750 0.495833 0.744531 0.493056 0.744531 0.490278 0.746094 0.487500 0.744531 0.488889 0.743750 0.490278 0.736719 0.488889 0.735156 0.488889 0.728125 0.491667 0.726562 0.490278 0.725781 0.486111
26 0.530469 0.455556 0.527344 0.456944 0.525781 0.458333 0.524219 0.461111 0.522656 0.461111 0.521094 0.462500 0.520312 0.465278 0.522656 0.469444 0.523438 0.473611 0.525781 0.477778 0.526563 0.480556 0.528125 0.487500 0.528906 0.508333 0.531250 0.505556 0.535156 0.504167 0.542188 0.501389 0.549219 0.502778 0.546875 0.505556 0.545312 0.506944 0.539062 0.506944 0.532031 0.508333 0.530469 0.509722 0.529687 0.512500 0.529687 0.515278 0.533594 0.515278 0.536719 0.513889 0.542969 0.509722 0.546875 0.509722 0.550000 0.506944 0.553906 0.506944 0.557031 0.505556 0.559375 0.504167 0.562500 0.501389 0.560156 0.501389 0.559375 0.500000 0.557031 0.495833 0.558594 0.494444 0.558594 0.487500 0.560156 0.481944 0.559375 0.475000 0.554688 0.473611 0.550000 0.472222 0.542188 0.472222 0.537500 0.470833 0.532813 0.469444 0.530469 0.465278 0.529687 0.462500 0.529687 0.458333 0.530469 0.455556
26 0.308594 0.450000 0.314063 0.452778 0.323437 0.454167 0.325000 0.454167 0.328125 0.452778 0.328125 0.455556 0.329688 0.458333 0.335938 0.458333 0.337500 0.459722 0.337500 0.462500 0.333594 0.461111 0.332813 0.462500 0.328906 0.463889 0.332031 0.466667 0.334375 0.466667 0.335938 0.468056 0.335156 0.470833 0.333594 0.472222 0.329688 0.475000 0.325781 0.475000 0.322656 0.479167 0.321875 0.479167 0.320312 0.480556 0.319531 0.481944 0.319531 0.483333 0.317969 0.486111 0.317188 0.488889 0.316406 0.495833 0.312500 0.502778 0.311719 0.509722 0.310937 0.516667 0.310156 0.526389 0.310156 0.538889 0.308594 0.545833 0.297656 0.543056 0.293750 0.545833 0.288281 0.547222 0.275781 0.545833 0.269531 0.548611 0.267969 0.547222 0.266406 0.547222 0.264062 0.543056 0.262500 0.543056 0.256250 0.544444 0.249219 0.545833 0.250781 0.548611 0.253125 0.548611 0.250000 0.550000 0.249219 0.551389 0.242969 0.551389 0.240625 0.552778 0.239063 0.554167 0.235937 0.559722 0.234375 0.555556 0.232031 0.551389 0.229687 0.551389 0.221875 0.552778 0.219531 0.551389 0.217188 0.548611 0.211719 0.545833 0.208594 0.545833 0.205469 0.543056 0.200781 0.543056 0.199219 0.545833 0.201563 0.551389 0.203125 0.552778 0.204687 0.554167 0.210156 0.556944 0.211719 0.558333 0.213281 0.559722 0.214844 0.563889 0.212500 0.563889 0.212500 0.573611 0.214062 0.570833 0.214844 0.575000 0.216406 0.572222 0.217969 0.569444 0.220312 0.569444 0.221875 0.581944 0.221875 0.591667 0.221094 0.594444 0.214062 0.593056 0.212500 0.593056 0.208594 0.597222 0.207813 0.601389 0.209375 0.604167 0.209375 0.606944 0.210156 0.609722 0.212500 0.613889 0.214844 0.613889 0.221094 0.612500 0.225781 0.608333 0.228125 0.608333 0.230469 0.605556 0.236719 0.606944 0.246094 0.602778 0.253906 0.602778 0.257812 0.600000 0.264062 0.598611 0.273438 0.598611 0.275781 0.601389 0.279687 0.601389 0.281250 0.605556 0.282031 0.602778 0.283594 0.602778 0.289844 0.609722 0.292187 0.609722 0.297656 0.608333 0.296094 0.612500 0.294531 0.613889 0.286719 0.612500 0.285156 0.613889 0.286719 0.618056 0.287500 0.619444 0.289062 0.620833 0.292187 0.622222 0.286719 0.620833 0.279687 0.622222 0.275781 0.623611 0.264844 0.629167 0.260937 0.630556 0.253125 0.631944 0.250000 0.634722 0.246094 0.636111 0.244531 0.630556 0.239844 0.623611 0.235937 0.619444 0.233594 0.618056 0.231250 0.616667 0.226562 0.616667 0.224219 0.618056 0.221094 0.622222 0.219531 0.623611 0.216406 0.623611 0.214844 0.626389 0.214062 0.630556 0.206250 0.622222 0.203906 0.620833 0.202344 0.616667 0.200000 0.615278 0.200781 0.612500 0.199219 0.609722 0.199219 0.608333 0.197656 0.605556 0.194531 0.604167 0.192969 0.601389 0.191406 0.597222 0.189062 0.593056 0.187500 0.591667 0.185156 0.590278 0.180469 0.588889 0.173437 0.587500 0.152344 0.587500 0.147656 0.586111 0.144531 0.583333 0.135937 0.581944 0.131250 0.581944 0.120313 0.584722 0.108594 0.583333 0.103125 0.584722 0.100000 0.584722 0.100000 0.581944 0.096094 0.579167 0.091406 0.579167 0.089844 0.576389 0.086719 0.575000 0.082812 0.575000 0.078906 0.572222 0.075000 0.572222 0.074219 0.569444 0.070312 0.569444 0.067187 0.566667 0.063281 0.565278 0.059375 0.565278 0.052344 0.561111 0.047656 0.559722 0.042969 0.559722 0.038281 0.558333 0.035156 0.556944 0.032813 0.554167 0.028125 0.554167 0.024219 0.551389 0.021094 0.551389 0.021094 0.554167 0.018750 0.552778 0.017188 0.554167 0.016406 0.550000 0.015625 0.554167 0.011719 0.552778 0.010156 0.552778 0.009375 0.554167 0.006250 0.555556 0.001563 0.556944 0.000000 0.556944 0.000000 0.462500 0.009375 0.462500 0.013281 0.463889 0.015625 0.466667 0.021094 0.466667 0.024219 0.468056 0.027344 0.469444 0.029687 0.470833 0.032031 0.472222 0.033594 0.473611 0.035937 0.476389 0.039844 0.483333 0.041406 0.484722 0.048438 0.488889 0.054688 0.488889 0.060156 0.487500 0.064062 0.484722 0.068750 0.484722 0.075000 0.487500 0.089063 0.487500 0.091406 0.490278 0.094531 0.481944 0.097656 0.487500 0.097656 0.490278 0.099219 0.493056 0.100781 0.498611 0.100781 0.500000 0.099219 0.500000 0.099219 0.508333 0.102344 0.505556 0.103906 0.502778 0.101562 0.501389 0.100781 0.500000 0.100781 0.498611 0.101562 0.494444 0.103906 0.490278 0.105469 0.495833 0.105469 0.501389 0.107813 0.502778 0.109375 0.500000 0.110937 0.500000 0.111719 0.502778 0.113281 0.502778 0.116406 0.500000 0.118750 0.501389 0.121094 0.505556 0.122656 0.506944 0.126562 0.508333 0.128125 0.509722 0.130469 0.513889 0.132031 0.518056 0.132812 0.522222 0.135156 0.526389 0.135937 0.526389 0.137500 0.529167 0.137500 0.530556 0.142187 0.533333 0.147656 0.534722 0.158594 0.534722 0.171094 0.531944 0.189062 0.530556 0.192969 0.530556 0.198437 0.534722 0.201563 0.534722 0.204687 0.537500 0.207813 0.536111 0.212500 0.533333 0.217969 0.533333 0.231250 0.534722 0.233594 0.533333 0.235937 0.531944 0.242188 0.525000 0.242969 0.523611 0.242969 0.522222 0.243750 0.520833 0.245312 0.519444 0.247656 0.518056 0.249219 0.513889 0.254688 0.512500 0.262500 0.512500 0.267188 0.516667 0.270313 0.518056 0.273438 0.518056 0.274219 0.519444 0.276562 0.519444 0.278125 0.516667 0.277344 0.513889 0.278906 0.513889 0.278906 0.518056 0.280469 0.520833 0.282031 0.520833 0.289062 0.520833 0.292187 0.518056 0.293750 0.520833 0.296094 0.520833 0.297656 0.519444 0.300000 0.519444 0.299219 0.516667 0.300000 0.519444 0.303125 0.518056 0.304688 0.519444 0.306250 0.516667 0.303906 0.509722 0.303906 0.505556 0.303125 0.502778 0.300781 0.500000 0.297656 0.498611 0.295312 0.500000 0.289844 0.498611 0.284375 0.495833 0.277344 0.495833 0.264062 0.493056 0.263281 0.491667 0.256250 0.490278 0.250781 0.491667 0.248438 0.483333 0.248438 0.476389 0.246875 0.469444 0.247656 0.465278 0.246875 0.463889 0.246875 0.461111 0.248438 0.463889 0.248438 0.468056 0.250000 0.473611 0.250000 0.479167 0.250781 0.481944 0.253906 0.483333 0.254688 0.484722 0.256250 0.484722 0.260156 0.483333 0.260937 0.484722 0.264062 0.484722 0.267188 0.479167 0.268750 0.481944 0.272656 0.490278 0.279687 0.490278 0.281250 0.487500 0.285938 0.487500 0.294531 0.488889 0.296094 0.486111 0.296094 0.484722 0.298438 0.480556 0.299219 0.477778 0.298438 0.475000 0.300000 0.475000 0.300000 0.463889 0.303906 0.456944 0.304688 0.455556 0.306250 0.451389 0.308594 0.450000
26 0.525000 0.440278 0.522656 0.441667 0.520312 0.444444 0.517969 0.447222 0.517188 0.450000 0.515625 0.450000 0.520312 0.459722 0.522656 0.455556 0.525000 0.454167 0.526563 0.454167 0.525781 0.451389 0.527344 0.448611 0.534375 0.447222 0.532813 0.447222 0.530469 0.441667 0.528906 0.440278 0.525000 0.440278
26 0.351562 0.419444 0.350781 0.422222 0.349219 0.422222 0.346875 0.425000 0.347656 0.426389 0.346875 0.430556 0.348438 0.430556 0.349219 0.431944 0.353125 0.433333 0.354687 0.433333 0.356250 0.431944 0.360938 0.419444 0.358594 0.418056 0.353906 0.419444 0.351562 0.419444
27 0.778125 0.381944 0.777344 0.388889 0.778906 0.387500 0.780469 0.386111 0.782031 0.384722 0.779687 0.380556 0.778125 0.381944
27 0.999219 0.000000 0.999219 0.068056 0.996875 0.070833 0.996094 0.068056 0.995313 0.073611 0.992969 0.075000 0.992969 0.076389 0.991406 0.079167 0.989844 0.086111 0.989844 0.094444 0.986719 0.098611 0.985156 0.102778 0.984375 0.106944 0.983594 0.111111 0.985938 0.112500 0.987500 0.109722 0.988281 0.106944 0.989062 0.101389 0.988281 0.104167 0.988281 0.106944 0.987500 0.109722 0.985938 0.112500 0.985156 0.112500 0.984375 0.119444 0.983594 0.115278 0.982812 0.112500 0.981250 0.120833 0.978906 0.123611 0.977344 0.129167 0.978125 0.141667 0.979688 0.134722 0.980469 0.127778 0.980469 0.133333 0.979688 0.134722 0.979688 0.141667 0.978906 0.145833 0.977344 0.150000 0.977344 0.155556 0.976562 0.145833 0.975000 0.158333 0.975781 0.161111 0.977344 0.158333 0.977344 0.168056 0.978125 0.169444 0.978125 0.172222 0.977344 0.169444 0.976562 0.166667 0.975781 0.177778 0.976562 0.179167 0.977344 0.181944 0.978906 0.179167 0.978906 0.175000 0.979688 0.179167 0.981250 0.181944 0.981250 0.183333 0.982031 0.184722 0.982812 0.184722 0.984375 0.187500 0.982031 0.186111 0.978906 0.181944 0.977344 0.186111 0.978906 0.188889 0.978906 0.190278 0.979688 0.191667 0.980469 0.193056 0.982812 0.194444 0.982812 0.198611 0.985156 0.201389 0.984375 0.205556 0.982031 0.209722 0.979688 0.212500 0.978125 0.213889 0.974219 0.213889 0.972656 0.215278 0.970313 0.219444 0.968750 0.225000 0.969531 0.234722 0.967969 0.240278 0.969531 0.241667 0.968750 0.247222 0.966406 0.248611 0.964844 0.251389 0.965625 0.254167 0.963281 0.256944 0.962500 0.256944 0.961719 0.261111 0.960156 0.262500 0.959375 0.259722 0.954688 0.259722 0.952344 0.262500 0.950781 0.265278 0.955469 0.270833 0.952344 0.273611 0.951562 0.273611 0.952344 0.277778 0.953125 0.280556 0.953125 0.283333 0.952344 0.279167 0.950781 0.290278 0.949219 0.291667 0.947656 0.291667 0.945312 0.295833 0.943750 0.295833 0.942969 0.298611 0.938281 0.300000 0.935937 0.302778 0.931250 0.302778 0.925000 0.305556 0.921875 0.306944 0.920312 0.309722 0.918750 0.309722 0.913281 0.301389 0.912500 0.297222 0.909375 0.291667 0.907031 0.293056 0.906250 0.286111 0.907813 0.286111 0.907813 0.286111 0.907813 0.291667 0.909375 0.288889 0.907813 0.286111 0.907813 0.286111 0.905469 0.283333 0.901563 0.284722 0.899219 0.287500 0.900000 0.288889 0.898438 0.293056 0.897656 0.290278 0.896094 0.291667 0.894531 0.294444 0.894531 0.295833 0.893750 0.300000 0.892188 0.301389 0.891406 0.304167 0.890625 0.308333 0.889844 0.315278 0.889844 0.320833 0.888281 0.320833 0.887500 0.330556 0.885938 0.331944 0.884375 0.333333 0.882812 0.334722 0.873437 0.334722 0.871875 0.334722 0.870313 0.331944 0.867969 0.334722 0.867188 0.331944 0.864844 0.330556 0.860938 0.333333 0.853125 0.333333 0.857031 0.334722 0.853125 0.334722 0.853125 0.334722 0.850000 0.333333 0.849219 0.336111 0.851562 0.336111 0.853125 0.334722 0.853125 0.334722 0.851562 0.337500 0.851562 0.340278 0.850781 0.343056 0.849219 0.344444 0.849219 0.340278 0.847656 0.343056 0.847656 0.345833 0.846094 0.345833 0.842969 0.348611 0.842969 0.351389 0.828906 0.351389 0.827344 0.351389 0.825781 0.352778 0.825000 0.356944 0.824219 0.359722 0.817187 0.365278 0.813281 0.365278 0.812500 0.368056 0.810156 0.369444 0.809375 0.366667 0.807031 0.368056 0.805469 0.368056 0.806250 0.363889 0.804688 0.361111 0.803906 0.361111 0.805469 0.361111 0.806250 0.356944 0.802344 0.354167 0.799219 0.354167 0.796094 0.355556 0.794531 0.358333 0.796094 0.361111 0.797656 0.358333 0.803906 0.361111 0.804688 0.361111 0.803906 0.369444 0.803906 0.366667 0.803125 0.365278 0.803125 0.362500 0.798438 0.361111 0.797656 0.365278 0.796094 0.366667 0.796875 0.372222 0.796094 0.373611 0.795312 0.376389 0.794531 0.369444 0.792969 0.373611 0.793750 0.377778 0.792188 0.379167 0.789844 0.380556 0.787500 0.381944 0.785156 0.381944 0.785937 0.379167 0.783594 0.376389 0.784375 0.372222 0.778906 0.370833 0.778125 0.376389 0.776563 0.379167 0.776563 0.384722 0.775781 0.386111 0.775781 0.388889 0.773438 0.390278 0.773438 0.393056 0.771875 0.393056 0.769531 0.393056 0.768750 0.387500 0.769531 0.390278 0.771094 0.393056 0.772656 0.390278 0.771875 0.387500 0.771875 0.384722 0.765625 0.383333 0.763281 0.381944 0.761719 0.380556 0.759375 0.376389 0.757031 0.375000 0.756250 0.370833 0.754687 0.368056 0.750000 0.361111 0.750000 0.358333 0.744531 0.358333 0.742969 0.355556 0.741406 0.355556 0.738281 0.362500 0.733594 0.372222 0.732031 0.373611 0.728906 0.375000 0.724219 0.383333 0.724219 0.387500 0.722656 0.391667 0.724219 0.394444 0.725000 0.397222 0.723437 0.398611 0.724219 0.401389 0.721094 0.402778 0.720313 0.406944 0.720313 0.409722 0.719531 0.406944 0.718750 0.404167 0.717187 0.404167 0.715625 0.402778 0.714063 0.400000 0.714063 0.398611 0.712500 0.395833 0.706250 0.386111 0.704688 0.379167 0.701562 0.373611 0.700000 0.373611 0.696094 0.377778 0.692969 0.383333 0.691406 0.384722 0.688281 0.386111 0.685937 0.391667 0.682813 0.387500 0.678906 0.379167 0.677344 0.377778 0.675781 0.377778 0.674219 0.376389 0.672656 0.370833 0.673438 0.368056 0.671094 0.366667 0.670312 0.362500 0.666406 0.359722 0.663281 0.358333 0.657813 0.361111 0.653125 0.358333 0.651563 0.359722 0.649219 0.361111 0.645312 0.361111 0.642969 0.359722 0.639062 0.361111 0.635156 0.361111 0.632812 0.365278 0.628906 0.369444 0.625781 0.370833 0.621094 0.370833 0.618750 0.372222 0.614844 0.377778 0.610938 0.380556 0.608594 0.381944 0.608594 0.383333 0.607031 0.387500 0.605469 0.388889 0.603906 0.390278 0.602344 0.388889 0.601562 0.391667 0.600000 0.388889 0.598437 0.388889 0.596094 0.393056 0.596875 0.398611 0.593750 0.398611 0.593750 0.401389 0.592969 0.398611 0.590625 0.401389 0.590625 0.405556 0.592187 0.406944 0.591406 0.409722 0.590625 0.395833 0.592187 0.379167 0.592969 0.365278 0.592969 0.358333 0.596875 0.356944 0.598437 0.359722 0.599219 0.355556 0.597656 0.352778 0.596875 0.356944 0.592969 0.358333 0.589844 0.369444 0.589063 0.384722 0.589063 0.405556 0.588281 0.406944 0.587500 0.411111 0.588281 0.408333 0.587500 0.404167 0.585156 0.406944 0.583594 0.409722 0.581250 0.409722 0.581250 0.406944 0.578125 0.406944 0.577344 0.404167 0.574219 0.404167 0.570312 0.400000 0.567187 0.394444 0.567187 0.393056 0.564844 0.388889 0.561719 0.388889 0.560156 0.387500 0.553125 0.380556 0.552344 0.377778 0.550781 0.376389 0.544531 0.372222 0.541406 0.372222 0.539062 0.370833 0.536719 0.369444 0.535156 0.368056 0.533594 0.365278 0.532031 0.365278 0.530469 0.361111 0.529687 0.356944 0.528125 0.354167 0.524219 0.352778 0.521094 0.347222 0.518750 0.345833 0.514062 0.344444 0.510156 0.340278 0.507812 0.338889 0.507812 0.337500 0.506250 0.334722 0.502344 0.334722 0.500000 0.333333 0.498437 0.331944 0.496875 0.330556 0.495312 0.327778 0.493750 0.326389 0.492188 0.326389 0.490625 0.323611 0.489063 0.322222 0.486719 0.320833 0.482812 0.322222 0.476562 0.320833 0.475000 0.319444 0.474219 0.315278 0.473438 0.318056 0.470313 0.313889 0.467969 0.309722 0.467187 0.311111 0.464062 0.306944 0.461719 0.306944 0.460156 0.305556 0.457031 0.302778 0.455469 0.298611 0.452344 0.298611 0.450781 0.295833 0.449219 0.295833 0.447656 0.293056 0.444531 0.291667 0.440625 0.291667 0.437500 0.290278 0.431250 0.284722 0.426563 0.277778 0.421875 0.270833 0.421094 0.269444 0.418750 0.263889 0.413281 0.256944 0.411719 0.255556 0.405469 0.255556 0.403125 0.254167 0.400781 0.254167 0.401562 0.248611 0.400781 0.247222 0.400781 0.244444 0.402344 0.243056 0.401562 0.234722 0.403125 0.227778 0.402344 0.218056 0.403906 0.211111 0.403906 0.202778 0.403125 0.200000 0.404687 0.200000 0.404687 0.184722 0.406250 0.170833 0.407031 0.158333 0.407031 0.150000 0.406250 0.148611 0.406250 0.145833 0.407031 0.150000 0.408594 0.140278 0.409375 0.131944 0.410156 0.118056 0.410156 0.098611 0.409375 0.095833 0.410938 0.095833 0.410938 0.087500 0.410156 0.086111 0.410156 0.081944 0.410938 0.087500 0.412500 0.073611 0.412500 0.055556 0.413281 0.044444 0.414062 0.040278 0.416406 0.033333 0.417187 0.023611 0.417187 0.013889 0.417969 0.004167 0.418750 0.002778 0.418750 0.000000 0.999219 0.000000
27 0.408594 0.000000 0.408594 0.002778 0.406250 0.016667 0.406250 0.020833 0.407031 0.025000 0.405469 0.036111 0.405469 0.048611 0.403906 0.054167 0.404687 0.059722 0.403906 0.070833 0.402344 0.077778 0.403125 0.083333 0.402344 0.098611 0.400781 0.104167 0.401562 0.109722 0.400781 0.120833 0.400000 0.131944 0.398438 0.140278 0.399219 0.143056 0.397656 0.151389 0.398438 0.154167 0.398438 0.156944 0.396875 0.162500 0.397656 0.168056 0.396094 0.175000 0.396875 0.177778 0.396094 0.191667 0.395313 0.204167 0.393750 0.227778 0.392969 0.238889 0.392188 0.248611 0.391406 0.254167 0.389062 0.255556 0.390625 0.255556 0.390625 0.248611 0.389062 0.252778 0.389062 0.247222 0.387500 0.244444 0.386719 0.238889 0.385937 0.236111 0.383594 0.231944 0.382812 0.229167 0.382812 0.226389 0.379688 0.220833 0.378125 0.212500 0.377344 0.209722 0.376563 0.208333 0.375781 0.208333 0.375000 0.206944 0.374219 0.204167 0.373437 0.200000 0.375000 0.198611 0.371094 0.195833 0.364844 0.194444 0.360938 0.194444 0.360156 0.195833 0.357812 0.193056 0.354687 0.193056 0.351562 0.194444 0.350781 0.197222 0.349219 0.198611 0.345313 0.191667 0.327344 0.188889 0.322656 0.190278 0.327344 0.193056 0.345313 0.191667 0.349219 0.198611 0.336719 0.195833 0.312500 0.195833 0.315625 0.190278 0.311719 0.187500 0.296875 0.187500 0.287500 0.186111 0.284375 0.180556 0.280469 0.176389 0.278906 0.172222 0.277344 0.170833 0.275000 0.170833 0.272656 0.168056 0.269531 0.165278 0.267188 0.162500 0.261719 0.152778 0.258594 0.151389 0.255469 0.145833 0.253125 0.144444 0.250000 0.140278 0.249219 0.138889 0.248438 0.134722 0.247656 0.133333 0.246094 0.131944 0.244531 0.131944 0.239844 0.123611 0.236719 0.122222 0.233594 0.116667 0.229687 0.112500 0.225781 0.109722 0.220312 0.102778 0.217969 0.097222 0.216406 0.094444 0.214062 0.091667 0.208594 0.086111 0.204687 0.081944 0.200781 0.075000 0.199219 0.073611 0.194531 0.072222 0.186719 0.070833 0.170313 0.069444 0.164844 0.070833 0.152344 0.068056 0.127344 0.069444 0.125781 0.069444 0.118750 0.068056 0.114062 0.063889 0.107813 0.056944 0.106250 0.054167 0.104688 0.055556 0.103125 0.054167 0.096875 0.047222 0.094531 0.044444 0.090625 0.037500 0.088281 0.037500 0.084375 0.033333 0.081250 0.030556 0.076563 0.023611 0.074219 0.020833 0.070312 0.018056 0.066406 0.012500 0.063281 0.011111 0.061719 0.009722 0.060156 0.005556 0.057813 0.004167 0.056250 0.002778 0.056250 0.000000 0.408594 0.000000
2 0.996094 0.616667 0.992188 0.618056 0.980469 0.622222 0.977344 0.623611 0.972656 0.631944 0.970313 0.637500 0.967187 0.648611 0.965625 0.658333 0.964844 0.662500 0.960938 0.669444 0.960156 0.681944 0.960156 0.684722 0.960938 0.697222 0.962500 0.702778 0.963281 0.720833 0.964844 0.727778 0.964844 0.734722 0.965625 0.740278 0.967187 0.745833 0.970313 0.755556 0.971094 0.759722 0.975000 0.766667 0.977344 0.769444 0.981250 0.773611 0.983594 0.775000 0.987500 0.776389 0.999219 0.776389 0.999219 0.616667 0.996094 0.616667
2 0.556250 0.441667 0.553906 0.444444 0.546094 0.445833 0.541406 0.444444 0.539062 0.444444 0.536719 0.445833 0.535156 0.447222 0.533594 0.450000 0.532813 0.450000 0.532031 0.451389 0.531250 0.454167 0.530469 0.458333 0.530469 0.462500 0.531250 0.465278 0.532813 0.468056 0.536719 0.468056 0.542188 0.470833 0.550000 0.470833 0.555469 0.473611 0.559375 0.473611 0.560937 0.476389 0.560937 0.481944 0.559375 0.487500 0.560156 0.500000 0.564063 0.501389 0.568750 0.501389 0.584375 0.501389 0.588281 0.500000 0.589063 0.501389 0.592187 0.501389 0.596094 0.498611 0.596875 0.495833 0.597656 0.487500 0.598437 0.490278 0.600000 0.493056 0.601562 0.494444 0.607031 0.494444 0.608594 0.493056 0.611719 0.487500 0.614844 0.487500 0.621094 0.483333 0.622656 0.481944 0.625000 0.475000 0.621875 0.468056 0.620313 0.465278 0.617969 0.462500 0.615625 0.461111 0.612500 0.459722 0.608594 0.459722 0.605469 0.454167 0.603906 0.452778 0.596875 0.448611 0.590625 0.448611 0.589063 0.450000 0.587500 0.451389 0.585156 0.455556 0.574219 0.455556 0.571094 0.451389 0.568750 0.450000 0.566406 0.450000 0.563281 0.448611 0.559375 0.443056 0.556250 0.441667
2 0.801562 0.440278 0.807031 0.441667 0.811719 0.444444 0.821875 0.444444 0.825000 0.445833 0.828125 0.447222 0.830469 0.448611 0.832812 0.451389 0.834375 0.454167 0.835156 0.456944 0.835938 0.461111 0.836719 0.466667 0.836719 0.472222 0.839844 0.486111 0.840625 0.493056 0.841406 0.508333 0.840625 0.516667 0.839063 0.523611 0.839063 0.530556 0.838281 0.537500 0.836719 0.541667 0.833594 0.548611 0.831250 0.556944 0.830469 0.563889 0.830469 0.570833 0.829688 0.573611 0.817969 0.575000 0.816406 0.572222 0.815625 0.569444 0.815625 0.566667 0.814844 0.563889 0.813281 0.559722 0.811719 0.556944 0.810156 0.555556 0.804688 0.555556 0.802344 0.556944 0.798438 0.565278 0.795312 0.568056 0.792188 0.568056 0.790625 0.566667 0.788281 0.562500 0.788281 0.561111 0.785156 0.555556 0.782813 0.552778 0.781250 0.551389 0.778906 0.551389 0.775000 0.547222 0.772656 0.548611 0.771094 0.550000 0.764844 0.561111 0.763281 0.562500 0.759375 0.561111 0.756250 0.554167 0.755469 0.552778 0.753906 0.551389 0.751563 0.550000 0.749219 0.552778 0.746094 0.552778 0.741406 0.550000 0.739844 0.548611 0.739062 0.547222 0.738281 0.544444 0.736719 0.538889 0.736719 0.523611 0.737500 0.519444 0.741406 0.508333 0.742969 0.498611 0.744531 0.495833 0.745313 0.493056 0.746094 0.488889 0.736719 0.487500 0.735156 0.487500 0.728125 0.490278 0.726562 0.488889 0.725781 0.484722 0.725781 0.502778 0.725000 0.508333 0.724219 0.509722 0.724219 0.512500 0.715625 0.512500 0.712500 0.511111 0.709375 0.508333 0.699219 0.508333 0.695312 0.506944 0.693750 0.505556 0.692187 0.502778 0.692187 0.500000 0.692969 0.498611 0.692187 0.493056 0.689844 0.497222 0.682813 0.497222 0.681250 0.495833 0.678906 0.491667 0.677344 0.490278 0.672656 0.490278 0.670312 0.488889 0.665625 0.481944 0.667188 0.476389 0.669531 0.472222 0.673438 0.465278 0.675781 0.462500 0.688281 0.463889 0.690625 0.462500 0.692187 0.459722 0.696875 0.459722 0.698438 0.461111 0.701562 0.466667 0.701562 0.469444 0.700000 0.472222 0.700000 0.473611 0.698438 0.476389 0.699219 0.479167 0.700781 0.476389 0.700000 0.473611 0.700000 0.472222 0.700781 0.475000 0.705469 0.470833 0.710938 0.469444 0.713281 0.469444 0.720313 0.470833 0.723437 0.472222 0.725000 0.475000 0.725781 0.479167 0.726562 0.475000 0.728125 0.472222 0.732031 0.472222 0.735156 0.468056 0.742188 0.466667 0.746875 0.466667 0.747656 0.468056 0.750781 0.468056 0.751563 0.473611 0.753125 0.470833 0.754687 0.465278 0.757812 0.459722 0.757812 0.458333 0.760156 0.454167 0.761719 0.452778 0.763281 0.451389 0.767188 0.451389 0.769531 0.447222 0.774219 0.443056 0.776563 0.441667 0.780469 0.440278 0.801562 0.440278
2 0.382812 0.405556 0.379688 0.406944 0.376563 0.408333 0.375000 0.409722 0.372656 0.413889 0.368750 0.416667 0.366406 0.419444 0.360938 0.429167 0.357031 0.433333 0.354687 0.437500 0.354687 0.438889 0.351562 0.445833 0.345313 0.456944 0.344531 0.456944 0.337500 0.469444 0.335156 0.472222 0.333594 0.473611 0.329688 0.476389 0.325781 0.476389 0.320312 0.481944 0.318750 0.486111 0.317969 0.488889 0.317188 0.495833 0.313281 0.502778 0.312500 0.509722 0.311719 0.516667 0.310937 0.526389 0.310937 0.538889 0.309375 0.544444 0.308594 0.555556 0.308594 0.569444 0.309375 0.575000 0.310156 0.579167 0.311719 0.586111 0.313281 0.590278 0.315625 0.594444 0.317969 0.597222 0.321875 0.600000 0.335938 0.600000 0.341406 0.595833 0.346094 0.597222 0.348438 0.594444 0.353125 0.586111 0.357812 0.586111 0.360938 0.583333 0.365625 0.584722 0.367188 0.581944 0.372656 0.581944 0.376563 0.576389 0.380469 0.576389 0.384375 0.579167 0.388281 0.577778 0.394531 0.577778 0.396094 0.577778 0.400781 0.581944 0.404687 0.580556 0.408594 0.581944 0.412500 0.583333 0.415625 0.584722 0.421094 0.594444 0.422656 0.595833 0.425781 0.597222 0.427344 0.598611 0.428125 0.600000 0.428906 0.604167 0.431250 0.608333 0.433594 0.609722 0.442969 0.609722 0.445312 0.606944 0.447656 0.601389 0.448437 0.601389 0.450781 0.597222 0.452344 0.593056 0.453125 0.584722 0.453906 0.581944 0.459375 0.572222 0.462500 0.569444 0.466406 0.570833 0.467969 0.572222 0.474219 0.580556 0.475781 0.581944 0.478125 0.583333 0.482812 0.583333 0.484375 0.581944 0.485938 0.580556 0.486719 0.572222 0.487500 0.568056 0.489063 0.565278 0.489844 0.562500 0.490625 0.556944 0.491406 0.548611 0.492969 0.555556 0.495312 0.556944 0.500781 0.562500 0.502344 0.562500 0.503125 0.561111 0.505469 0.561111 0.507812 0.559722 0.513281 0.554167 0.516406 0.552778 0.521094 0.552778 0.525000 0.550000 0.525000 0.544444 0.526563 0.540278 0.527344 0.530556 0.528125 0.513889 0.528125 0.508333 0.527344 0.487500 0.525781 0.480556 0.525000 0.477778 0.522656 0.473611 0.521875 0.469444 0.519531 0.465278 0.518750 0.461111 0.517188 0.456944 0.514062 0.451389 0.510156 0.445833 0.507031 0.444444 0.501563 0.444444 0.493750 0.440278 0.484375 0.440278 0.483594 0.447222 0.482812 0.441667 0.480469 0.436111 0.475781 0.427778 0.474219 0.422222 0.471875 0.419444 0.469531 0.418056 0.465625 0.411111 0.464062 0.409722 0.462500 0.408333 0.457813 0.406944 0.450000 0.406944 0.449219 0.408333 0.441406 0.408333 0.428125 0.405556 0.420312 0.405556 0.404687 0.406944 0.399219 0.406944 0.382812 0.405556
2 0.157031 0.355556 0.156250 0.375000 0.156250 0.379167 0.157031 0.384722 0.158594 0.388889 0.161719 0.395833 0.164062 0.398611 0.166406 0.400000 0.167187 0.402778 0.167187 0.419444 0.166406 0.422222 0.164062 0.423611 0.160938 0.426389 0.158594 0.427778 0.154688 0.434722 0.152344 0.434722 0.151562 0.433333 0.149219 0.433333 0.146875 0.436111 0.144531 0.436111 0.142187 0.433333 0.140625 0.436111 0.136719 0.440278 0.135156 0.440278 0.133594 0.438889 0.132031 0.436111 0.130469 0.434722 0.125781 0.434722 0.121875 0.433333 0.117969 0.431944 0.117188 0.431944 0.115625 0.440278 0.114062 0.441667 0.112500 0.445833 0.112500 0.448611 0.113281 0.455556 0.111719 0.459722 0.111719 0.469444 0.109375 0.473611 0.108594 0.486111 0.109375 0.494444 0.110937 0.494444 0.114844 0.498611 0.118750 0.500000 0.121094 0.504167 0.122656 0.505556 0.126562 0.506944 0.128125 0.508333 0.131250 0.513889 0.132812 0.518056 0.133594 0.522222 0.135156 0.525000 0.138281 0.530556 0.141406 0.530556 0.142187 0.531944 0.147656 0.533333 0.158594 0.533333 0.171094 0.530556 0.189062 0.529167 0.192969 0.529167 0.198437 0.533333 0.201563 0.533333 0.204687 0.536111 0.207813 0.534722 0.212500 0.531944 0.217969 0.531944 0.231250 0.533333 0.233594 0.531944 0.235937 0.530556 0.238281 0.527778 0.240625 0.525000 0.242188 0.523611 0.243750 0.519444 0.246094 0.518056 0.247656 0.516667 0.248438 0.515278 0.248438 0.513889 0.250000 0.511111 0.250000 0.502778 0.250781 0.498611 0.251563 0.495833 0.250781 0.493056 0.247656 0.483333 0.247656 0.476389 0.246875 0.470833 0.245312 0.465278 0.244531 0.461111 0.240625 0.454167 0.235156 0.447222 0.233594 0.445833 0.230469 0.444444 0.226562 0.440278 0.223438 0.434722 0.221875 0.433333 0.220312 0.433333 0.218750 0.431944 0.216406 0.427778 0.212500 0.427778 0.210156 0.423611 0.208594 0.422222 0.204687 0.420833 0.203125 0.418056 0.200000 0.411111 0.198437 0.405556 0.196875 0.404167 0.195312 0.404167 0.190625 0.397222 0.185938 0.393056 0.181250 0.386111 0.178906 0.381944 0.177344 0.377778 0.177344 0.376389 0.176563 0.375000 0.175000 0.373611 0.173437 0.373611 0.168750 0.366667 0.167969 0.359722 0.169531 0.356944 0.167187 0.356944 0.166406 0.355556 0.159375 0.354167 0.157031 0.355556
2 0.013281 0.281944 0.017188 0.284722 0.011719 0.338889 0.008594 0.340278 0.007812 0.343056 0.009375 0.345833 0.013281 0.345833 0.013281 0.340278 0.011719 0.338889 0.017188 0.284722 0.022656 0.286111 0.029687 0.286111 0.034375 0.290278 0.037500 0.291667 0.040625 0.291667 0.046094 0.295833 0.049219 0.297222 0.053125 0.297222 0.057031 0.298611 0.060156 0.300000 0.061719 0.302778 0.063281 0.304167 0.066406 0.305556 0.071094 0.305556 0.075781 0.308333 0.082031 0.308333 0.085156 0.309722 0.089844 0.312500 0.092188 0.313889 0.093750 0.315278 0.093750 0.319444 0.092969 0.323611 0.091406 0.327778 0.090625 0.347222 0.090625 0.359722 0.092188 0.365278 0.092188 0.372222 0.094531 0.383333 0.095312 0.391667 0.096094 0.397222 0.099219 0.401389 0.099219 0.404167 0.100000 0.405556 0.100000 0.412500 0.103906 0.419444 0.104688 0.422222 0.104688 0.425000 0.104688 0.445833 0.103906 0.454167 0.102344 0.459722 0.102344 0.469444 0.100781 0.473611 0.100000 0.477778 0.098437 0.479167 0.093750 0.481944 0.091406 0.488889 0.089063 0.486111 0.075000 0.486111 0.068750 0.483333 0.064062 0.483333 0.060156 0.486111 0.054688 0.487500 0.048438 0.487500 0.041406 0.483333 0.039844 0.481944 0.035937 0.475000 0.033594 0.472222 0.032031 0.470833 0.029687 0.469444 0.027344 0.468056 0.024219 0.466667 0.021094 0.465278 0.015625 0.465278 0.013281 0.462500 0.009375 0.461111 0.000000 0.461111 0.000000 0.283333 0.001563 0.283333 0.002344 0.281944 0.005469 0.280556 0.013281 0.281944
3 0.913281 0.452778 0.905469 0.454167 0.900000 0.455556 0.896094 0.456944 0.891406 0.458333 0.889062 0.463889 0.883594 0.465278 0.880469 0.468056 0.877344 0.472222 0.875781 0.472222 0.874219 0.475000 0.871875 0.476389 0.860156 0.476389 0.857031 0.479167 0.846875 0.479167 0.842969 0.481944 0.842187 0.490278 0.841406 0.502778 0.841406 0.529167 0.841406 0.531944 0.842969 0.534722 0.842969 0.536111 0.843750 0.537500 0.844531 0.537500 0.846875 0.537500 0.849219 0.536111 0.857031 0.536111 0.860156 0.541667 0.862500 0.543056 0.864844 0.544444 0.871094 0.544444 0.872656 0.544444 0.875000 0.540278 0.879687 0.538889 0.886719 0.538889 0.889844 0.537500 0.891406 0.534722 0.896094 0.533333 0.897656 0.530556 0.899219 0.529167 0.913281 0.530556 0.917969 0.530556 0.953906 0.527778 0.959375 0.527778 0.964844 0.529167 0.966406 0.530556 0.969531 0.536111 0.971875 0.536111 0.974219 0.534722 0.978125 0.530556 0.982031 0.530556 0.983594 0.527778 0.985156 0.526389 0.989844 0.526389 0.993750 0.525000 0.995313 0.523611 0.997656 0.519444 0.999219 0.519444 0.999219 0.473611 0.992969 0.472222 0.985938 0.472222 0.977344 0.473611 0.974219 0.476389 0.960156 0.475000 0.950000 0.477778 0.938281 0.477778 0.936719 0.476389 0.933594 0.472222 0.932813 0.470833 0.930469 0.465278 0.929688 0.462500 0.929688 0.454167 0.928125 0.452778 0.913281 0.452778
