23 0.986719 0.808333 0.985938 0.809722 0.984375 0.809722 0.984375 0.813889 0.985156 0.816667 0.987500 0.820833 0.989844 0.822222 0.992969 0.820833 0.995313 0.818056 0.997656 0.818056 0.999219 0.816667 0.999219 0.811111 0.995313 0.811111 0.992969 0.808333 0.986719 0.808333
23 0.987500 0.797222 0.992969 0.798611 0.999219 0.797222 0.996875 0.797222 0.996094 0.795833 0.987500 0.797222
23 0.387500 0.729167 0.385937 0.729167 0.384375 0.730556 0.383594 0.733333 0.383594 0.736111 0.381250 0.738889 0.381250 0.743056 0.382031 0.745833 0.383594 0.748611 0.383594 0.755556 0.382812 0.758333 0.383594 0.754167 0.385156 0.750000 0.388281 0.744444 0.389844 0.738889 0.392969 0.733333 0.393750 0.730556 0.392969 0.727778 0.389062 0.727778 0.387500 0.729167
23 0.777344 0.718056 0.781250 0.722222 0.786719 0.722222 0.789844 0.719444 0.796875 0.718056 0.803125 0.718056 0.806250 0.720833 0.811719 0.720833 0.812500 0.718056 0.814844 0.718056 0.814063 0.722222 0.812500 0.725000 0.817187 0.725000 0.816406 0.726389 0.814063 0.731944 0.814063 0.734722 0.816406 0.734722 0.817187 0.731944 0.817969 0.729167 0.816406 0.726389 0.817187 0.725000 0.817187 0.723611 0.821094 0.722222 0.830469 0.723611 0.834375 0.720833 0.830469 0.718056 0.825000 0.718056 0.843750 0.719444 0.851562 0.718056 0.853125 0.718056 0.858594 0.719444 0.860156 0.722222 0.860938 0.727778 0.861719 0.741667 0.861719 0.775000 0.860156 0.779167 0.860938 0.781944 0.860938 0.804167 0.860156 0.806944 0.851562 0.806944 0.846094 0.805556 0.845313 0.802778 0.848437 0.804167 0.850000 0.801389 0.849219 0.794444 0.848437 0.791667 0.847656 0.788889 0.845313 0.786111 0.844531 0.781944 0.842187 0.780556 0.840625 0.777778 0.841406 0.776389 0.839844 0.773611 0.839063 0.773611 0.838281 0.766667 0.835156 0.768056 0.833594 0.772222 0.832031 0.772222 0.833594 0.770833 0.835156 0.768056 0.833594 0.765278 0.831250 0.765278 0.829688 0.768056 0.827344 0.768056 0.827344 0.772222 0.825000 0.773611 0.824219 0.780556 0.822656 0.790278 0.821875 0.794444 0.821094 0.797222 0.818750 0.800000 0.817969 0.797222 0.817187 0.801389 0.814844 0.802778 0.813281 0.805556 0.808594 0.805556 0.803125 0.802778 0.792969 0.801389 0.779687 0.801389 0.778906 0.801389 0.777344 0.797222 0.776563 0.801389 0.778906 0.801389 0.779687 0.801389 0.777344 0.805556 0.777344 0.811111 0.777344 0.802778 0.776563 0.791667 0.775000 0.784722 0.774219 0.759722 0.773438 0.754167 0.772656 0.751389 0.770312 0.745833 0.767969 0.738889 0.764844 0.731944 0.767969 0.727778 0.770312 0.726389 0.775000 0.726389 0.774219 0.718056 0.777344 0.718056
24 0.290625 0.623611 0.289844 0.626389 0.289844 0.634722 0.288281 0.643056 0.288281 0.690278 0.286719 0.706944 0.286719 0.731944 0.285938 0.748611 0.285156 0.761111 0.282813 0.772222 0.282031 0.784722 0.282031 0.802778 0.283594 0.804167 0.285938 0.805556 0.292187 0.804167 0.292969 0.801389 0.292969 0.777778 0.292187 0.776389 0.291406 0.772222 0.290625 0.762500 0.291406 0.752778 0.292969 0.745833 0.293750 0.731944 0.292969 0.725000 0.293750 0.708333 0.295312 0.704167 0.295312 0.697222 0.296875 0.688889 0.297656 0.684722 0.300781 0.680556 0.300000 0.672222 0.298438 0.672222 0.298438 0.655556 0.299219 0.654167 0.300000 0.634722 0.299219 0.625000 0.296094 0.623611 0.290625 0.623611
24 0.301563 0.541667 0.300781 0.548611 0.297656 0.552778 0.298438 0.558333 0.295312 0.563889 0.294531 0.573611 0.294531 0.576389 0.294531 0.587500 0.295312 0.602778 0.296875 0.604167 0.299219 0.604167 0.300000 0.601389 0.300781 0.594444 0.300000 0.577778 0.299219 0.575000 0.300000 0.569444 0.300781 0.566667 0.299219 0.568056 0.298438 0.563889 0.300000 0.563889 0.300781 0.558333 0.302344 0.556944 0.304688 0.551389 0.304688 0.548611 0.302344 0.545833 0.301563 0.541667
24 0.296875 0.534722 0.298438 0.537500 0.296875 0.541667 0.296875 0.541667 0.297656 0.537500 0.295312 0.538889 0.296875 0.541667 0.296875 0.541667 0.295312 0.540278 0.296875 0.534722
29 0.484375 0.534722 0.482812 0.536111 0.480469 0.540278 0.479687 0.543056 0.479687 0.558333 0.480469 0.561111 0.482031 0.562500 0.484375 0.563889 0.485938 0.563889 0.486719 0.562500 0.489063 0.562500 0.490625 0.561111 0.492969 0.556944 0.493750 0.554167 0.494531 0.548611 0.494531 0.541667 0.492969 0.537500 0.491406 0.536111 0.489844 0.534722 0.484375 0.534722
29 0.878125 0.455556 0.877344 0.458333 0.876563 0.463889 0.876563 0.469444 0.877344 0.470833 0.876563 0.479167 0.876563 0.483333 0.877344 0.502778 0.878125 0.506944 0.879687 0.509722 0.886719 0.509722 0.889062 0.508333 0.890625 0.506944 0.892188 0.504167 0.891406 0.497222 0.887500 0.495833 0.889062 0.494444 0.890625 0.491667 0.890625 0.477778 0.892188 0.470833 0.892188 0.466667 0.889844 0.461111 0.886719 0.456944 0.884375 0.454167 0.878125 0.455556
30 0.290625 0.602778 0.282813 0.604167 0.281250 0.605556 0.280469 0.606944 0.279687 0.609722 0.279687 0.620833 0.281250 0.622222 0.285156 0.622222 0.285938 0.623611 0.289062 0.623611 0.296875 0.623611 0.300781 0.623611 0.303125 0.622222 0.304688 0.620833 0.306250 0.615278 0.306250 0.612500 0.305469 0.609722 0.303906 0.606944 0.302344 0.605556 0.296875 0.605556 0.292187 0.602778 0.290625 0.602778
30 0.356250 0.529167 0.353906 0.530556 0.352344 0.531944 0.350781 0.534722 0.350000 0.540278 0.350000 0.551389 0.350781 0.554167 0.352344 0.556944 0.353906 0.558333 0.368750 0.558333 0.378906 0.561111 0.391406 0.562500 0.392969 0.562500 0.400000 0.562500 0.407031 0.561111 0.408594 0.558333 0.409375 0.550000 0.409375 0.537500 0.405469 0.530556 0.403906 0.529167 0.400781 0.529167 0.378125 0.530556 0.375781 0.530556 0.356250 0.529167
30 0.907031 0.470833 0.896094 0.472222 0.893750 0.473611 0.892188 0.475000 0.891406 0.477778 0.891406 0.491667 0.888281 0.495833 0.891406 0.495833 0.892969 0.498611 0.892969 0.504167 0.890625 0.508333 0.889844 0.516667 0.890625 0.522222 0.892188 0.525000 0.897656 0.526389 0.909375 0.527778 0.921094 0.527778 0.930469 0.526389 0.932813 0.522222 0.932813 0.488889 0.932031 0.481944 0.929688 0.477778 0.927344 0.476389 0.923438 0.473611 0.918750 0.472222 0.910156 0.470833 0.907031 0.470833
20 0.315625 0.804167 0.310156 0.806944 0.317969 0.809722 0.320312 0.806944 0.325000 0.805556 0.323437 0.804167 0.315625 0.804167
20 0.777344 0.798611 0.776563 0.802778 0.778125 0.801389 0.777344 0.798611
20 0.834375 0.768056 0.832812 0.769444 0.831250 0.772222 0.833594 0.773611 0.836719 0.772222 0.837500 0.766667 0.837500 0.772222 0.839844 0.775000 0.839844 0.777778 0.842187 0.781944 0.844531 0.783333 0.844531 0.786111 0.846094 0.787500 0.846875 0.788889 0.847656 0.791667 0.848437 0.794444 0.849219 0.800000 0.846875 0.802778 0.846094 0.806944 0.851562 0.808333 0.860156 0.808333 0.860938 0.805556 0.861719 0.806944 0.858594 0.809722 0.871875 0.809722 0.866406 0.806944 0.861719 0.806944 0.860938 0.805556 0.862500 0.804167 0.864844 0.806944 0.868750 0.808333 0.873437 0.808333 0.876563 0.811111 0.880469 0.811111 0.884375 0.815278 0.886719 0.816667 0.899219 0.815278 0.900781 0.815278 0.905469 0.816667 0.917188 0.815278 0.925000 0.818056 0.933594 0.819444 0.942969 0.820833 0.946875 0.820833 0.953125 0.819444 0.972656 0.819444 0.974219 0.819444 0.977344 0.822222 0.978125 0.823611 0.978906 0.826389 0.979688 0.829167 0.981250 0.844444 0.982031 0.827778 0.983594 0.834722 0.984375 0.834722 0.985938 0.840278 0.982812 0.843056 0.982031 0.843056 0.982031 0.847222 0.983594 0.850000 0.979688 0.856944 0.960156 0.856944 0.945312 0.852778 0.936719 0.851389 0.928125 0.850000 0.918750 0.850000 0.910937 0.847222 0.900781 0.847222 0.896875 0.844444 0.889062 0.843056 0.875781 0.843056 0.873437 0.840278 0.871094 0.838889 0.864844 0.838889 0.862500 0.840278 0.860156 0.840278 0.857812 0.838889 0.850000 0.838889 0.842969 0.834722 0.833594 0.834722 0.826562 0.831944 0.817187 0.831944 0.799219 0.827778 0.789062 0.827778 0.780469 0.825000 0.778906 0.826389 0.778906 0.820833 0.776563 0.818056 0.778125 0.816667 0.778125 0.805556 0.779687 0.802778 0.792969 0.802778 0.803125 0.804167 0.808594 0.806944 0.813281 0.806944 0.814844 0.804167 0.816406 0.804167 0.817969 0.801389 0.817969 0.798611 0.821875 0.797222 0.822656 0.794444 0.823438 0.790278 0.825000 0.780556 0.825000 0.775000 0.826562 0.775000 0.827344 0.769444 0.829688 0.769444 0.831250 0.766667 0.834375 0.768056
25 0.667969 0.747222 0.668750 0.750000 0.669531 0.752778 0.669531 0.759722 0.671094 0.762500 0.671875 0.765278 0.671875 0.773611 0.673438 0.777778 0.673438 0.781944 0.675781 0.780556 0.675000 0.775000 0.673438 0.766667 0.672656 0.755556 0.673438 0.748611 0.669531 0.750000 0.667969 0.747222
25 0.499219 0.718056 0.497656 0.719444 0.492188 0.723611 0.490625 0.725000 0.490625 0.733333 0.489844 0.734722 0.489063 0.747222 0.489844 0.762500 0.488281 0.773611 0.488281 0.783333 0.489844 0.786111 0.492188 0.788889 0.493750 0.790278 0.493750 0.766667 0.496875 0.759722 0.497656 0.755556 0.498437 0.745833 0.498437 0.731944 0.499219 0.730556 0.499219 0.718056
25 0.417187 0.715278 0.418750 0.718056 0.421094 0.718056 0.421875 0.716667 0.425000 0.716667 0.427344 0.719444 0.434375 0.720833 0.439063 0.720833 0.440625 0.722222 0.443750 0.722222 0.442969 0.725000 0.444531 0.719444 0.440625 0.719444 0.438281 0.718056 0.430469 0.718056 0.428906 0.715278 0.427344 0.713889 0.417187 0.715278
25 0.300000 0.645833 0.300000 0.654167 0.299219 0.655556 0.299219 0.672222 0.301563 0.673611 0.301563 0.679167 0.303125 0.677778 0.304688 0.669444 0.303125 0.665278 0.303125 0.658333 0.300781 0.654167 0.300781 0.650000 0.300000 0.648611 0.300000 0.645833
25 0.295312 0.544444 0.296094 0.561111 0.298438 0.559722 0.297656 0.556944 0.296875 0.555556 0.296875 0.544444 0.295312 0.544444
25 0.471875 0.520833 0.472656 0.523611 0.472656 0.533333 0.472656 0.530556 0.472656 0.526389 0.471875 0.520833
25 0.293750 0.518056 0.293750 0.520833 0.295312 0.523611 0.295312 0.526389 0.296875 0.530556 0.297656 0.527778 0.296094 0.523611 0.293750 0.518056
25 0.288281 0.511111 0.290625 0.515278 0.289844 0.511111 0.288281 0.511111
25 0.294531 0.501389 0.292187 0.502778 0.292187 0.509722 0.294531 0.512500 0.295312 0.509722 0.296094 0.518056 0.296875 0.515278 0.296875 0.512500 0.296094 0.508333 0.294531 0.508333 0.294531 0.501389
25 0.287500 0.494444 0.287500 0.498611 0.289062 0.502778 0.289062 0.506944 0.289844 0.498611 0.289844 0.495833 0.287500 0.494444
25 0.182812 0.475000 0.180469 0.477778 0.182031 0.477778 0.183594 0.475000 0.185156 0.475000 0.182812 0.475000
25 0.166406 0.465278 0.167969 0.466667 0.171094 0.472222 0.173437 0.473611 0.175000 0.476389 0.175000 0.477778 0.177344 0.481944 0.180469 0.481944 0.177344 0.479167 0.173437 0.472222 0.169531 0.468056 0.167969 0.466667 0.166406 0.465278
25 0.316406 0.455556 0.313281 0.458333 0.312500 0.461111 0.312500 0.468056 0.310156 0.472222 0.307812 0.473611 0.308594 0.490278 0.312500 0.495833 0.311719 0.493056 0.310937 0.488889 0.311719 0.487500 0.310156 0.481944 0.310156 0.479167 0.310937 0.476389 0.311719 0.473611 0.314844 0.468056 0.317969 0.469444 0.319531 0.472222 0.319531 0.473611 0.321875 0.477778 0.322656 0.480556 0.322656 0.484722 0.324219 0.487500 0.325000 0.491667 0.325000 0.497222 0.323437 0.501389 0.319531 0.506944 0.318750 0.512500 0.320312 0.513889 0.321875 0.512500 0.323437 0.509722 0.324219 0.506944 0.324219 0.498611 0.325781 0.494444 0.325781 0.491667 0.326562 0.488889 0.325781 0.486111 0.323437 0.479167 0.321094 0.468056 0.321094 0.458333 0.319531 0.455556 0.316406 0.455556
25 0.201563 0.448611 0.200000 0.450000 0.201563 0.451389 0.204687 0.450000 0.203125 0.447222 0.201563 0.448611
25 0.150781 0.447222 0.153125 0.451389 0.157031 0.454167 0.159375 0.458333 0.160938 0.459722 0.162500 0.461111 0.160156 0.456944 0.157812 0.454167 0.155469 0.451389 0.152344 0.448611 0.150781 0.447222
25 0.268750 0.401389 0.270313 0.402778 0.273438 0.406944 0.275781 0.411111 0.276562 0.413889 0.277344 0.422222 0.280469 0.427778 0.279687 0.419444 0.278125 0.416667 0.276562 0.409722 0.274219 0.405556 0.272656 0.404167 0.271094 0.402778 0.268750 0.401389
25 0.264844 0.395833 0.265625 0.398611 0.267188 0.400000 0.264844 0.395833
25 0.192969 0.380556 0.195312 0.383333 0.195312 0.380556 0.192969 0.380556
25 0.400000 0.358333 0.400781 0.361111 0.401562 0.361111 0.403125 0.362500 0.402344 0.359722 0.401562 0.361111 0.400000 0.358333
25 0.189062 0.326389 0.189062 0.331944 0.189844 0.327778 0.192969 0.327778 0.191406 0.325000 0.189062 0.326389
25 0.250000 0.323611 0.250000 0.326389 0.251563 0.325000 0.252344 0.327778 0.253906 0.327778 0.253125 0.325000 0.251563 0.325000 0.250000 0.323611
25 0.351562 0.304167 0.351562 0.308333 0.354687 0.306944 0.356250 0.308333 0.357812 0.309722 0.355469 0.308333 0.353906 0.305556 0.351562 0.304167
25 0.325000 0.270833 0.322656 0.272222 0.322656 0.275000 0.324219 0.275000 0.326562 0.275000 0.325000 0.270833
25 0.246875 0.273611 0.245312 0.275000 0.248438 0.276389 0.250000 0.277778 0.251563 0.275000 0.253125 0.275000 0.257031 0.276389 0.257812 0.273611 0.260156 0.272222 0.264844 0.279167 0.267188 0.280556 0.267969 0.288889 0.269531 0.290278 0.271875 0.290278 0.273438 0.287500 0.274219 0.284722 0.274219 0.280556 0.275781 0.280556 0.276562 0.279167 0.282031 0.277778 0.290625 0.276389 0.292187 0.276389 0.292969 0.277778 0.294531 0.277778 0.296875 0.276389 0.300781 0.272222 0.303906 0.272222 0.307031 0.273611 0.310156 0.275000 0.312500 0.277778 0.317188 0.279167 0.321875 0.279167 0.325781 0.281944 0.328125 0.279167 0.331250 0.277778 0.333594 0.277778 0.335156 0.279167 0.335938 0.290278 0.337500 0.297222 0.339062 0.300000 0.339062 0.302778 0.346094 0.315278 0.349219 0.315278 0.350781 0.315278 0.358594 0.322222 0.360156 0.326389 0.364844 0.330556 0.367969 0.331944 0.374219 0.330556 0.375000 0.334722 0.375781 0.336111 0.377344 0.337500 0.378125 0.336111 0.379688 0.337500 0.381250 0.340278 0.382812 0.340278 0.383594 0.343056 0.383594 0.345833 0.385156 0.347222 0.385156 0.351389 0.387500 0.356944 0.391406 0.363889 0.393750 0.365278 0.396094 0.368056 0.400000 0.369444 0.403906 0.368056 0.405469 0.369444 0.407031 0.373611 0.409375 0.375000 0.411719 0.375000 0.413281 0.376389 0.414844 0.377778 0.419531 0.386111 0.422656 0.393056 0.425781 0.393056 0.423438 0.387500 0.422656 0.384722 0.424219 0.387500 0.425781 0.394444 0.428906 0.400000 0.430469 0.402778 0.435156 0.402778 0.437500 0.405556 0.439063 0.405556 0.438281 0.409722 0.443750 0.413889 0.446875 0.416667 0.452344 0.413889 0.453906 0.419444 0.454688 0.420833 0.457031 0.420833 0.457031 0.426389 0.459375 0.430556 0.463281 0.433333 0.463281 0.437500 0.466406 0.443056 0.464062 0.444444 0.467187 0.447222 0.470313 0.450000 0.472656 0.450000 0.475000 0.452778 0.476562 0.450000 0.478125 0.450000 0.482031 0.451389 0.482031 0.454167 0.486719 0.456944 0.489063 0.461111 0.489844 0.463889 0.490625 0.466667 0.491406 0.473611 0.490625 0.493056 0.492969 0.494444 0.491406 0.494444 0.490625 0.504167 0.490625 0.509722 0.492188 0.511111 0.492188 0.516667 0.490625 0.520833 0.490625 0.523611 0.491406 0.526389 0.494531 0.533333 0.497656 0.537500 0.496094 0.541667 0.496094 0.544444 0.496875 0.548611 0.499219 0.550000 0.500000 0.551389 0.501563 0.552778 0.496094 0.558333 0.492969 0.558333 0.494531 0.554167 0.495312 0.548611 0.495312 0.541667 0.493750 0.538889 0.493750 0.537500 0.492969 0.536111 0.491406 0.534722 0.489844 0.533333 0.484375 0.533333 0.482812 0.534722 0.479687 0.540278 0.478906 0.543056 0.478906 0.558333 0.479687 0.561111 0.480469 0.562500 0.482031 0.563889 0.483594 0.563889 0.481250 0.563889 0.478125 0.563889 0.475000 0.562500 0.473438 0.561111 0.472656 0.558333 0.472656 0.555556 0.474219 0.552778 0.474219 0.536111 0.477344 0.525000 0.477344 0.518056 0.476562 0.515278 0.472656 0.509722 0.473438 0.505556 0.471875 0.501389 0.467969 0.500000 0.462500 0.501389 0.458594 0.498611 0.456250 0.500000 0.453906 0.501389 0.453125 0.511111 0.457813 0.512500 0.458594 0.509722 0.460156 0.511111 0.467969 0.511111 0.469531 0.512500 0.471094 0.518056 0.469531 0.515278 0.465625 0.516667 0.462500 0.513889 0.460156 0.512500 0.458594 0.515278 0.453906 0.516667 0.452344 0.518056 0.451562 0.515278 0.450000 0.516667 0.449219 0.515278 0.448437 0.515278 0.446094 0.519444 0.448437 0.519444 0.449219 0.519444 0.449219 0.515278 0.450000 0.516667 0.450781 0.526389 0.449219 0.530556 0.449219 0.533333 0.450000 0.534722 0.450000 0.537500 0.446875 0.533333 0.446094 0.552778 0.450781 0.552778 0.450781 0.563889 0.453125 0.568056 0.453125 0.570833 0.443750 0.587500 0.442188 0.588889 0.440625 0.587500 0.439063 0.587500 0.437500 0.590278 0.429688 0.597222 0.428125 0.605556 0.428125 0.629167 0.428906 0.631944 0.435156 0.643056 0.436719 0.641667 0.440625 0.644444 0.443750 0.647222 0.445312 0.652778 0.445312 0.655556 0.447656 0.655556 0.447656 0.661111 0.448437 0.666667 0.450000 0.669444 0.450000 0.675000 0.452344 0.679167 0.451562 0.690278 0.450000 0.693056 0.447656 0.694444 0.442188 0.694444 0.442969 0.688889 0.443750 0.686111 0.445312 0.683333 0.444531 0.673611 0.443750 0.672222 0.442969 0.669444 0.440625 0.676389 0.439063 0.683333 0.441406 0.687500 0.442969 0.688889 0.442188 0.694444 0.440625 0.700000 0.437500 0.704167 0.435937 0.705556 0.433594 0.705556 0.432031 0.704167 0.431250 0.702778 0.430469 0.700000 0.430469 0.693056 0.430469 0.677778 0.430469 0.675000 0.431250 0.668056 0.434375 0.669444 0.434375 0.663889 0.432812 0.663889 0.430469 0.659722 0.432031 0.661111 0.434375 0.662500 0.435937 0.662500 0.436719 0.655556 0.435156 0.652778 0.433594 0.652778 0.432812 0.654167 0.431250 0.654167 0.429688 0.652778 0.427344 0.648611 0.425000 0.650000 0.423438 0.648611 0.422656 0.644444 0.421094 0.643056 0.414062 0.641667 0.411719 0.638889 0.410156 0.640278 0.408594 0.643056 0.394531 0.641667 0.375781 0.644444 0.362500 0.644444 0.363281 0.640278 0.360938 0.638889 0.359375 0.641667 0.354687 0.641667 0.356250 0.630556 0.356250 0.627778 0.352344 0.627778 0.353125 0.630556 0.352344 0.627778 0.351562 0.626389 0.350781 0.620833 0.350781 0.612500 0.352344 0.609722 0.358594 0.611111 0.360938 0.609722 0.362500 0.608333 0.364844 0.605556 0.367969 0.600000 0.368750 0.601389 0.370312 0.600000 0.371875 0.595833 0.376563 0.594444 0.378125 0.591667 0.383594 0.587500 0.391406 0.573611 0.392969 0.568056 0.395313 0.569444 0.396875 0.565278 0.395313 0.563889 0.400000 0.563889 0.407031 0.562500 0.409375 0.558333 0.410156 0.550000 0.410156 0.537500 0.405469 0.529167 0.403906 0.527778 0.400781 0.527778 0.378906 0.527778 0.378125 0.529167 0.375781 0.529167 0.377344 0.527778 0.373437 0.525000 0.364063 0.526389 0.367188 0.527778 0.356250 0.527778 0.353906 0.529167 0.352344 0.530556 0.350000 0.534722 0.349219 0.540278 0.349219 0.551389 0.351562 0.556944 0.350781 0.559722 0.351562 0.561111 0.350000 0.563889 0.350000 0.572222 0.348438 0.577778 0.349219 0.593056 0.349219 0.601389 0.350000 0.602778 0.351562 0.604167 0.352344 0.609722 0.350781 0.612500 0.350000 0.609722 0.345313 0.608333 0.344531 0.598611 0.342969 0.597222 0.341406 0.595833 0.339844 0.597222 0.338281 0.597222 0.336719 0.600000 0.336719 0.602778 0.335938 0.605556 0.334375 0.608333 0.329688 0.608333 0.328125 0.611111 0.327344 0.613889 0.327344 0.622222 0.324219 0.633333 0.323437 0.638889 0.324219 0.644444 0.325000 0.641667 0.325000 0.645833 0.324219 0.647222 0.325000 0.651389 0.321094 0.656944 0.320312 0.662500 0.321094 0.665278 0.317969 0.669444 0.315625 0.675000 0.314844 0.680556 0.314844 0.684722 0.315625 0.698611 0.314844 0.701389 0.312500 0.702778 0.312500 0.697222 0.314063 0.688889 0.314063 0.683333 0.311719 0.676389 0.310937 0.665278 0.310937 0.652778 0.309375 0.648611 0.308594 0.638889 0.307812 0.634722 0.305469 0.633333 0.305469 0.627778 0.303906 0.622222 0.306250 0.618056 0.307031 0.615278 0.307031 0.612500 0.306250 0.609722 0.303125 0.605556 0.303906 0.598611 0.302344 0.593056 0.302344 0.588889 0.303125 0.573611 0.300781 0.565278 0.300781 0.561111 0.301563 0.558333 0.305469 0.551389 0.305469 0.538889 0.303906 0.537500 0.303125 0.531944 0.303906 0.529167 0.302344 0.527778 0.302344 0.525000 0.301563 0.523611 0.301563 0.520833 0.303125 0.512500 0.303125 0.504167 0.303125 0.520833 0.304688 0.525000 0.307031 0.529167 0.310937 0.529167 0.314063 0.526389 0.319531 0.526389 0.321094 0.525000 0.321875 0.516667 0.325000 0.516667 0.326562 0.513889 0.327344 0.511111 0.328125 0.498611 0.329688 0.493056 0.329688 0.484722 0.328906 0.475000 0.327344 0.468056 0.325000 0.463889 0.324219 0.461111 0.325781 0.456944 0.324219 0.454167 0.321875 0.451389 0.320312 0.451389 0.314063 0.451389 0.312500 0.448611 0.310937 0.451389 0.307812 0.454167 0.307031 0.455556 0.306250 0.456944 0.304688 0.463889 0.301563 0.469444 0.300781 0.473611 0.300781 0.479167 0.300781 0.480556 0.299219 0.483333 0.299219 0.487500 0.300000 0.488889 0.300000 0.491667 0.298438 0.493056 0.299219 0.495833 0.297656 0.493056 0.296875 0.488889 0.296875 0.483333 0.295312 0.476389 0.293750 0.473611 0.296094 0.470833 0.295312 0.461111 0.293750 0.458333 0.292187 0.462500 0.292187 0.459722 0.291406 0.458333 0.291406 0.447222 0.289844 0.444444 0.287500 0.441667 0.285156 0.443056 0.286719 0.445833 0.287500 0.458333 0.287500 0.465278 0.285938 0.468056 0.285156 0.470833 0.285938 0.466667 0.286719 0.462500 0.286719 0.450000 0.285938 0.444444 0.283594 0.441667 0.282031 0.427778 0.282031 0.415278 0.280469 0.405556 0.279687 0.402778 0.278125 0.400000 0.276562 0.398611 0.275000 0.398611 0.272656 0.395833 0.273438 0.393056 0.271875 0.390278 0.270313 0.388889 0.266406 0.388889 0.262500 0.386111 0.259375 0.386111 0.257812 0.384722 0.257812 0.375000 0.256250 0.368056 0.256250 0.361111 0.258594 0.351389 0.258594 0.338889 0.255469 0.334722 0.254688 0.331944 0.256250 0.330556 0.256250 0.327778 0.257812 0.330556 0.260156 0.329167 0.260937 0.326389 0.261719 0.323611 0.260937 0.320833 0.259375 0.322222 0.260937 0.319444 0.260937 0.316667 0.261719 0.319444 0.262500 0.312500 0.261719 0.305556 0.260156 0.300000 0.259375 0.294444 0.257812 0.297222 0.255469 0.300000 0.251563 0.301389 0.251563 0.298611 0.248438 0.293056 0.242969 0.293056 0.235937 0.294444 0.235156 0.293056 0.232813 0.293056 0.232031 0.288889 0.235156 0.284722 0.235937 0.280556 0.237500 0.279167 0.239063 0.279167 0.241406 0.275000 0.246094 0.273611 0.245312 0.268056 0.246875 0.273611
25 0.300000 0.262500 0.298438 0.265278 0.301563 0.265278 0.303125 0.263889 0.301563 0.262500 0.300000 0.262500
25 0.153125 0.195833 0.155469 0.197222 0.157812 0.201389 0.153906 0.194444 0.153125 0.195833
25 0.038281 0.050000 0.040625 0.054167 0.040625 0.056944 0.042188 0.059722 0.043750 0.059722 0.047656 0.065278 0.050000 0.070833 0.050781 0.073611 0.050781 0.083333 0.051562 0.084722 0.051562 0.093056 0.047656 0.095833 0.046875 0.097222 0.046094 0.100000 0.046094 0.106944 0.047656 0.109722 0.047656 0.111111 0.046094 0.113889 0.044531 0.112500 0.043750 0.111111 0.041406 0.111111 0.040625 0.105556 0.043750 0.097222 0.040625 0.095833 0.038281 0.100000 0.037500 0.102778 0.036719 0.105556 0.037500 0.109722 0.039844 0.113889 0.040625 0.123611 0.042188 0.120833 0.042188 0.116667 0.043750 0.115278 0.046094 0.113889 0.047656 0.111111 0.063281 0.111111 0.065625 0.105556 0.066406 0.101389 0.066406 0.104167 0.064844 0.108333 0.067187 0.109722 0.069531 0.108333 0.069531 0.101389 0.070312 0.097222 0.071875 0.094444 0.075000 0.093056 0.076563 0.090278 0.078125 0.083333 0.079687 0.080556 0.085938 0.080556 0.086719 0.072222 0.088281 0.072222 0.087500 0.077778 0.091406 0.081944 0.092188 0.079167 0.091406 0.075000 0.092969 0.072222 0.094531 0.069444 0.099219 0.075000 0.100781 0.075000 0.103906 0.073611 0.105469 0.073611 0.107813 0.076389 0.110937 0.076389 0.112500 0.081944 0.114062 0.083333 0.117969 0.084722 0.125000 0.084722 0.126562 0.081944 0.126562 0.084722 0.128906 0.086111 0.130469 0.094444 0.132031 0.097222 0.132812 0.100000 0.132812 0.106944 0.131250 0.112500 0.128906 0.118056 0.128906 0.120833 0.127344 0.122222 0.126562 0.123611 0.125781 0.126389 0.125781 0.136111 0.124219 0.140278 0.123438 0.154167 0.125000 0.162500 0.125781 0.166667 0.128906 0.169444 0.130469 0.169444 0.131250 0.175000 0.133594 0.179167 0.134375 0.179167 0.137500 0.183333 0.135937 0.183333 0.135156 0.181944 0.133594 0.181944 0.132031 0.180556 0.128125 0.172222 0.126562 0.173611 0.126562 0.179167 0.128125 0.180556 0.128906 0.183333 0.128906 0.184722 0.130469 0.188889 0.139063 0.188889 0.139063 0.190278 0.139844 0.191667 0.141406 0.193056 0.143750 0.193056 0.146094 0.188889 0.146875 0.193056 0.149219 0.197222 0.150000 0.201389 0.150000 0.205556 0.152344 0.206944 0.153906 0.209722 0.156250 0.218056 0.155469 0.234722 0.155469 0.240278 0.156250 0.243056 0.155469 0.240278 0.154688 0.244444 0.154688 0.255556 0.155469 0.261111 0.156250 0.262500 0.157031 0.265278 0.155469 0.265278 0.155469 0.269444 0.156250 0.273611 0.157031 0.276389 0.160156 0.279167 0.162500 0.279167 0.165625 0.281944 0.166406 0.286111 0.167969 0.288889 0.170313 0.290278 0.175000 0.290278 0.176563 0.291667 0.178125 0.293056 0.180469 0.295833 0.182031 0.298611 0.183594 0.302778 0.184375 0.305556 0.185156 0.311111 0.186719 0.313889 0.186719 0.316667 0.185938 0.329167 0.185156 0.331944 0.183594 0.333333 0.182031 0.333333 0.180469 0.334722 0.178906 0.337500 0.178125 0.340278 0.178125 0.343056 0.175781 0.347222 0.175781 0.361111 0.175781 0.363889 0.177344 0.366667 0.178906 0.363889 0.178125 0.366667 0.179688 0.370833 0.182812 0.373611 0.185156 0.373611 0.186719 0.375000 0.187500 0.376389 0.188281 0.379167 0.188281 0.384722 0.192188 0.387500 0.195312 0.388889 0.201563 0.388889 0.204687 0.390278 0.207031 0.391667 0.209375 0.397222 0.210156 0.398611 0.211719 0.400000 0.210938 0.402778 0.212500 0.408333 0.212500 0.415278 0.211719 0.420833 0.210938 0.426389 0.208594 0.433333 0.208594 0.440278 0.207031 0.441667 0.199219 0.441667 0.195312 0.444444 0.192969 0.448611 0.189062 0.448611 0.186719 0.445833 0.182031 0.445833 0.180469 0.447222 0.177344 0.451389 0.173437 0.451389 0.171875 0.452778 0.169531 0.456944 0.167969 0.454167 0.165625 0.454167 0.162500 0.448611 0.157812 0.448611 0.154688 0.447222 0.149219 0.441667 0.147656 0.440278 0.146875 0.440278 0.145313 0.437500 0.142969 0.438889 0.144531 0.440278 0.146875 0.440278 0.147656 0.440278 0.146094 0.441667 0.147656 0.444444 0.149219 0.445833 0.146875 0.445833 0.143750 0.440278 0.140625 0.437500 0.137500 0.431944 0.134375 0.430556 0.132812 0.429167 0.132031 0.427778 0.132031 0.426389 0.131250 0.425000 0.129688 0.423611 0.128125 0.423611 0.120313 0.415278 0.117969 0.411111 0.114844 0.409722 0.113281 0.408333 0.110937 0.404167 0.109375 0.404167 0.107813 0.402778 0.104688 0.397222 0.103125 0.395833 0.100000 0.394444 0.096875 0.390278 0.095312 0.388889 0.092969 0.388889 0.091406 0.386111 0.091406 0.384722 0.090625 0.383333 0.089063 0.381944 0.087500 0.380556 0.085938 0.380556 0.084375 0.379167 0.078906 0.373611 0.075781 0.368056 0.070312 0.363889 0.067969 0.362500 0.065625 0.361111 0.064844 0.358333 0.063281 0.358333 0.054688 0.348611 0.053125 0.347222 0.051562 0.345833 0.050000 0.345833 0.048438 0.344444 0.045312 0.340278 0.042188 0.338889 0.039062 0.334722 0.037500 0.334722 0.035937 0.333333 0.032031 0.327778 0.025000 0.320833 0.013281 0.309722 0.007031 0.305556 0.003125 0.300000 0.000000 0.298611 0.000000 0.054167 0.006250 0.054167 0.007031 0.055556 0.014844 0.056944 0.020313 0.055556 0.021875 0.055556 0.023438 0.055556 0.028906 0.058333 0.032813 0.056944 0.034375 0.054167 0.034375 0.052778 0.035156 0.051389 0.036719 0.050000 0.038281 0.050000
25 0.029687 0.048611 0.028125 0.050000 0.026562 0.051389 0.028906 0.051389 0.029687 0.048611
25 0.041406 0.047222 0.042969 0.048611 0.043750 0.051389 0.045312 0.050000 0.043750 0.048611 0.042969 0.047222 0.041406 0.047222
27 0.468750 0.184722 0.471094 0.184722 0.471875 0.186111 0.479687 0.186111 0.481250 0.183333 0.468750 0.184722
27 0.465625 0.166667 0.464062 0.168056 0.464062 0.170833 0.489063 0.170833 0.489844 0.169444 0.492188 0.168056 0.484375 0.168056 0.483594 0.166667 0.465625 0.166667
27 0.608594 0.005556 0.607812 0.018056 0.608594 0.023611 0.608594 0.005556
27 0.607031 0.000000 0.607031 0.013889 0.605469 0.018056 0.604688 0.020833 0.605469 0.050000 0.604688 0.045833 0.603906 0.084722 0.604688 0.086111 0.604688 0.109722 0.603906 0.084722 0.603125 0.127778 0.602344 0.136111 0.600781 0.143056 0.600781 0.151389 0.602344 0.151389 0.601562 0.155556 0.600781 0.158333 0.599219 0.161111 0.593750 0.158333 0.586719 0.158333 0.583594 0.161111 0.586719 0.162500 0.583594 0.162500 0.582031 0.165278 0.582031 0.243056 0.581250 0.165278 0.580469 0.168056 0.579688 0.193056 0.580469 0.211111 0.578906 0.245833 0.580469 0.265278 0.581250 0.255556 0.581250 0.294444 0.580469 0.304167 0.578906 0.308333 0.578125 0.315278 0.577344 0.322222 0.577344 0.330556 0.579688 0.340278 0.580469 0.345833 0.580469 0.377778 0.579688 0.380556 0.580469 0.356944 0.579688 0.347222 0.577344 0.356944 0.578125 0.362500 0.576562 0.381944 0.576562 0.386111 0.578125 0.391667 0.576562 0.397222 0.576562 0.406944 0.575781 0.409722 0.573438 0.412500 0.572656 0.415278 0.571875 0.419444 0.571875 0.425000 0.567187 0.425000 0.564844 0.419444 0.559375 0.411111 0.558594 0.404167 0.557031 0.400000 0.555469 0.395833 0.548438 0.383333 0.538281 0.369444 0.536719 0.368056 0.535156 0.366667 0.533594 0.366667 0.530469 0.369444 0.523438 0.381944 0.520312 0.386111 0.517188 0.386111 0.515625 0.384722 0.514062 0.383333 0.511719 0.379167 0.509375 0.376389 0.507812 0.376389 0.500781 0.363889 0.500000 0.354167 0.499219 0.344444 0.499219 0.341667 0.500000 0.338889 0.500000 0.336111 0.500000 0.315278 0.500000 0.305556 0.499219 0.304167 0.499219 0.293056 0.499219 0.255556 0.499219 0.247222 0.499219 0.234722 0.500000 0.234722 0.501563 0.231944 0.500000 0.229167 0.500000 0.234722 0.499219 0.234722 0.500000 0.226389 0.499219 0.223611 0.500781 0.220833 0.500000 0.212500 0.499219 0.219444 0.498437 0.213889 0.500000 0.211111 0.500000 0.204167 0.498437 0.200000 0.500000 0.195833 0.500000 0.188889 0.499219 0.187500 0.499219 0.181944 0.500000 0.180556 0.500000 0.173611 0.498437 0.170833 0.500000 0.166667 0.500000 0.158333 0.499219 0.155556 0.497656 0.152778 0.487500 0.151389 0.485938 0.151389 0.471875 0.151389 0.470313 0.151389 0.467969 0.152778 0.466406 0.155556 0.466406 0.158333 0.466406 0.154167 0.465625 0.152778 0.464844 0.123611 0.464062 0.156944 0.464062 0.118056 0.464844 0.095833 0.466406 0.084722 0.466406 0.045833 0.467187 0.040278 0.468750 0.037500 0.509375 0.045833 0.511719 0.050000 0.513281 0.050000 0.514062 0.043056 0.512500 0.038889 0.510156 0.034722 0.509375 0.045833 0.468750 0.037500 0.467187 0.031944 0.466406 0.020833 0.465625 0.009722 0.465625 0.000000 0.607031 0.000000
2 0.477344 0.702778 0.480469 0.701389 0.482031 0.701389 0.482812 0.702778 0.485156 0.702778 0.486719 0.705556 0.488281 0.711111 0.489844 0.718056 0.489844 0.733333 0.488281 0.745833 0.489063 0.762500 0.487500 0.773611 0.488281 0.781944 0.487500 0.787500 0.486719 0.790278 0.485156 0.794444 0.483594 0.794444 0.482812 0.795833 0.479687 0.795833 0.478906 0.797222 0.476562 0.797222 0.471094 0.794444 0.470313 0.791667 0.469531 0.780556 0.468750 0.775000 0.467969 0.769444 0.467187 0.766667 0.466406 0.765278 0.464062 0.763889 0.461719 0.759722 0.461719 0.756944 0.460938 0.754167 0.459375 0.751389 0.458594 0.759722 0.460156 0.763889 0.460156 0.772222 0.458594 0.777778 0.458594 0.784722 0.456250 0.797222 0.457031 0.808333 0.454688 0.813889 0.453125 0.813889 0.452344 0.815278 0.442188 0.815278 0.441406 0.813889 0.429688 0.812500 0.407031 0.811111 0.379688 0.809722 0.378906 0.806944 0.378906 0.794444 0.379688 0.781944 0.380469 0.777778 0.382031 0.773611 0.382812 0.763889 0.383594 0.759722 0.384375 0.755556 0.385156 0.752778 0.385937 0.750000 0.389062 0.744444 0.390625 0.738889 0.393750 0.733333 0.395313 0.729167 0.395313 0.727778 0.396094 0.726389 0.397656 0.725000 0.399219 0.723611 0.402344 0.722222 0.408594 0.722222 0.410938 0.719444 0.413281 0.718056 0.417187 0.718056 0.417969 0.719444 0.421094 0.719444 0.421875 0.718056 0.425000 0.718056 0.426563 0.720833 0.433594 0.720833 0.439063 0.722222 0.442969 0.726389 0.446875 0.731944 0.450781 0.738889 0.452344 0.737500 0.452344 0.737500 0.451562 0.740278 0.453125 0.743056 0.452344 0.737500 0.452344 0.737500 0.446094 0.726389 0.445312 0.723611 0.445312 0.716667 0.446094 0.711111 0.448437 0.704167 0.449219 0.702778 0.450781 0.701389 0.477344 0.702778
2 0.592969 0.641667 0.584375 0.644444 0.574219 0.645833 0.550781 0.647222 0.546875 0.647222 0.537500 0.645833 0.534375 0.647222 0.533594 0.648611 0.532031 0.648611 0.530469 0.651389 0.527344 0.656944 0.525000 0.662500 0.523438 0.666667 0.522656 0.670833 0.520312 0.675000 0.519531 0.677778 0.518750 0.680556 0.518750 0.683333 0.517969 0.686111 0.516406 0.690278 0.512500 0.697222 0.508594 0.702778 0.507031 0.702778 0.504687 0.705556 0.502344 0.708333 0.500781 0.711111 0.500000 0.715278 0.499219 0.731944 0.499219 0.745833 0.498437 0.755556 0.497656 0.759722 0.494531 0.766667 0.495312 0.809722 0.496875 0.811111 0.510156 0.811111 0.512500 0.812500 0.514062 0.813889 0.530469 0.812500 0.539844 0.809722 0.549219 0.809722 0.553125 0.809722 0.557031 0.812500 0.563281 0.809722 0.564844 0.809722 0.565625 0.811111 0.567969 0.811111 0.570312 0.815278 0.578125 0.815278 0.581250 0.811111 0.583594 0.809722 0.586719 0.815278 0.592969 0.815278 0.595313 0.812500 0.599219 0.811111 0.600781 0.812500 0.602344 0.815278 0.630469 0.815278 0.635156 0.816667 0.635938 0.818056 0.639062 0.818056 0.642188 0.815278 0.649219 0.816667 0.653906 0.815278 0.657813 0.818056 0.668750 0.818056 0.670312 0.815278 0.671094 0.808333 0.671094 0.801389 0.670312 0.800000 0.670312 0.793056 0.671875 0.788889 0.672656 0.784722 0.672656 0.777778 0.671094 0.773611 0.671094 0.765278 0.670312 0.762500 0.668750 0.759722 0.668750 0.752778 0.667969 0.745833 0.669531 0.748611 0.673438 0.750000 0.674219 0.756944 0.674219 0.766667 0.675781 0.775000 0.676562 0.780556 0.675781 0.788889 0.675000 0.793056 0.674219 0.795833 0.675000 0.809722 0.675781 0.813889 0.678125 0.822222 0.679688 0.825000 0.685937 0.829167 0.690625 0.827778 0.695312 0.825000 0.714063 0.826389 0.718750 0.825000 0.721875 0.825000 0.730469 0.827778 0.732812 0.827778 0.741406 0.826389 0.748437 0.829167 0.755469 0.829167 0.758594 0.831944 0.767188 0.833333 0.771094 0.836111 0.772656 0.834722 0.774219 0.831944 0.775000 0.829167 0.775781 0.820833 0.775781 0.791667 0.774219 0.784722 0.773438 0.772222 0.773438 0.759722 0.772656 0.754167 0.771875 0.751389 0.769531 0.745833 0.767188 0.738889 0.761719 0.727778 0.760938 0.723611 0.759375 0.719444 0.756250 0.712500 0.755469 0.711111 0.753906 0.709722 0.752344 0.708333 0.746875 0.705556 0.743750 0.704167 0.739844 0.702778 0.720313 0.701389 0.715625 0.702778 0.707812 0.701389 0.703125 0.701389 0.685156 0.702778 0.682031 0.704167 0.678906 0.708333 0.677344 0.708333 0.675000 0.711111 0.671875 0.718056 0.670312 0.722222 0.670312 0.723611 0.669531 0.725000 0.668750 0.725000 0.667969 0.726389 0.667188 0.729167 0.666406 0.740278 0.664844 0.734722 0.665625 0.725000 0.664844 0.722222 0.662500 0.718056 0.660937 0.713889 0.660937 0.711111 0.658594 0.706944 0.656250 0.698611 0.656250 0.690278 0.655469 0.686111 0.654687 0.681944 0.653906 0.679167 0.652344 0.676389 0.651563 0.670833 0.646875 0.661111 0.645312 0.658333 0.638281 0.647222 0.635938 0.645833 0.619531 0.644444 0.617188 0.644444 0.616406 0.645833 0.613281 0.645833 0.607812 0.644444 0.603906 0.641667 0.592969 0.641667
3 0.376563 0.644444 0.372656 0.647222 0.370312 0.647222 0.369531 0.645833 0.367188 0.645833 0.357031 0.648611 0.356250 0.651389 0.355469 0.659722 0.354687 0.675000 0.354687 0.677778 0.355469 0.684722 0.354687 0.718056 0.356250 0.723611 0.357031 0.729167 0.357031 0.748611 0.356250 0.759722 0.353125 0.765278 0.352344 0.769444 0.352344 0.773611 0.349219 0.779167 0.349219 0.788889 0.350781 0.791667 0.351562 0.797222 0.352344 0.800000 0.356250 0.802778 0.360156 0.802778 0.364844 0.800000 0.368750 0.801389 0.370312 0.800000 0.372656 0.797222 0.375000 0.797222 0.375000 0.794444 0.376563 0.793056 0.376563 0.790278 0.377344 0.788889 0.378125 0.772222 0.380469 0.770833 0.380469 0.768056 0.381250 0.766667 0.382031 0.761111 0.382812 0.754167 0.382812 0.748611 0.381250 0.745833 0.380469 0.743056 0.381250 0.737500 0.382812 0.736111 0.382812 0.733333 0.383594 0.730556 0.384375 0.729167 0.385937 0.727778 0.387500 0.727778 0.389062 0.726389 0.392188 0.727778 0.394531 0.723611 0.399219 0.719444 0.406250 0.719444 0.408594 0.718056 0.411719 0.713889 0.415625 0.711111 0.420312 0.712500 0.422656 0.711111 0.424219 0.709722 0.425000 0.708333 0.425781 0.705556 0.427344 0.695833 0.428125 0.669444 0.427344 0.666667 0.425000 0.662500 0.424219 0.656944 0.423438 0.654167 0.421875 0.650000 0.419531 0.645833 0.415625 0.644444 0.408594 0.645833 0.376563 0.644444
4 0.235937 0.644444 0.238281 0.644444 0.239844 0.641667 0.238281 0.641667 0.237500 0.640278 0.235937 0.644444
4 0.000000 0.300000 0.000000 0.804167 0.008594 0.802778 0.014063 0.802778 0.014844 0.804167 0.021094 0.804167 0.030469 0.802778 0.035937 0.800000 0.043750 0.800000 0.064062 0.802778 0.075781 0.801389 0.085938 0.804167 0.126562 0.802778 0.128125 0.802778 0.128906 0.804167 0.130469 0.804167 0.135937 0.802778 0.153906 0.805556 0.174219 0.806944 0.188281 0.805556 0.191406 0.805556 0.218750 0.808333 0.223438 0.808333 0.232031 0.806944 0.235937 0.809722 0.239063 0.809722 0.248438 0.808333 0.251563 0.804167 0.253125 0.802778 0.255469 0.801389 0.256250 0.786111 0.256250 0.756944 0.257812 0.747222 0.257812 0.738889 0.257031 0.730556 0.256250 0.726389 0.255469 0.723611 0.250781 0.716667 0.249219 0.711111 0.243750 0.701389 0.242188 0.697222 0.242188 0.694444 0.238281 0.687500 0.235937 0.680556 0.232031 0.675000 0.230469 0.672222 0.229687 0.669444 0.229687 0.665278 0.231250 0.662500 0.235937 0.662500 0.235937 0.655556 0.232031 0.655556 0.228125 0.652778 0.226562 0.645833 0.227344 0.641667 0.226562 0.637500 0.225781 0.634722 0.223438 0.630556 0.223438 0.622222 0.225000 0.619444 0.226562 0.618056 0.228906 0.618056 0.231250 0.615278 0.232813 0.615278 0.235937 0.618056 0.237500 0.613889 0.235937 0.612500 0.229687 0.613889 0.224219 0.612500 0.221875 0.608333 0.221875 0.605556 0.224219 0.600000 0.221875 0.598611 0.220312 0.598611 0.218750 0.600000 0.218750 0.606944 0.216406 0.611111 0.214062 0.606944 0.214062 0.601389 0.212500 0.598611 0.210156 0.598611 0.208594 0.597222 0.207813 0.595833 0.204687 0.588889 0.203906 0.586111 0.201563 0.572222 0.201563 0.566667 0.199219 0.556944 0.198437 0.544444 0.197656 0.541667 0.196875 0.538889 0.194531 0.531944 0.191406 0.525000 0.189844 0.518056 0.186719 0.511111 0.183594 0.498611 0.178906 0.486111 0.174219 0.476389 0.173437 0.475000 0.171094 0.473611 0.167969 0.468056 0.164844 0.463889 0.159375 0.459722 0.157031 0.455556 0.153125 0.452778 0.150000 0.447222 0.146875 0.447222 0.143750 0.441667 0.140625 0.438889 0.137500 0.433333 0.134375 0.431944 0.132812 0.430556 0.131250 0.426389 0.129688 0.425000 0.128125 0.425000 0.124219 0.420833 0.120313 0.416667 0.117969 0.412500 0.114844 0.411111 0.113281 0.409722 0.110937 0.405556 0.109375 0.405556 0.107813 0.404167 0.104688 0.398611 0.103125 0.397222 0.100000 0.395833 0.096875 0.391667 0.095312 0.390278 0.092969 0.390278 0.090625 0.384722 0.089063 0.383333 0.087500 0.381944 0.085938 0.381944 0.084375 0.380556 0.078906 0.375000 0.075781 0.369444 0.071875 0.366667 0.065625 0.362500 0.061719 0.356944 0.054688 0.350000 0.053125 0.348611 0.050000 0.347222 0.048438 0.345833 0.046875 0.343056 0.045312 0.341667 0.042188 0.340278 0.039062 0.336111 0.037500 0.336111 0.035937 0.334722 0.034375 0.333333 0.032031 0.329167 0.025000 0.322222 0.010156 0.308333 0.007031 0.306944 0.003125 0.301389 0.001563 0.300000 0.000000 0.300000
19 0.309375 0.805556 0.294531 0.805556 0.298438 0.806944 0.299219 0.805556 0.303125 0.808333 0.304688 0.808333 0.308594 0.806944 0.310156 0.808333 0.310937 0.804167 0.309375 0.805556
19 0.460156 0.754167 0.460938 0.756944 0.460938 0.759722 0.464062 0.765278 0.466406 0.766667 0.467187 0.769444 0.467969 0.775000 0.468750 0.780556 0.469531 0.791667 0.470313 0.794444 0.471875 0.797222 0.476562 0.798611 0.478906 0.798611 0.479687 0.797222 0.482812 0.797222 0.485938 0.794444 0.485938 0.793056 0.487500 0.790278 0.488281 0.787500 0.488281 0.784722 0.489844 0.787500 0.492188 0.790278 0.492969 0.790278 0.493750 0.808333 0.495312 0.811111 0.496875 0.812500 0.510156 0.812500 0.512500 0.813889 0.530469 0.813889 0.539844 0.811111 0.549219 0.811111 0.553125 0.811111 0.556250 0.813889 0.563281 0.811111 0.564844 0.811111 0.565625 0.812500 0.567969 0.812500 0.570312 0.816667 0.578125 0.816667 0.581250 0.812500 0.583594 0.811111 0.586719 0.816667 0.592969 0.816667 0.595313 0.813889 0.598437 0.812500 0.600781 0.813889 0.602344 0.816667 0.630469 0.816667 0.635156 0.818056 0.635938 0.819444 0.639062 0.819444 0.642188 0.816667 0.649219 0.818056 0.653906 0.816667 0.657813 0.819444 0.668750 0.819444 0.671094 0.815278 0.671875 0.808333 0.671875 0.801389 0.671094 0.800000 0.671094 0.793056 0.672656 0.788889 0.672656 0.786111 0.673438 0.783333 0.675000 0.783333 0.675000 0.788889 0.673438 0.794444 0.674219 0.809722 0.675000 0.813889 0.677344 0.822222 0.679688 0.826389 0.682813 0.827778 0.683594 0.829167 0.685156 0.830556 0.690625 0.829167 0.695312 0.826389 0.714063 0.827778 0.718750 0.826389 0.721875 0.826389 0.730469 0.829167 0.732812 0.829167 0.741406 0.827778 0.748437 0.830556 0.755469 0.830556 0.758594 0.833333 0.767188 0.834722 0.771094 0.837500 0.772656 0.836111 0.775000 0.831944 0.775781 0.829167 0.775781 0.822222 0.776563 0.819444 0.778125 0.820833 0.778125 0.826389 0.780469 0.826389 0.789062 0.829167 0.799219 0.829167 0.817187 0.833333 0.826562 0.833333 0.833594 0.836111 0.842969 0.836111 0.850000 0.840278 0.857812 0.840278 0.860156 0.841667 0.862500 0.841667 0.864844 0.840278 0.871094 0.840278 0.873437 0.841667 0.875781 0.844444 0.889062 0.844444 0.896875 0.845833 0.900781 0.848611 0.910937 0.848611 0.918750 0.851389 0.928125 0.851389 0.936719 0.852778 0.945312 0.854167 0.960156 0.858333 0.979688 0.858333 0.984375 0.850000 0.982812 0.847222 0.981250 0.843056 0.981250 0.838889 0.981250 0.843056 0.982812 0.845833 0.985938 0.841667 0.987500 0.841667 0.990625 0.844444 0.999219 0.844444 0.999219 0.894444 0.995313 0.894444 0.927344 0.875000 0.911719 0.870833 0.906250 0.869444 0.866406 0.861111 0.839063 0.855556 0.819531 0.851389 0.812500 0.850000 0.801562 0.848611 0.780469 0.845833 0.737500 0.840278 0.726562 0.838889 0.694531 0.834722 0.683594 0.833333 0.658594 0.831944 0.559375 0.827778 0.534375 0.826389 0.430469 0.818056 0.389062 0.815278 0.343750 0.813889 0.299219 0.813889 0.253906 0.812500 0.121875 0.805556 0.000000 0.805556 0.008594 0.804167 0.014063 0.804167 0.014844 0.805556 0.021094 0.805556 0.030469 0.804167 0.035937 0.801389 0.043750 0.801389 0.064062 0.804167 0.075000 0.802778 0.085938 0.805556 0.126562 0.804167 0.128125 0.804167 0.128906 0.805556 0.130469 0.805556 0.135937 0.804167 0.153906 0.806944 0.174219 0.808333 0.188281 0.806944 0.191406 0.806944 0.218750 0.809722 0.223438 0.809722 0.232031 0.808333 0.235937 0.811111 0.239063 0.811111 0.248438 0.809722 0.250000 0.806944 0.251563 0.805556 0.253906 0.806944 0.256250 0.804167 0.258594 0.804167 0.262500 0.808333 0.269531 0.809722 0.275000 0.809722 0.276562 0.809722 0.282031 0.809722 0.293750 0.808333 0.300781 0.811111 0.308594 0.812500 0.318750 0.812500 0.318750 0.809722 0.319531 0.809722 0.325000 0.812500 0.328906 0.809722 0.334375 0.808333 0.327344 0.806944 0.326562 0.808333 0.319531 0.809722 0.318750 0.809722 0.324219 0.808333 0.325781 0.805556 0.324219 0.804167 0.335156 0.804167 0.344531 0.802778 0.347656 0.801389 0.350781 0.798611 0.353125 0.802778 0.356250 0.804167 0.360156 0.804167 0.364844 0.801389 0.367969 0.802778 0.372656 0.798611 0.375000 0.798611 0.376563 0.794444 0.378125 0.788889 0.378125 0.773611 0.380469 0.772222 0.382031 0.766667 0.382031 0.762500 0.382812 0.761111 0.383594 0.758333 0.382812 0.762500 0.382031 0.763889 0.381250 0.773611 0.379688 0.777778 0.378906 0.781944 0.378125 0.794444 0.378125 0.806944 0.378906 0.809722 0.380469 0.812500 0.407031 0.812500 0.429688 0.813889 0.441406 0.815278 0.442188 0.816667 0.452344 0.816667 0.455469 0.813889 0.457813 0.808333 0.457031 0.797222 0.459375 0.784722 0.459375 0.777778 0.460938 0.772222 0.460938 0.763889 0.459375 0.759722 0.459375 0.752778 0.457813 0.750000 0.460156 0.754167
21 0.861719 0.808333 0.871094 0.809722 0.867188 0.809722 0.866406 0.808333 0.861719 0.808333
21 0.327344 0.808333 0.326562 0.809722 0.320312 0.809722 0.325000 0.811111 0.328906 0.808333 0.333594 0.808333 0.327344 0.808333
21 0.816406 0.727778 0.814844 0.731944 0.815625 0.734722 0.816406 0.731944 0.816406 0.727778
21 0.442188 0.722222 0.442188 0.725000 0.442969 0.722222 0.443750 0.726389 0.446094 0.730556 0.451562 0.737500 0.452344 0.738889 0.452344 0.740278 0.454688 0.744444 0.453125 0.741667 0.453125 0.740278 0.445312 0.726389 0.444531 0.722222 0.442188 0.722222
21 0.442969 0.670833 0.442188 0.673611 0.441406 0.676389 0.439844 0.683333 0.441406 0.686111 0.442969 0.687500 0.444531 0.683333 0.443750 0.673611 0.442969 0.670833
21 0.300000 0.576389 0.301563 0.577778 0.301563 0.594444 0.300000 0.604167 0.303125 0.604167 0.303125 0.598611 0.301563 0.593056 0.301563 0.588889 0.302344 0.573611 0.301563 0.572222 0.301563 0.569444 0.300000 0.576389
21 0.351562 0.559722 0.350781 0.563889 0.350781 0.572222 0.349219 0.577778 0.350000 0.593056 0.349219 0.600000 0.350781 0.602778 0.353125 0.605556 0.353125 0.609722 0.358594 0.609722 0.360938 0.608333 0.362500 0.606944 0.364844 0.604167 0.367969 0.598611 0.368750 0.600000 0.370312 0.598611 0.371094 0.597222 0.371094 0.595833 0.375000 0.594444 0.376563 0.593056 0.378125 0.590278 0.383594 0.586111 0.390625 0.573611 0.392188 0.569444 0.392188 0.568056 0.396094 0.568056 0.396094 0.565278 0.395313 0.562500 0.393750 0.562500 0.392969 0.563889 0.391406 0.563889 0.378906 0.562500 0.368750 0.559722 0.353125 0.558333 0.351562 0.559722
21 0.364844 0.526389 0.367188 0.526389 0.367969 0.527778 0.376563 0.527778 0.374219 0.527778 0.373437 0.526389 0.364844 0.526389
21 0.446875 0.515278 0.446875 0.519444 0.449219 0.516667 0.446875 0.515278
21 0.040625 0.097222 0.039062 0.100000 0.037500 0.106944 0.038281 0.109722 0.040625 0.113889 0.040625 0.122222 0.042188 0.115278 0.045312 0.113889 0.043750 0.112500 0.041406 0.112500 0.039844 0.109722 0.039844 0.105556 0.041406 0.101389 0.042969 0.097222 0.040625 0.097222
21 0.510156 0.036111 0.510156 0.045833 0.511719 0.048611 0.513281 0.048611 0.513281 0.043056 0.511719 0.040278 0.511719 0.038889 0.510156 0.036111
21 0.464844 0.000000 0.464844 0.009722 0.465625 0.020833 0.466406 0.031944 0.467969 0.037500 0.466406 0.040278 0.465625 0.045833 0.465625 0.084722 0.464062 0.095833 0.463281 0.118056 0.464062 0.158333 0.464844 0.125000 0.464844 0.152778 0.466406 0.159722 0.465625 0.165278 0.464062 0.166667 0.463281 0.170833 0.489063 0.172222 0.491406 0.170833 0.492969 0.168056 0.483594 0.165278 0.465625 0.165278 0.466406 0.159722 0.468750 0.181944 0.467969 0.184722 0.467187 0.186111 0.467187 0.180556 0.465625 0.183333 0.467187 0.186111 0.467969 0.184722 0.471875 0.187500 0.479687 0.187500 0.480469 0.184722 0.482031 0.183333 0.468750 0.181944 0.466406 0.159722 0.467187 0.155556 0.470313 0.152778 0.471875 0.152778 0.485938 0.152778 0.487500 0.152778 0.498437 0.155556 0.499219 0.158333 0.499219 0.166667 0.497656 0.169444 0.499219 0.173611 0.499219 0.180556 0.498437 0.181944 0.498437 0.187500 0.499219 0.188889 0.499219 0.195833 0.497656 0.200000 0.499219 0.204167 0.500000 0.200000 0.500781 0.204167 0.499219 0.204167 0.499219 0.211111 0.497656 0.213889 0.499219 0.220833 0.500000 0.213889 0.500000 0.220833 0.498437 0.223611 0.499219 0.226389 0.498437 0.234722 0.498437 0.247222 0.498437 0.255556 0.498437 0.293056 0.498437 0.304167 0.499219 0.305556 0.499219 0.315278 0.499219 0.336111 0.499219 0.338889 0.498437 0.341667 0.498437 0.344444 0.499219 0.354167 0.500000 0.363889 0.507812 0.377778 0.509375 0.377778 0.511719 0.380556 0.514062 0.384722 0.515625 0.386111 0.517188 0.387500 0.520312 0.387500 0.523438 0.383333 0.530469 0.370833 0.532031 0.369444 0.533594 0.368056 0.535156 0.368056 0.538281 0.370833 0.542188 0.376389 0.548438 0.384722 0.554688 0.395833 0.556250 0.400000 0.557813 0.404167 0.558594 0.411111 0.564063 0.419444 0.567187 0.426389 0.571875 0.426389 0.572656 0.419444 0.573438 0.415278 0.574219 0.412500 0.575000 0.411111 0.575781 0.411111 0.576562 0.409722 0.577344 0.406944 0.577344 0.397222 0.578906 0.391667 0.577344 0.386111 0.577344 0.381944 0.578906 0.363889 0.578125 0.356944 0.578906 0.352778 0.579688 0.351389 0.579688 0.348611 0.579688 0.356944 0.578906 0.358333 0.579688 0.381944 0.580469 0.379167 0.581250 0.377778 0.581250 0.345833 0.580469 0.340278 0.578125 0.330556 0.578125 0.322222 0.578906 0.315278 0.579688 0.308333 0.581250 0.304167 0.582031 0.294444 0.581250 0.254167 0.580469 0.263889 0.579688 0.245833 0.581250 0.211111 0.580469 0.193056 0.580469 0.170833 0.581250 0.166667 0.582031 0.244444 0.582812 0.165278 0.587500 0.162500 0.584375 0.161111 0.585938 0.161111 0.586719 0.159722 0.593750 0.159722 0.599219 0.162500 0.600000 0.159722 0.601562 0.158333 0.602344 0.155556 0.602344 0.152778 0.601562 0.143056 0.603125 0.136111 0.603906 0.127778 0.603906 0.086111 0.604688 0.084722 0.604688 0.047222 0.605469 0.051389 0.605469 0.022222 0.604688 0.026389 0.604688 0.023611 0.607812 0.013889 0.607031 0.018056 0.608594 0.025000 0.608594 0.004167 0.607031 0.018056 0.607812 0.013889 0.607812 0.000000 0.999219 0.000000 0.999219 0.795833 0.996875 0.795833 0.987500 0.794444 0.992188 0.800000 0.999219 0.798611 0.999219 0.809722 0.995313 0.809722 0.992969 0.806944 0.986719 0.806944 0.984375 0.808333 0.983594 0.813889 0.984375 0.816667 0.987500 0.822222 0.989062 0.823611 0.992969 0.822222 0.995313 0.819444 0.999219 0.818056 0.999219 0.843056 0.990625 0.843056 0.988281 0.841667 0.986719 0.841667 0.985938 0.836111 0.983594 0.833333 0.983594 0.829167 0.982031 0.826389 0.981250 0.837500 0.980469 0.834722 0.980469 0.829167 0.979688 0.826389 0.978906 0.823611 0.977344 0.820833 0.974219 0.818056 0.972656 0.818056 0.953125 0.818056 0.946875 0.819444 0.942969 0.819444 0.933594 0.818056 0.925000 0.816667 0.917188 0.813889 0.905469 0.815278 0.900781 0.813889 0.899219 0.813889 0.886719 0.815278 0.884375 0.813889 0.880469 0.809722 0.876563 0.809722 0.873437 0.806944 0.868750 0.806944 0.864844 0.805556 0.863281 0.802778 0.861719 0.804167 0.861719 0.781944 0.860938 0.779167 0.862500 0.775000 0.862500 0.741667 0.861719 0.727778 0.860938 0.722222 0.858594 0.718056 0.946094 0.487500 0.933594 0.488889 0.932813 0.481944 0.929688 0.476389 0.927344 0.475000 0.923438 0.472222 0.918750 0.470833 0.910156 0.469444 0.907031 0.469444 0.896094 0.470833 0.893750 0.472222 0.892188 0.473611 0.892969 0.466667 0.890625 0.461111 0.889844 0.459722 0.886719 0.455556 0.884375 0.452778 0.878906 0.452778 0.877344 0.455556 0.876563 0.458333 0.875781 0.463889 0.875781 0.469444 0.876563 0.470833 0.875781 0.479167 0.875781 0.483333 0.876563 0.502778 0.877344 0.506944 0.879687 0.511111 0.886719 0.511111 0.889844 0.508333 0.889062 0.516667 0.889844 0.522222 0.892188 0.526389 0.897656 0.527778 0.909375 0.529167 0.921094 0.529167 0.930469 0.527778 0.933594 0.522222 0.933594 0.488889 0.946094 0.487500 0.949219 0.487500 0.946875 0.484722 0.946094 0.487500 0.858594 0.718056 0.853125 0.716667 0.851562 0.716667 0.843750 0.718056 0.824219 0.718056 0.830469 0.719444 0.831250 0.720833 0.833594 0.720833 0.831250 0.720833 0.830469 0.722222 0.821094 0.720833 0.817969 0.720833 0.816406 0.725000 0.813281 0.725000 0.815625 0.719444 0.811719 0.718056 0.806250 0.719444 0.803125 0.716667 0.796875 0.716667 0.789844 0.718056 0.786719 0.720833 0.781250 0.720833 0.777344 0.716667 0.774219 0.716667 0.775000 0.725000 0.770312 0.725000 0.767969 0.726389 0.765625 0.730556 0.764062 0.730556 0.762500 0.727778 0.760156 0.719444 0.757031 0.712500 0.755469 0.709722 0.752344 0.706944 0.746875 0.704167 0.743750 0.702778 0.739844 0.701389 0.720313 0.700000 0.715625 0.701389 0.709375 0.700000 0.707812 0.700000 0.702344 0.700000 0.685156 0.701389 0.682031 0.702778 0.680469 0.705556 0.677344 0.706944 0.675781 0.708333 0.673438 0.712500 0.671094 0.718056 0.669531 0.723611 0.667188 0.726389 0.666406 0.729167 0.666406 0.738889 0.666406 0.736111 0.665625 0.734722 0.666406 0.726389 0.665625 0.722222 0.663281 0.718056 0.661719 0.713889 0.661719 0.711111 0.659375 0.706944 0.657031 0.698611 0.657031 0.690278 0.656250 0.686111 0.655469 0.681944 0.654687 0.679167 0.653125 0.676389 0.652344 0.670833 0.647656 0.661111 0.645312 0.656944 0.638281 0.645833 0.635938 0.644444 0.619531 0.643056 0.617188 0.643056 0.616406 0.644444 0.613281 0.644444 0.607812 0.643056 0.603906 0.640278 0.592969 0.640278 0.584375 0.643056 0.574219 0.644444 0.550781 0.645833 0.546875 0.645833 0.537500 0.644444 0.534375 0.645833 0.532031 0.647222 0.531250 0.650000 0.526563 0.656944 0.524219 0.662500 0.522656 0.666667 0.521875 0.670833 0.519531 0.675000 0.518750 0.677778 0.517969 0.680556 0.517969 0.683333 0.517188 0.686111 0.515625 0.690278 0.512500 0.695833 0.508594 0.701389 0.507031 0.701389 0.504687 0.704167 0.502344 0.706944 0.500000 0.711111 0.500000 0.713889 0.499219 0.716667 0.498437 0.718056 0.496875 0.719444 0.493750 0.722222 0.492188 0.722222 0.490625 0.723611 0.489063 0.713889 0.489063 0.711111 0.488281 0.708333 0.487500 0.705556 0.485156 0.701389 0.482812 0.701389 0.482031 0.700000 0.480469 0.700000 0.477344 0.701389 0.450781 0.700000 0.449219 0.701389 0.447656 0.704167 0.445312 0.711111 0.445312 0.715278 0.444531 0.718056 0.442188 0.719444 0.440625 0.718056 0.438281 0.716667 0.430469 0.716667 0.428906 0.713889 0.427344 0.712500 0.416406 0.715278 0.417969 0.718056 0.412500 0.716667 0.408594 0.720833 0.402344 0.720833 0.399219 0.722222 0.397656 0.723611 0.396094 0.725000 0.394531 0.729167 0.394531 0.725000 0.396094 0.723611 0.399219 0.720833 0.406250 0.720833 0.408594 0.719444 0.411719 0.715278 0.414062 0.713889 0.415625 0.712500 0.420312 0.713889 0.423438 0.711111 0.424219 0.712500 0.426563 0.705556 0.428125 0.695833 0.428906 0.669444 0.428125 0.666667 0.425781 0.662500 0.425000 0.656944 0.424219 0.654167 0.422656 0.650000 0.419531 0.644444 0.415625 0.643056 0.408594 0.644444 0.410156 0.641667 0.411719 0.640278 0.414062 0.643056 0.421094 0.644444 0.422656 0.645833 0.423438 0.650000 0.425000 0.651389 0.427344 0.650000 0.429688 0.654167 0.431250 0.655556 0.432812 0.655556 0.433594 0.654167 0.435156 0.654167 0.435937 0.661111 0.434375 0.661111 0.432031 0.659722 0.429688 0.659722 0.432812 0.665278 0.434375 0.665278 0.435156 0.668056 0.431250 0.666667 0.429688 0.675000 0.429688 0.677778 0.429688 0.693056 0.429688 0.700000 0.430469 0.702778 0.432031 0.705556 0.433594 0.706944 0.435937 0.706944 0.437500 0.705556 0.439844 0.701389 0.440625 0.701389 0.442188 0.698611 0.442188 0.695833 0.447656 0.695833 0.450000 0.694444 0.452344 0.690278 0.453125 0.679167 0.450781 0.675000 0.450781 0.669444 0.449219 0.666667 0.447656 0.654167 0.446094 0.655556 0.445312 0.650000 0.443750 0.645833 0.440625 0.643056 0.438281 0.644444 0.437500 0.641667 0.435156 0.641667 0.429688 0.631944 0.428906 0.629167 0.428906 0.605556 0.429688 0.604167 0.429688 0.598611 0.435156 0.590278 0.439063 0.588889 0.440625 0.588889 0.443750 0.588889 0.453906 0.570833 0.453906 0.568056 0.451562 0.563889 0.451562 0.552778 0.446875 0.552778 0.446875 0.534722 0.449219 0.536111 0.450000 0.538889 0.450781 0.534722 0.450000 0.533333 0.450000 0.530556 0.451562 0.526389 0.450781 0.516667 0.452344 0.519444 0.453906 0.518056 0.458594 0.516667 0.460156 0.513889 0.461719 0.513889 0.462500 0.516667 0.465625 0.518056 0.470313 0.518056 0.471094 0.513889 0.469531 0.511111 0.467969 0.509722 0.461719 0.508333 0.458594 0.508333 0.457813 0.511111 0.453906 0.511111 0.453906 0.502778 0.455469 0.502778 0.458594 0.500000 0.462500 0.502778 0.467969 0.501389 0.471875 0.502778 0.472656 0.511111 0.475781 0.515278 0.476562 0.518056 0.476562 0.525000 0.473438 0.536111 0.472656 0.534722 0.473438 0.530556 0.473438 0.526389 0.472656 0.522222 0.472656 0.534722 0.473438 0.536111 0.473438 0.552778 0.471875 0.555556 0.471875 0.558333 0.472656 0.561111 0.473438 0.562500 0.475000 0.563889 0.478125 0.565278 0.482031 0.566667 0.485938 0.565278 0.489063 0.563889 0.492188 0.559722 0.496094 0.559722 0.500781 0.555556 0.502344 0.552778 0.500781 0.550000 0.497656 0.548611 0.497656 0.545833 0.496875 0.544444 0.496875 0.541667 0.498437 0.537500 0.496875 0.536111 0.495312 0.533333 0.492188 0.526389 0.491406 0.523611 0.492969 0.522222 0.491406 0.520833 0.492969 0.518056 0.491406 0.512500 0.492969 0.511111 0.492188 0.505556 0.491406 0.504167 0.492188 0.502778 0.491406 0.495833 0.493750 0.494444 0.491406 0.493056 0.492188 0.475000 0.491406 0.466667 0.490625 0.463889 0.489844 0.461111 0.486719 0.455556 0.484375 0.454167 0.482812 0.454167 0.482812 0.451389 0.478125 0.448611 0.476562 0.448611 0.475781 0.451389 0.472656 0.448611 0.470313 0.448611 0.466406 0.444444 0.464844 0.444444 0.467187 0.443056 0.465625 0.441667 0.464062 0.437500 0.463281 0.431944 0.462500 0.430556 0.459375 0.429167 0.457813 0.426389 0.457031 0.422222 0.456250 0.420833 0.453906 0.418056 0.452344 0.412500 0.446875 0.415278 0.443750 0.412500 0.438281 0.412500 0.439063 0.409722 0.439844 0.405556 0.435156 0.401389 0.429688 0.400000 0.429688 0.398611 0.427344 0.398611 0.426563 0.394444 0.425781 0.391667 0.425000 0.393056 0.425000 0.387500 0.423438 0.384722 0.422656 0.387500 0.423438 0.390278 0.425000 0.393056 0.425781 0.391667 0.423438 0.393056 0.418750 0.383333 0.414844 0.376389 0.413281 0.375000 0.411719 0.373611 0.409375 0.373611 0.407031 0.372222 0.406250 0.369444 0.405469 0.368056 0.403906 0.366667 0.402344 0.363889 0.402344 0.358333 0.401562 0.359722 0.400000 0.356944 0.399219 0.359722 0.400781 0.362500 0.402344 0.363889 0.403906 0.366667 0.400000 0.368056 0.396094 0.366667 0.393750 0.363889 0.391406 0.362500 0.388281 0.356944 0.392188 0.352778 0.393750 0.351389 0.392188 0.348611 0.390625 0.350000 0.392188 0.352778 0.388281 0.356944 0.385937 0.351389 0.385156 0.345833 0.384375 0.343056 0.383594 0.340278 0.381250 0.338889 0.379688 0.336111 0.378125 0.334722 0.377344 0.336111 0.375781 0.334722 0.374219 0.329167 0.367969 0.330556 0.364844 0.329167 0.361719 0.326389 0.360156 0.325000 0.359375 0.323611 0.358594 0.320833 0.350781 0.313889 0.350781 0.308333 0.353125 0.308333 0.355469 0.306944 0.353906 0.304167 0.352344 0.302778 0.350781 0.308333 0.350781 0.313889 0.349219 0.313889 0.339844 0.302778 0.339844 0.300000 0.338281 0.297222 0.336719 0.290278 0.336719 0.280556 0.335156 0.277778 0.333594 0.276389 0.331250 0.276389 0.328125 0.277778 0.325781 0.280556 0.321875 0.277778 0.322656 0.276389 0.323437 0.275000 0.327344 0.275000 0.326562 0.272222 0.325000 0.269444 0.322656 0.270833 0.322656 0.276389 0.321875 0.277778 0.317188 0.277778 0.312500 0.276389 0.310156 0.273611 0.307031 0.272222 0.303906 0.270833 0.300781 0.270833 0.301563 0.266667 0.302344 0.265278 0.303906 0.263889 0.305469 0.262500 0.307812 0.262500 0.306250 0.259722 0.305469 0.262500 0.303906 0.263889 0.302344 0.262500 0.301563 0.261111 0.300000 0.261111 0.297656 0.265278 0.301563 0.266667 0.300781 0.270833 0.296875 0.275000 0.294531 0.276389 0.292969 0.276389 0.292187 0.275000 0.290625 0.275000 0.282031 0.276389 0.276562 0.277778 0.274219 0.279167 0.273438 0.284722 0.272656 0.287500 0.269531 0.288889 0.267969 0.287500 0.267188 0.279167 0.264844 0.277778 0.261719 0.273611 0.260937 0.272222 0.258594 0.270833 0.257031 0.275000 0.253125 0.273611 0.251563 0.273611 0.250000 0.276389 0.248438 0.275000 0.246094 0.276389 0.246094 0.275000 0.247656 0.273611 0.246875 0.269444 0.245312 0.266667 0.244531 0.272222 0.246094 0.275000 0.246094 0.276389 0.245312 0.273611 0.240625 0.275000 0.239844 0.276389 0.239063 0.277778 0.237500 0.277778 0.235937 0.279167 0.234375 0.281944 0.234375 0.284722 0.232813 0.287500 0.232031 0.287500 0.232031 0.291667 0.232031 0.293056 0.235937 0.295833 0.242969 0.294444 0.248438 0.294444 0.250781 0.298611 0.250781 0.301389 0.255469 0.301389 0.257031 0.300000 0.259375 0.295833 0.259375 0.300000 0.260937 0.305556 0.260937 0.311111 0.261719 0.312500 0.261719 0.318056 0.260937 0.315278 0.260156 0.319444 0.258594 0.322222 0.260937 0.322222 0.260156 0.325000 0.259375 0.329167 0.257812 0.329167 0.256250 0.326389 0.255469 0.330556 0.253906 0.331944 0.253906 0.329167 0.253125 0.323611 0.251563 0.323611 0.250000 0.327778 0.251563 0.326389 0.252344 0.329167 0.253906 0.329167 0.253906 0.331944 0.255469 0.336111 0.256250 0.336111 0.257812 0.338889 0.257812 0.351389 0.255469 0.361111 0.255469 0.368056 0.257031 0.375000 0.257812 0.386111 0.259375 0.387500 0.266406 0.390278 0.270313 0.390278 0.271094 0.391667 0.272656 0.393056 0.272656 0.397222 0.273438 0.397222 0.275000 0.400000 0.276562 0.400000 0.278125 0.401389 0.278906 0.402778 0.279687 0.405556 0.281250 0.415278 0.281250 0.427778 0.281250 0.427778 0.279687 0.423611 0.278906 0.416667 0.277344 0.409722 0.274219 0.404167 0.272656 0.402778 0.271094 0.401389 0.268750 0.402778 0.267188 0.401389 0.265625 0.394444 0.264062 0.395833 0.264844 0.398611 0.265625 0.400000 0.267188 0.401389 0.268750 0.402778 0.273438 0.408333 0.275000 0.411111 0.275781 0.413889 0.276562 0.422222 0.278906 0.427778 0.281250 0.427778 0.281250 0.427778 0.282031 0.440278 0.283594 0.443056 0.285156 0.444444 0.285938 0.443056 0.285156 0.448611 0.286719 0.459722 0.285156 0.466667 0.285938 0.470833 0.288281 0.465278 0.288281 0.458333 0.287500 0.445833 0.285938 0.443056 0.285156 0.444444 0.287500 0.443056 0.289062 0.445833 0.289844 0.445833 0.290625 0.458333 0.292187 0.463889 0.292969 0.459722 0.295312 0.470833 0.292969 0.473611 0.294531 0.476389 0.296094 0.483333 0.296094 0.488889 0.296875 0.493056 0.299219 0.497222 0.299219 0.493056 0.300781 0.491667 0.300781 0.488889 0.300000 0.487500 0.300000 0.483333 0.301563 0.480556 0.301563 0.479167 0.301563 0.473611 0.302344 0.469444 0.305469 0.465278 0.306250 0.458333 0.307812 0.455556 0.310937 0.452778 0.312500 0.450000 0.314063 0.454167 0.314063 0.455556 0.312500 0.458333 0.311719 0.461111 0.311719 0.468056 0.310156 0.470833 0.308594 0.470833 0.307031 0.473611 0.307031 0.488889 0.308594 0.491667 0.312500 0.497222 0.312500 0.493056 0.311719 0.488889 0.312500 0.487500 0.310937 0.481944 0.310937 0.479167 0.312500 0.473611 0.314844 0.469444 0.318750 0.472222 0.321094 0.477778 0.321875 0.480556 0.321875 0.484722 0.323437 0.487500 0.324219 0.491667 0.325000 0.498611 0.325781 0.495833 0.326562 0.494444 0.326562 0.491667 0.324219 0.479167 0.321875 0.468056 0.321875 0.458333 0.319531 0.454167 0.316406 0.454167 0.314063 0.455556 0.314063 0.454167 0.320312 0.452778 0.321875 0.452778 0.325000 0.456944 0.323437 0.459722 0.324219 0.463889 0.326562 0.468056 0.328125 0.475000 0.328906 0.484722 0.328906 0.493056 0.327344 0.498611 0.326562 0.511111 0.325781 0.513889 0.321875 0.515278 0.321875 0.513889 0.324219 0.509722 0.325000 0.506944 0.324219 0.497222 0.322656 0.500000 0.322656 0.501389 0.320312 0.505556 0.319531 0.505556 0.316406 0.501389 0.318750 0.498611 0.317188 0.495833 0.314844 0.498611 0.316406 0.501389 0.319531 0.505556 0.317969 0.508333 0.318750 0.513889 0.320312 0.515278 0.321875 0.513889 0.321875 0.515278 0.321094 0.523611 0.319531 0.525000 0.314063 0.525000 0.310937 0.527778 0.307031 0.527778 0.305469 0.525000 0.303906 0.520833 0.303125 0.502778 0.302344 0.512500 0.300781 0.520833 0.300781 0.523611 0.301563 0.527778 0.303125 0.529167 0.302344 0.531944 0.303125 0.537500 0.304688 0.538889 0.304688 0.547222 0.303125 0.545833 0.301563 0.540278 0.300000 0.543056 0.300000 0.548611 0.297656 0.551389 0.297656 0.544444 0.295312 0.543056 0.295312 0.541667 0.296875 0.540278 0.296094 0.537500 0.297656 0.541667 0.299219 0.538889 0.296875 0.533333 0.296875 0.531944 0.298438 0.529167 0.296875 0.523611 0.293750 0.516667 0.289844 0.515278 0.290625 0.511111 0.289062 0.508333 0.290625 0.498611 0.290625 0.495833 0.287500 0.493056 0.286719 0.498611 0.288281 0.502778 0.289062 0.508333 0.290625 0.511111 0.292187 0.511111 0.294531 0.513889 0.295312 0.511111 0.296094 0.519444 0.296875 0.516667 0.297656 0.515278 0.297656 0.512500 0.296875 0.511111 0.296875 0.508333 0.295312 0.508333 0.294531 0.500000 0.292187 0.501389 0.292187 0.511111 0.290625 0.511111 0.287500 0.511111 0.289844 0.515278 0.293750 0.516667 0.292969 0.520833 0.294531 0.523611 0.294531 0.526389 0.296875 0.531944 0.296875 0.533333 0.293750 0.537500 0.295312 0.541667 0.295312 0.543056 0.295312 0.559722 0.295312 0.562500 0.293750 0.573611 0.293750 0.576389 0.293750 0.587500 0.294531 0.602778 0.292969 0.602778 0.292187 0.601389 0.290625 0.601389 0.282813 0.602778 0.281250 0.604167 0.279687 0.606944 0.278906 0.609722 0.279687 0.622222 0.281250 0.623611 0.285156 0.623611 0.285938 0.625000 0.289844 0.623611 0.289062 0.626389 0.289062 0.634722 0.287500 0.643056 0.287500 0.690278 0.285938 0.706944 0.285938 0.731944 0.285156 0.748611 0.284375 0.761111 0.282031 0.772222 0.281250 0.784722 0.282031 0.804167 0.283594 0.805556 0.285938 0.806944 0.291406 0.806944 0.292969 0.804167 0.293750 0.801389 0.293750 0.777778 0.292969 0.772222 0.291406 0.770833 0.291406 0.762500 0.292187 0.752778 0.293750 0.745833 0.294531 0.731944 0.293750 0.725000 0.294531 0.708333 0.296094 0.704167 0.296094 0.697222 0.297656 0.688889 0.298438 0.684722 0.300000 0.681944 0.302344 0.679167 0.303125 0.679167 0.303906 0.675000 0.305469 0.670833 0.303906 0.665278 0.303906 0.658333 0.302344 0.656944 0.301563 0.654167 0.301563 0.650000 0.300000 0.644444 0.300781 0.638889 0.300000 0.636111 0.300000 0.625000 0.303906 0.625000 0.304688 0.627778 0.303906 0.631944 0.305469 0.634722 0.307031 0.634722 0.307031 0.637500 0.307812 0.638889 0.308594 0.648611 0.310156 0.652778 0.310156 0.665278 0.310937 0.676389 0.313281 0.683333 0.313281 0.688889 0.311719 0.697222 0.311719 0.702778 0.314063 0.704167 0.315625 0.701389 0.316406 0.698611 0.315625 0.684722 0.315625 0.680556 0.316406 0.675000 0.318750 0.670833 0.318750 0.669444 0.321094 0.666667 0.321094 0.662500 0.321875 0.656944 0.325781 0.651389 0.325000 0.647222 0.325781 0.645833 0.325000 0.640278 0.324219 0.643056 0.324219 0.638889 0.325000 0.637500 0.325000 0.633333 0.328125 0.622222 0.328125 0.613889 0.328906 0.611111 0.334375 0.609722 0.336719 0.605556 0.337500 0.600000 0.339844 0.598611 0.342969 0.598611 0.344531 0.600000 0.344531 0.608333 0.349219 0.609722 0.350000 0.612500 0.350000 0.620833 0.351562 0.627778 0.352344 0.626389 0.355469 0.627778 0.355469 0.630556 0.353906 0.640278 0.359375 0.643056 0.360938 0.640278 0.362500 0.640278 0.361719 0.644444 0.366406 0.645833 0.357812 0.645833 0.355469 0.647222 0.353906 0.675000 0.353906 0.677778 0.354687 0.684722 0.353906 0.718056 0.355469 0.723611 0.356250 0.729167 0.356250 0.748611 0.355469 0.759722 0.352344 0.765278 0.351562 0.769444 0.351562 0.773611 0.348438 0.779167 0.348438 0.788889 0.350000 0.791667 0.350000 0.794444 0.350781 0.797222 0.351562 0.800000 0.347656 0.800000 0.344531 0.801389 0.335156 0.802778 0.314844 0.804167 0.310937 0.802778 0.293750 0.805556 0.298438 0.808333 0.303125 0.809722 0.304688 0.809722 0.308594 0.808333 0.317188 0.809722 0.318750 0.811111 0.308594 0.811111 0.300781 0.809722 0.293750 0.806944 0.282031 0.808333 0.276562 0.808333 0.275000 0.808333 0.269531 0.808333 0.262500 0.806944 0.258594 0.802778 0.256250 0.802778 0.254688 0.805556 0.253125 0.804167 0.254688 0.804167 0.256250 0.801389 0.257031 0.786111 0.257031 0.756944 0.258594 0.747222 0.258594 0.738889 0.257812 0.730556 0.257031 0.726389 0.256250 0.723611 0.255469 0.722222 0.251563 0.716667 0.250000 0.711111 0.244531 0.701389 0.242969 0.697222 0.242969 0.694444 0.239063 0.687500 0.236719 0.680556 0.232031 0.673611 0.231250 0.672222 0.230469 0.669444 0.230469 0.665278 0.235937 0.663889 0.236719 0.655556 0.235937 0.645833 0.238281 0.645833 0.239844 0.644444 0.237500 0.638889 0.235937 0.638889 0.234375 0.641667 0.235937 0.645833 0.236719 0.655556 0.232031 0.654167 0.228125 0.651389 0.226562 0.648611 0.227344 0.645833 0.228125 0.641667 0.227344 0.637500 0.226562 0.634722 0.224219 0.630556 0.225000 0.620833 0.226562 0.619444 0.228906 0.619444 0.231250 0.616667 0.232813 0.616667 0.235156 0.619444 0.238281 0.615278 0.237500 0.612500 0.235937 0.611111 0.229687 0.612500 0.224219 0.611111 0.222656 0.608333 0.222656 0.605556 0.225000 0.600000 0.222656 0.598611 0.221875 0.597222 0.220312 0.597222 0.218750 0.598611 0.217969 0.606944 0.216406 0.609722 0.214844 0.606944 0.214844 0.601389 0.212500 0.597222 0.210156 0.597222 0.208594 0.595833 0.205469 0.588889 0.204687 0.586111 0.203906 0.580556 0.202344 0.572222 0.202344 0.566667 0.200000 0.556944 0.199219 0.544444 0.198437 0.541667 0.197656 0.538889 0.195312 0.531944 0.192188 0.525000 0.190625 0.518056 0.187500 0.511111 0.184375 0.498611 0.180469 0.490278 0.178125 0.483333 0.181250 0.481944 0.182031 0.479167 0.183594 0.476389 0.185938 0.475000 0.182812 0.473611 0.179688 0.477778 0.182031 0.479167 0.181250 0.481944 0.177344 0.477778 0.173437 0.470833 0.169531 0.466667 0.165625 0.463889 0.163281 0.461111 0.160156 0.455556 0.157812 0.452778 0.155469 0.450000 0.150000 0.445833 0.146094 0.440278 0.143750 0.438889 0.145313 0.438889 0.146875 0.441667 0.151562 0.445833 0.154688 0.448611 0.157812 0.450000 0.162500 0.450000 0.165625 0.455556 0.167969 0.455556 0.169531 0.458333 0.171875 0.454167 0.173437 0.452778 0.177344 0.452778 0.180469 0.448611 0.182031 0.447222 0.186719 0.447222 0.189062 0.450000 0.193750 0.448611 0.194531 0.447222 0.195312 0.445833 0.196875 0.445833 0.199219 0.443056 0.200781 0.447222 0.199219 0.450000 0.200781 0.451389 0.201563 0.452778 0.203906 0.452778 0.205469 0.450000 0.203125 0.445833 0.200781 0.447222 0.199219 0.443056 0.207031 0.443056 0.208594 0.441667 0.209375 0.433333 0.211719 0.426389 0.212500 0.420833 0.213281 0.415278 0.213281 0.408333 0.211719 0.402778 0.210156 0.397222 0.207031 0.390278 0.204687 0.388889 0.201563 0.387500 0.195312 0.387500 0.194531 0.384722 0.196094 0.380556 0.192969 0.381944 0.194531 0.384722 0.195312 0.387500 0.191406 0.384722 0.189062 0.384722 0.189062 0.379167 0.188281 0.376389 0.186719 0.373611 0.185156 0.372222 0.182812 0.372222 0.182031 0.370833 0.180469 0.370833 0.180469 0.365278 0.178906 0.362500 0.177344 0.365278 0.176563 0.347222 0.178906 0.343056 0.178906 0.340278 0.179688 0.337500 0.180469 0.336111 0.182031 0.334722 0.183594 0.334722 0.185156 0.333333 0.185938 0.331944 0.186719 0.329167 0.188281 0.326389 0.189062 0.333333 0.189844 0.329167 0.193750 0.327778 0.191406 0.323611 0.189844 0.323611 0.188281 0.326389 0.186719 0.329167 0.187500 0.316667 0.187500 0.313889 0.185938 0.311111 0.185156 0.305556 0.184375 0.302778 0.182812 0.298611 0.180469 0.294444 0.178125 0.291667 0.176563 0.290278 0.175000 0.288889 0.170313 0.288889 0.167187 0.286111 0.166406 0.281944 0.164844 0.279167 0.162500 0.277778 0.160156 0.277778 0.159375 0.276389 0.157812 0.276389 0.157031 0.273611 0.156250 0.269444 0.155469 0.263889 0.157031 0.263889 0.156250 0.261111 0.155469 0.255556 0.156250 0.247222 0.155469 0.244444 0.155469 0.241667 0.157031 0.233333 0.157031 0.218056 0.154688 0.209722 0.152344 0.205556 0.150000 0.204167 0.150781 0.201389 0.150000 0.197222 0.153125 0.197222 0.153906 0.197222 0.156250 0.197222 0.153906 0.193056 0.153125 0.197222 0.150000 0.197222 0.147656 0.193056 0.146094 0.187500 0.144531 0.190278 0.143750 0.191667 0.141406 0.191667 0.139844 0.190278 0.138281 0.186111 0.130469 0.187500 0.128906 0.180556 0.126562 0.177778 0.126562 0.175000 0.128125 0.173611 0.132031 0.181944 0.133594 0.183333 0.135937 0.184722 0.138281 0.183333 0.133594 0.177778 0.132031 0.175000 0.131250 0.169444 0.128125 0.166667 0.126562 0.166667 0.126562 0.163889 0.124219 0.155556 0.125000 0.140278 0.126562 0.136111 0.127344 0.127778 0.126562 0.126389 0.127344 0.123611 0.129688 0.120833 0.129688 0.118056 0.132031 0.112500 0.133594 0.106944 0.133594 0.100000 0.132812 0.097222 0.131250 0.094444 0.130469 0.088889 0.129688 0.086111 0.127344 0.084722 0.126562 0.080556 0.125000 0.083333 0.117969 0.083333 0.114062 0.081944 0.112500 0.080556 0.112500 0.077778 0.110937 0.075000 0.107813 0.075000 0.105469 0.072222 0.103906 0.072222 0.100781 0.073611 0.099219 0.073611 0.095312 0.068056 0.092188 0.073611 0.090625 0.075000 0.092188 0.076389 0.091406 0.080556 0.088281 0.079167 0.089063 0.072222 0.086719 0.070833 0.085938 0.079167 0.079687 0.079167 0.077344 0.083333 0.076563 0.087500 0.075781 0.090278 0.075000 0.091667 0.073438 0.093056 0.071875 0.093056 0.069531 0.097222 0.068750 0.100000 0.069531 0.106944 0.067969 0.106944 0.067187 0.108333 0.064844 0.109722 0.066406 0.106944 0.067187 0.104167 0.066406 0.100000 0.064844 0.102778 0.064844 0.105556 0.062500 0.111111 0.048438 0.111111 0.046875 0.106944 0.046875 0.100000 0.047656 0.097222 0.051562 0.094444 0.052344 0.084722 0.051562 0.083333 0.051562 0.073611 0.050781 0.070833 0.051562 0.066667 0.052344 0.062500 0.050781 0.059722 0.050781 0.063889 0.051562 0.066667 0.050781 0.070833 0.048438 0.065278 0.047656 0.063889 0.043750 0.058333 0.042188 0.058333 0.041406 0.054167 0.043750 0.052778 0.046094 0.050000 0.044531 0.047222 0.042969 0.045833 0.040625 0.047222 0.042969 0.050000 0.043750 0.052778 0.041406 0.054167 0.038281 0.048611 0.036719 0.048611 0.035156 0.050000 0.033594 0.052778 0.033594 0.054167 0.028906 0.056944 0.028906 0.052778 0.027344 0.050000 0.025781 0.051389 0.028906 0.052778 0.028906 0.056944 0.023438 0.054167 0.021875 0.054167 0.020313 0.054167 0.014844 0.055556 0.007031 0.054167 0.006250 0.052778 0.000000 0.052778 0.000781 0.040278 0.000000 0.000000 0.464844 0.000000
